0.24331, 0.243374855643482, 0.243569509612491, 0.243894048945592, 0.244348560681349, 0.244933131858324, 0.245647849515083, 0.246492800690189, 0.247468072422205, 0.248573751749696, 0.249809925711226, 0.251176681345358, 0.252674105690656, 0.254302285785684, 0.256061308669007, 0.257951261379187, 0.259972230954789, 0.262124304434377, 0.264407568856514, 0.266822111259764, 0.269368018682692, 0.27204537816386, 0.274854276741834, 0.277794801455176, 0.280867039342451, 0.284071077442222, 0.287407002793054, 0.29087490243351, 0.294474863402154, 0.29820697273755, 0.302071317478261, 0.306067984662853, 0.310197061329888, 0.31445863451793, 0.318852791265544, 0.323379618611293, 0.328039203593741, 0.332831633251451, 0.337756994622989, 0.342815374746917, 0.348006860661799, 0.3533315394062, 0.358789498018683, 0.364380823537811, 0.37010560300215, 0.375963923450263, 0.381955871920713, 0.388081535452065, 0.394341001082882, 0.400734355851728, 0.24331, 0.243291407744131, 0.243232768846869, 0.243131723080186, 0.242986311860778, 0.242794963310844, 0.242556477618791, 0.242270012699815, 0.241935070156351, 0.241551481538351, 0.241119394903375, 0.2406392616765, 0.240111823810027, 0.239538101242997, 0.238919379660533, 0.238257198553018, 0.237553339575156, 0.23680981520492, 0.23602885770246, 0.235212908368999, 0.234364607105772, 0.233486782273075, 0.232582440849468, 0.231654758891209, 0.230707072291974, 0.229742867842929, 0.228765774593223, 0.227779555510955, 0.226788099444682, 0.22579541338552, 0.224805615029898, 0.223822925643001, 0.222851663222958, 0.221896235965812, 0.220961136031299, 0.220050933609468, 0.219170271288177, 0.218323858721457, 0.21751646759879, 0.216752926915283, 0.216038118542764, 0.215376973101783, 0.214774466134532, 0.214235614578671, 0.213765473542046, 0.213369133378313, 0.213051717063421, 0.212818377872975, 0.212674297360443, 0.212624683636206, 0.24331, 0.243291412047493, 0.243232785341259, 0.243131758915494, 0.24298637343401, 0.242795056252869, 0.242556606782873, 0.242270182151872, 0.241935283166876, 0.241551740575925, 0.241119701629717, 0.240639616942983, 0.240112227655593, 0.239538552893419, 0.238919877528945, 0.23825774024166, 0.23755392187826, 0.236810434112682, 0.236029508406029, 0.235213585266414, 0.234365303808794, 0.233487491614837, 0.23258315489289, 0.231655468938103, 0.230707768892781, 0.229743540807025, 0.228766412999723, 0.227780147719957, 0.22678863310888, 0.225795875462129, 0.224805991792819, 0.223823202695168, 0.2228518255088, 0.221896267783762, 0.220961021046289, 0.220050654865353, 0.219169811219999, 0.21832319916752, 0.217515589812449, 0.216751811576405, 0.21603674576878, 0.21537532245828, 0.214772516645314, 0.214233344735221, 0.213762861312337, 0.213366156214884, 0.213048351910677, 0.212814601173626, 0.212670085061031, 0.212620011191646, 0.24331, 0.24329141204753, 0.243232785341458, 0.243131758916032, 0.242986373435114, 0.242795056254816, 0.242556606785988, 0.24227018215653, 0.241935283173497, 0.241551740584976, 0.241119701641709, 0.240639616958468, 0.240112227675167, 0.239538552917715, 0.238919877558633, 0.238257740277446, 0.237553921920883, 0.236810434162913, 0.236029508464664, 0.235213585334278, 0.234365303886734, 0.233487491703721, 0.232583154993603, 0.231655469051547, 0.23070776901987, 0.229743540948682, 0.228766413156879, 0.227780147893546, 0.226788633299836, 0.225795875671386, 0.224805992021303, 0.2238232029438, 0.222851825778487, 0.221896268075397, 0.220961021360749, 0.220050655203492, 0.21916981158265, 0.218323199555488, 0.21751559022651, 0.216751812017301, 0.216036746237218, 0.21537532295493, 0.214772517170804, 0.214233345290133, 0.213762861897209, 0.213366156830203, 0.213048352556878, 0.212814601851089, 0.212670085770079, 0.212620011932544, 0.24331, 0.24329141204753, 0.243232785341458, 0.243131758916031, 0.242986373435112, 0.242795056254814, 0.242556606785985, 0.242270182156526, 0.241935283173492, 0.24155174058497, 0.241119701641702, 0.24063961695846, 0.240112227675158, 0.239538552917705, 0.238919877558621, 0.238257740277434, 0.23755392192087, 0.236810434162898, 0.236029508464648, 0.23521358533426, 0.234365303886714, 0.233487491703699, 0.23258315499358, 0.231655469051521, 0.230707769019842, 0.229743540948652, 0.228766413156846, 0.22778014789351, 0.226788633299797, 0.225795875671343, 0.224805992021257, 0.223823202943749, 0.222851825778431, 0.221896268075337, 0.220961021360684, 0.220050655203422, 0.219169811582574, 0.218323199555405, 0.217515590226421, 0.216751812017205, 0.216036746237116, 0.21537532295482, 0.214772517170686, 0.214233345290008, 0.213762861897075, 0.213366156830061, 0.213048352556728, 0.212814601850931, 0.212670085769912, 0.212620011932368, 0.24331, 0.24329141204753, 0.243232785341458, 0.24313175891603, 0.242986373435112, 0.242795056254812, 0.242556606785983, 0.242270182156524, 0.24193528317349, 0.241551740584967, 0.241119701641698, 0.240639616958457, 0.240112227675154, 0.239538552917701, 0.238919877558618, 0.238257740277431, 0.237553921920867, 0.236810434162895, 0.236029508464646, 0.235213585334258, 0.234365303886713, 0.2334874917037, 0.232583154993581, 0.231655469051523, 0.230707769019845, 0.229743540948655, 0.228766413156851, 0.227780147893515, 0.226788633299802, 0.225795875671349, 0.224805992021263, 0.223823202943755, 0.222851825778438, 0.221896268075344, 0.220961021360691, 0.220050655203428, 0.21916981158258, 0.218323199555411, 0.217515590226426, 0.21675181201721, 0.21603674623712, 0.215375322954824, 0.214772517170689, 0.21423334529001, 0.213762861897076, 0.213366156830062, 0.213048352556728, 0.21281460185093, 0.212670085769911, 0.212620011932367, 0.24331, 0.24329141204753, 0.243232785341457, 0.24313175891603, 0.24298637343511, 0.242795056254811, 0.242556606785981, 0.242270182156521, 0.241935283173487, 0.241551740584964, 0.241119701641695, 0.240639616958453, 0.240112227675151, 0.239538552917698, 0.238919877558615, 0.238257740277428, 0.237553921920864, 0.236810434162893, 0.236029508464644, 0.235213585334257, 0.234365303886713, 0.2334874917037, 0.232583154993582, 0.231655469051525, 0.230707769019847, 0.229743540948659, 0.228766413156855, 0.22778014789352, 0.226788633299808, 0.225795875671355, 0.22480599202127, 0.223823202943762, 0.222851825778445, 0.221896268075351, 0.220961021360698, 0.220050655203435, 0.219169811582587, 0.218323199555418, 0.217515590226433, 0.216751812017216, 0.216036746237125, 0.215375322954828, 0.214772517170693, 0.214233345290013, 0.213762861897079, 0.213366156830064, 0.213048352556729, 0.212814601850931, 0.212670085769912, 0.212620011932368, 0.24331, 0.24329141204753, 0.243232785341457, 0.243131758916029, 0.242986373435109, 0.24279505625481, 0.242556606785979, 0.242270182156519, 0.241935283173484, 0.241551740584961, 0.241119701641692, 0.24063961695845, 0.240112227675147, 0.239538552917694, 0.238919877558611, 0.238257740277425, 0.237553921920861, 0.236810434162891, 0.236029508464642, 0.235213585334256, 0.234365303886713, 0.2334874917037, 0.232583154993583, 0.231655469051527, 0.23070776901985, 0.229743540948662, 0.228766413156859, 0.227780147893525, 0.226788633299814, 0.225795875671361, 0.224805992021276, 0.223823202943769, 0.222851825778452, 0.221896268075358, 0.220961021360705, 0.220050655203442, 0.219169811582594, 0.218323199555424, 0.217515590226438, 0.216751812017221, 0.216036746237129, 0.215375322954832, 0.214772517170696, 0.214233345290016, 0.213762861897081, 0.213366156830065, 0.21304835255673, 0.212814601850931, 0.212670085769912, 0.212620011932367, 0.24331, 0.24329141204753, 0.243232785341457, 0.243131758916029, 0.242986373435108, 0.242795056254808, 0.242556606785977, 0.242270182156517, 0.241935283173482, 0.241551740584958, 0.241119701641689, 0.240639616958446, 0.240112227675144, 0.239538552917691, 0.238919877558608, 0.238257740277421, 0.237553921920859, 0.236810434162888, 0.236029508464641, 0.235213585334255, 0.234365303886712, 0.2334874917037, 0.232583154993584, 0.231655469051529, 0.230707769019852, 0.229743540948666, 0.228766413156863, 0.227780147893529, 0.226788633299819, 0.225795875671367, 0.224805992021282, 0.223823202943775, 0.222851825778459, 0.221896268075365, 0.220961021360712, 0.220050655203449, 0.2191698115826, 0.21832319955543, 0.217515590226443, 0.216751812017225, 0.216036746237133, 0.215375322954835, 0.214772517170698, 0.214233345290017, 0.213762861897082, 0.213366156830065, 0.213048352556729, 0.21281460185093, 0.212670085769911, 0.212620011932366, 0.24331, 0.24329141204753, 0.243232785341456, 0.243131758916028, 0.242986373435107, 0.242795056254807, 0.242556606785975, 0.242270182156514, 0.241935283173479, 0.241551740584955, 0.241119701641685, 0.240639616958443, 0.24011222767514, 0.239538552917687, 0.238919877558605, 0.238257740277418, 0.237553921920856, 0.236810434162886, 0.236029508464639, 0.235213585334254, 0.234365303886712, 0.233487491703701, 0.232583154993586, 0.231655469051531, 0.230707769019855, 0.229743540948669, 0.228766413156867, 0.227780147893534, 0.226788633299824, 0.225795875671373, 0.224805992021289, 0.223823202943782, 0.222851825778466, 0.221896268075372, 0.220961021360718, 0.220050655203455, 0.219169811582606, 0.218323199555436, 0.217515590226449, 0.21675181201723, 0.216036746237138, 0.215375322954839, 0.214772517170701, 0.214233345290019, 0.213762861897083, 0.213366156830065, 0.213048352556729, 0.212814601850929, 0.212670085769909, 0.212620011932364, 0.24331, 0.24329141204753, 0.243232785341456, 0.243131758916027, 0.242986373435106, 0.242795056254805, 0.242556606785974, 0.242270182156512, 0.241935283173476, 0.241551740584952, 0.241119701641682, 0.240639616958439, 0.240112227675137, 0.239538552917684, 0.238919877558601, 0.238257740277415, 0.237553921920853, 0.236810434162884, 0.236029508464637, 0.235213585334253, 0.234365303886711, 0.233487491703701, 0.232583154993587, 0.231655469051533, 0.230707769019858, 0.229743540948673, 0.228766413156871, 0.227780147893539, 0.22678863329983, 0.225795875671379, 0.224805992021295, 0.223823202943789, 0.222851825778473, 0.221896268075379, 0.220961021360726, 0.220050655203462, 0.219169811582613, 0.218323199555443, 0.217515590226455, 0.216751812017236, 0.216036746237143, 0.215375322954843, 0.214772517170705, 0.214233345290023, 0.213762861897086, 0.213366156830068, 0.213048352556731, 0.212814601850931, 0.212670085769911, 0.212620011932365, 0.24331, 0.24329141204753, 0.243232785341456, 0.243131758916027, 0.242986373435105, 0.242795056254804, 0.242556606785972, 0.24227018215651, 0.241935283173474, 0.241551740584949, 0.241119701641679, 0.240639616958436, 0.240112227675133, 0.23953855291768, 0.238919877558598, 0.238257740277412, 0.237553921920851, 0.236810434162882, 0.236029508464636, 0.235213585334252, 0.234365303886711, 0.233487491703702, 0.232583154993588, 0.231655469051535, 0.230707769019861, 0.229743540948676, 0.228766413156876, 0.227780147893544, 0.226788633299835, 0.225795875671385, 0.224805992021302, 0.223823202943796, 0.22285182577848, 0.221896268075386, 0.220961021360733, 0.22005065520347, 0.21916981158262, 0.218323199555449, 0.217515590226461, 0.216751812017242, 0.216036746237148, 0.215375322954848, 0.214772517170709, 0.214233345290026, 0.213762861897089, 0.21336615683007, 0.213048352556732, 0.212814601850932, 0.212670085769912, 0.212620011932367, 0.24331, 0.24329141204753, 0.243232785341455, 0.243131758916026, 0.242986373435104, 0.242795056254802, 0.24255660678597, 0.242270182156507, 0.241935283173471, 0.241551740584946, 0.241119701641675, 0.240639616958433, 0.24011222767513, 0.239538552917677, 0.238919877558595, 0.238257740277409, 0.237553921920848, 0.236810434162879, 0.236029508464634, 0.235213585334251, 0.23436530388671, 0.233487491703702, 0.232583154993589, 0.231655469051536, 0.230707769019863, 0.229743540948679, 0.22876641315688, 0.227780147893549, 0.226788633299841, 0.225795875671391, 0.224805992021308, 0.223823202943803, 0.222851825778487, 0.221896268075393, 0.22096102136074, 0.220050655203476, 0.219169811582627, 0.218323199555455, 0.217515590226467, 0.216751812017247, 0.216036746237153, 0.215375322954852, 0.214772517170712, 0.214233345290028, 0.21376286189709, 0.213366156830071, 0.213048352556733, 0.212814601850932, 0.212670085769912, 0.212620011932366, 0.24331, 0.24329141204753, 0.243232785341455, 0.243131758916025, 0.242986373435103, 0.242795056254801, 0.242556606785968, 0.242270182156505, 0.241935283173468, 0.241551740584943, 0.241119701641672, 0.240639616958429, 0.240112227675126, 0.239538552917673, 0.238919877558591, 0.238257740277406, 0.237553921920845, 0.236810434162877, 0.236029508464632, 0.23521358533425, 0.23436530388671, 0.233487491703702, 0.23258315499359, 0.231655469051538, 0.230707769019866, 0.229743540948683, 0.228766413156884, 0.227780147893554, 0.226788633299846, 0.225795875671397, 0.224805992021315, 0.223823202943809, 0.222851825778494, 0.2218962680754, 0.220961021360747, 0.220050655203483, 0.219169811582633, 0.218323199555462, 0.217515590226473, 0.216751812017252, 0.216036746237157, 0.215375322954856, 0.214772517170715, 0.214233345290031, 0.213762861897092, 0.213366156830072, 0.213048352556733, 0.212814601850932, 0.212670085769911, 0.212620011932365, 0.24331, 0.243291412047529, 0.243232785341455, 0.243131758916025, 0.242986373435102, 0.242795056254799, 0.242556606785966, 0.242270182156503, 0.241935283173466, 0.24155174058494, 0.241119701641669, 0.240639616958426, 0.240112227675123, 0.23953855291767, 0.238919877558588, 0.238257740277403, 0.237553921920842, 0.236810434162875, 0.23602950846463, 0.235213585334249, 0.23436530388671, 0.233487491703703, 0.232583154993591, 0.23165546905154, 0.230707769019869, 0.229743540948686, 0.228766413156888, 0.227780147893558, 0.226788633299852, 0.225795875671403, 0.224805992021321, 0.223823202943816, 0.222851825778501, 0.221896268075407, 0.220961021360754, 0.22005065520349, 0.21916981158264, 0.218323199555468, 0.217515590226479, 0.216751812017258, 0.216036746237162, 0.21537532295486, 0.214772517170719, 0.214233345290034, 0.213762861897094, 0.213366156830074, 0.213048352556734, 0.212814601850933, 0.212670085769911, 0.212620011932366, 0.24331, 0.243291412047529, 0.243232785341455, 0.243131758916024, 0.242986373435101, 0.242795056254798, 0.242556606785964, 0.242270182156501, 0.241935283173463, 0.241551740584937, 0.241119701641666, 0.240639616958422, 0.240112227675119, 0.239538552917666, 0.238919877558585, 0.2382577402774, 0.23755392192084, 0.236810434162873, 0.236029508464629, 0.235213585334248, 0.23436530388671, 0.233487491703703, 0.232583154993592, 0.231655469051542, 0.230707769019872, 0.22974354094869, 0.228766413156893, 0.227780147893564, 0.226788633299857, 0.225795875671409, 0.224805992021328, 0.223823202943823, 0.222851825778508, 0.221896268075415, 0.220961021360762, 0.220050655203498, 0.219169811582647, 0.218323199555475, 0.217515590226485, 0.216751812017264, 0.216036746237168, 0.215375322954865, 0.214772517170723, 0.214233345290037, 0.213762861897097, 0.213366156830076, 0.213048352556736, 0.212814601850934, 0.212670085769913, 0.212620011932367, 0.24331, 0.243291412047529, 0.243232785341454, 0.243131758916024, 0.2429863734351, 0.242795056254797, 0.242556606785962, 0.242270182156498, 0.24193528317346, 0.241551740584934, 0.241119701641662, 0.240639616958419, 0.240112227675116, 0.239538552917663, 0.238919877558581, 0.238257740277397, 0.237553921920837, 0.236810434162871, 0.236029508464627, 0.235213585334247, 0.234365303886709, 0.233487491703703, 0.232583154993593, 0.231655469051544, 0.230707769019874, 0.229743540948693, 0.228766413156897, 0.227780147893568, 0.226788633299863, 0.225795875671415, 0.224805992021334, 0.22382320294383, 0.222851825778515, 0.221896268075422, 0.220961021360769, 0.220050655203505, 0.219169811582654, 0.218323199555481, 0.217515590226491, 0.216751812017269, 0.216036746237172, 0.215375322954869, 0.214772517170726, 0.214233345290039, 0.213762861897099, 0.213366156830077, 0.213048352556736, 0.212814601850934, 0.212670085769912, 0.212620011932366, 0.24331, 0.243291412047529, 0.243232785341454, 0.243131758916023, 0.242986373435099, 0.242795056254795, 0.24255660678596, 0.242270182156496, 0.241935283173458, 0.241551740584931, 0.241119701641659, 0.240639616958416, 0.240112227675112, 0.239538552917659, 0.238919877558578, 0.238257740277394, 0.237553921920834, 0.236810434162868, 0.236029508464626, 0.235213585334246, 0.234365303886709, 0.233487491703704, 0.232583154993595, 0.231655469051546, 0.230707769019877, 0.229743540948697, 0.228766413156901, 0.227780147893573, 0.226788633299868, 0.225795875671421, 0.224805992021341, 0.223823202943837, 0.222851825778522, 0.221896268075429, 0.220961021360776, 0.220050655203511, 0.21916981158266, 0.218323199555487, 0.217515590226497, 0.216751812017274, 0.216036746237176, 0.215375322954872, 0.214772517170729, 0.214233345290042, 0.2137628618971, 0.213366156830078, 0.213048352556737, 0.212814601850933, 0.212670085769911, 0.212620011932365, 0.24331, 0.243291412047529, 0.243232785341454, 0.243131758916022, 0.242986373435098, 0.242795056254794, 0.242556606785959, 0.242270182156494, 0.241935283173455, 0.241551740584928, 0.241119701641656, 0.240639616958412, 0.240112227675109, 0.239538552917656, 0.238919877558575, 0.238257740277391, 0.237553921920832, 0.236810434162866, 0.236029508464624, 0.235213585334244, 0.234365303886708, 0.233487491703704, 0.232583154993596, 0.231655469051548, 0.23070776901988, 0.229743540948701, 0.228766413156905, 0.227780147893578, 0.226788633299874, 0.225795875671427, 0.224805992021347, 0.223823202943844, 0.222851825778529, 0.221896268075436, 0.220961021360783, 0.220050655203519, 0.219169811582668, 0.218323199555494, 0.217515590226503, 0.21675181201728, 0.216036746237182, 0.215375322954877, 0.214772517170733, 0.214233345290045, 0.213762861897103, 0.21336615683008, 0.213048352556739, 0.212814601850935, 0.212670085769913, 0.212620011932367, 0.24331, 0.243291412047529, 0.243232785341453, 0.243131758916022, 0.242986373435097, 0.242795056254792, 0.242556606785957, 0.242270182156491, 0.241935283173452, 0.241551740584925, 0.241119701641653, 0.240639616958409, 0.240112227675105, 0.239538552917653, 0.238919877558572, 0.238257740277388, 0.237553921920829, 0.236810434162864, 0.236029508464622, 0.235213585334243, 0.234365303886708, 0.233487491703705, 0.232583154993597, 0.23165546905155, 0.230707769019882, 0.229743540948704, 0.228766413156909, 0.227780147893583, 0.226788633299879, 0.225795875671433, 0.224805992021353, 0.22382320294385, 0.222851825778536, 0.221896268075443, 0.220961021360789, 0.220050655203525, 0.219169811582673, 0.2183231995555, 0.217515590226508, 0.216751812017284, 0.216036746237185, 0.21537532295488, 0.214772517170735, 0.214233345290046, 0.213762861897103, 0.213366156830079, 0.213048352556737, 0.212814601850933, 0.21267008576991, 0.212620011932364, 0.24331, 0.243291412047529, 0.243232785341453, 0.243131758916021, 0.242986373435096, 0.242795056254791, 0.242556606785955, 0.242270182156489, 0.241935283173449, 0.241551740584922, 0.241119701641649, 0.240639616958405, 0.240112227675102, 0.239538552917649, 0.238919877558568, 0.238257740277385, 0.237553921920826, 0.236810434162862, 0.23602950846462, 0.235213585334242, 0.234365303886707, 0.233487491703705, 0.232583154993598, 0.231655469051552, 0.230707769019885, 0.229743540948707, 0.228766413156913, 0.227780147893588, 0.226788633299885, 0.225795875671439, 0.22480599202136, 0.223823202943857, 0.222851825778543, 0.22189626807545, 0.220961021360797, 0.220050655203532, 0.21916981158268, 0.218323199555506, 0.217515590226514, 0.21675181201729, 0.216036746237191, 0.215375322954885, 0.214772517170739, 0.21423334529005, 0.213762861897107, 0.213366156830082, 0.21304835255674, 0.212814601850935, 0.212670085769912, 0.212620011932366, 0.24331, 0.243291412047529, 0.243232785341453, 0.24313175891602, 0.242986373435095, 0.242795056254789, 0.242556606785953, 0.242270182156487, 0.241935283173447, 0.241551740584919, 0.241119701641646, 0.240639616958402, 0.240112227675098, 0.239538552917646, 0.238919877558565, 0.238257740277382, 0.237553921920824, 0.236810434162859, 0.236029508464619, 0.235213585334241, 0.234365303886707, 0.233487491703705, 0.232583154993599, 0.231655469051554, 0.230707769019888, 0.229743540948711, 0.228766413156918, 0.227780147893593, 0.22678863329989, 0.225795875671445, 0.224805992021366, 0.223823202943864, 0.22285182577855, 0.221896268075457, 0.220961021360804, 0.220050655203539, 0.219169811582687, 0.218323199555513, 0.21751559022652, 0.216751812017295, 0.216036746237195, 0.215375322954889, 0.214772517170742, 0.214233345290053, 0.213762861897108, 0.213366156830083, 0.21304835255674, 0.212814601850935, 0.212670085769912, 0.212620011932365, 0.24331, 0.243291412047529, 0.243232785341452, 0.24313175891602, 0.242986373435094, 0.242795056254788, 0.242556606785951, 0.242270182156484, 0.241935283173444, 0.241551740584916, 0.241119701641643, 0.240639616958398, 0.240112227675095, 0.239538552917642, 0.238919877558562, 0.238257740277379, 0.237553921920821, 0.236810434162857, 0.236029508464617, 0.23521358533424, 0.234365303886707, 0.233487491703706, 0.2325831549936, 0.231655469051556, 0.230707769019891, 0.229743540948714, 0.228766413156922, 0.227780147893598, 0.226788633299896, 0.225795875671451, 0.224805992021373, 0.223823202943871, 0.222851825778557, 0.221896268075464, 0.220961021360811, 0.220050655203546, 0.219169811582694, 0.218323199555519, 0.217515590226526, 0.216751812017301, 0.2160367462372, 0.215375322954893, 0.214772517170746, 0.214233345290055, 0.21376286189711, 0.213366156830085, 0.213048352556741, 0.212814601850935, 0.212670085769912, 0.212620011932365, 0.24331, 0.243291412047529, 0.243232785341452, 0.243131758916019, 0.242986373435093, 0.242795056254787, 0.242556606785949, 0.242270182156482, 0.241935283173441, 0.241551740584913, 0.24111970164164, 0.240639616958395, 0.240112227675091, 0.239538552917639, 0.238919877558558, 0.238257740277375, 0.237553921920818, 0.236810434162855, 0.236029508464615, 0.235213585334239, 0.234365303886706, 0.233487491703706, 0.232583154993601, 0.231655469051558, 0.230707769019893, 0.229743540948718, 0.228766413156926, 0.227780147893602, 0.226788633299901, 0.225795875671457, 0.224805992021379, 0.223823202943877, 0.222851825778564, 0.221896268075471, 0.220961021360818, 0.220050655203553, 0.219169811582701, 0.218323199555525, 0.217515590226532, 0.216751812017306, 0.216036746237205, 0.215375322954897, 0.214772517170749, 0.214233345290058, 0.213762861897112, 0.213366156830086, 0.213048352556742, 0.212814601850936, 0.212670085769912, 0.212620011932366, 0.24331, 0.243291412047529, 0.243232785341452, 0.243131758916019, 0.242986373435092, 0.242795056254785, 0.242556606785947, 0.24227018215648, 0.241935283173439, 0.24155174058491, 0.241119701641636, 0.240639616958391, 0.240112227675088, 0.239538552917635, 0.238919877558555, 0.238257740277372, 0.237553921920815, 0.236810434162853, 0.236029508464613, 0.235213585334238, 0.234365303886706, 0.233487491703706, 0.232583154993602, 0.23165546905156, 0.230707769019896, 0.229743540948721, 0.22876641315693, 0.227780147893607, 0.226788633299906, 0.225795875671463, 0.224805992021385, 0.223823202943884, 0.222851825778571, 0.221896268075478, 0.220961021360825, 0.22005065520356, 0.219169811582707, 0.218323199555531, 0.217515590226538, 0.216751812017311, 0.216036746237209, 0.215375322954901, 0.214772517170752, 0.21423334529006, 0.213762861897114, 0.213366156830087, 0.213048352556742, 0.212814601850936, 0.212670085769911, 0.212620011932365, 0.24331, 0.243291412047529, 0.243232785341452, 0.243131758916018, 0.242986373435091, 0.242795056254784, 0.242556606785945, 0.242270182156478, 0.241935283173436, 0.241551740584907, 0.241119701641633, 0.240639616958388, 0.240112227675084, 0.239538552917632, 0.238919877558552, 0.238257740277369, 0.237553921920813, 0.23681043416285, 0.236029508464612, 0.235213585334237, 0.234365303886706, 0.233487491703707, 0.232583154993604, 0.231655469051562, 0.230707769019899, 0.229743540948725, 0.228766413156935, 0.227780147893612, 0.226788633299912, 0.225795875671469, 0.224805992021392, 0.223823202943891, 0.222851825778578, 0.221896268075486, 0.220961021360833, 0.220050655203567, 0.219169811582714, 0.218323199555539, 0.217515590226544, 0.216751812017318, 0.216036746237215, 0.215375322954906, 0.214772517170757, 0.214233345290064, 0.213762861897118, 0.21336615683009, 0.213048352556745, 0.212814601850938, 0.212670085769914, 0.212620011932367, 0.24331, 0.243291412047528, 0.243232785341451, 0.243131758916017, 0.24298637343509, 0.242795056254782, 0.242556606785944, 0.242270182156475, 0.241935283173433, 0.241551740584904, 0.24111970164163, 0.240639616958385, 0.240112227675081, 0.239538552917628, 0.238919877558548, 0.238257740277366, 0.23755392192081, 0.236810434162848, 0.23602950846461, 0.235213585334236, 0.234365303886705, 0.233487491703707, 0.232583154993605, 0.231655469051563, 0.230707769019901, 0.229743540948728, 0.228766413156938, 0.227780147893617, 0.226788633299917, 0.225795875671475, 0.224805992021398, 0.223823202943897, 0.222851825778585, 0.221896268075492, 0.220961021360839, 0.220050655203573, 0.21916981158272, 0.218323199555544, 0.217515590226549, 0.216751812017322, 0.216036746237218, 0.215375322954908, 0.214772517170759, 0.214233345290065, 0.213762861897117, 0.213366156830089, 0.213048352556743, 0.212814601850936, 0.212670085769911, 0.212620011932364, 0.24331, 0.243291412047528, 0.243232785341451, 0.243131758916017, 0.242986373435089, 0.242795056254781, 0.242556606785942, 0.242270182156473, 0.241935283173431, 0.241551740584901, 0.241119701641626, 0.240639616958381, 0.240112227675077, 0.239538552917625, 0.238919877558545, 0.238257740277363, 0.237553921920807, 0.236810434162846, 0.236029508464608, 0.235213585334235, 0.234365303886705, 0.233487491703707, 0.232583154993606, 0.231655469051565, 0.230707769019904, 0.229743540948731, 0.228766413156943, 0.227780147893622, 0.226788633299923, 0.225795875671481, 0.224805992021405, 0.223823202943904, 0.222851825778592, 0.2218962680755, 0.220961021360846, 0.220050655203581, 0.219169811582727, 0.218323199555551, 0.217515590226556, 0.216751812017328, 0.216036746237224, 0.215375322954913, 0.214772517170763, 0.214233345290069, 0.213762861897121, 0.213366156830092, 0.213048352556745, 0.212814601850938, 0.212670085769913, 0.212620011932366, 0.24331, 0.243291412047528, 0.243232785341451, 0.243131758916016, 0.242986373435088, 0.242795056254779, 0.24255660678594, 0.242270182156471, 0.241935283173428, 0.241551740584898, 0.241119701641623, 0.240639616958378, 0.240112227675074, 0.239538552917621, 0.238919877558542, 0.23825774027736, 0.237553921920805, 0.236810434162844, 0.236029508464607, 0.235213585334234, 0.234365303886705, 0.233487491703708, 0.232583154993607, 0.231655469051567, 0.230707769019907, 0.229743540948735, 0.228766413156947, 0.227780147893627, 0.226788633299929, 0.225795875671487, 0.224805992021412, 0.223823202943912, 0.222851825778599, 0.221896268075507, 0.220961021360854, 0.220050655203588, 0.219169811582735, 0.218323199555558, 0.217515590226562, 0.216751812017334, 0.21603674623723, 0.215375322954918, 0.214772517170767, 0.214233345290073, 0.213762861897124, 0.213366156830094, 0.213048352556747, 0.212814601850939, 0.212670085769914, 0.212620011932367, 0.24331, 0.243291412047528, 0.24323278534145, 0.243131758916015, 0.242986373435087, 0.242795056254778, 0.242556606785938, 0.242270182156468, 0.241935283173425, 0.241551740584894, 0.24111970164162, 0.240639616958374, 0.24011222767507, 0.239538552917618, 0.238919877558538, 0.238257740277357, 0.237553921920802, 0.236810434162841, 0.236029508464605, 0.235213585334233, 0.234365303886704, 0.233487491703708, 0.232583154993608, 0.231655469051569, 0.230707769019909, 0.229743540948738, 0.228766413156951, 0.227780147893632, 0.226788633299934, 0.225795875671493, 0.224805992021418, 0.223823202943918, 0.222851825778606, 0.221896268075514, 0.220961021360861, 0.220050655203595, 0.219169811582741, 0.218323199555564, 0.217515590226568, 0.216751812017339, 0.216036746237234, 0.215375322954922, 0.21477251717077, 0.214233345290075, 0.213762861897125, 0.213366156830095, 0.213048352556747, 0.212814601850939, 0.212670085769913, 0.212620011932366, 0.24331, 0.243291412047528, 0.24323278534145, 0.243131758916015, 0.242986373435086, 0.242795056254776, 0.242556606785936, 0.242270182156466, 0.241935283173423, 0.241551740584891, 0.241119701641617, 0.240639616958371, 0.240112227675067, 0.239538552917614, 0.238919877558535, 0.238257740277354, 0.237553921920799, 0.236810434162839, 0.236029508464603, 0.235213585334232, 0.234365303886704, 0.233487491703708, 0.232583154993609, 0.231655469051571, 0.230707769019912, 0.229743540948742, 0.228766413156955, 0.227780147893636, 0.226788633299939, 0.225795875671499, 0.224805992021424, 0.223823202943925, 0.222851825778613, 0.221896268075521, 0.220961021360867, 0.220050655203601, 0.219169811582747, 0.21832319955557, 0.217515590226573, 0.216751812017343, 0.216036746237238, 0.215375322954925, 0.214772517170773, 0.214233345290076, 0.213762861897126, 0.213366156830095, 0.213048352556747, 0.212814601850938, 0.212670085769912, 0.212620011932364, 0.24331, 0.243291412047528, 0.24323278534145, 0.243131758916014, 0.242986373435085, 0.242795056254775, 0.242556606785934, 0.242270182156464, 0.24193528317342, 0.241551740584888, 0.241119701641613, 0.240639616958367, 0.240112227675063, 0.239538552917611, 0.238919877558532, 0.238257740277351, 0.237553921920797, 0.236810434162837, 0.236029508464602, 0.235213585334231, 0.234365303886703, 0.233487491703709, 0.23258315499361, 0.231655469051573, 0.230707769019915, 0.229743540948746, 0.22876641315696, 0.227780147893642, 0.226788633299945, 0.225795875671505, 0.224805992021431, 0.223823202943932, 0.22285182577862, 0.221896268075529, 0.220961021360875, 0.220050655203609, 0.219169811582755, 0.218323199555577, 0.21751559022658, 0.21675181201735, 0.216036746237244, 0.215375322954931, 0.214772517170778, 0.214233345290081, 0.21376286189713, 0.213366156830099, 0.21304835255675, 0.212814601850941, 0.212670085769915, 0.212620011932367, 0.24331, 0.243291412047528, 0.243232785341449, 0.243131758916014, 0.242986373435084, 0.242795056254774, 0.242556606785932, 0.242270182156462, 0.241935283173417, 0.241551740584885, 0.24111970164161, 0.240639616958364, 0.24011222767506, 0.239538552917608, 0.238919877558528, 0.238257740277348, 0.237553921920794, 0.236810434162835, 0.2360295084646, 0.23521358533423, 0.234365303886703, 0.233487491703709, 0.232583154993612, 0.231655469051575, 0.230707769019917, 0.229743540948749, 0.228766413156964, 0.227780147893646, 0.22678863329995, 0.225795875671511, 0.224805992021437, 0.223823202943938, 0.222851825778627, 0.221896268075535, 0.220961021360882, 0.220050655203616, 0.219169811582761, 0.218323199555583, 0.217515590226585, 0.216751812017354, 0.216036746237248, 0.215375322954934, 0.21477251717078, 0.214233345290082, 0.21376286189713, 0.213366156830098, 0.213048352556749, 0.212814601850939, 0.212670085769912, 0.212620011932364, 0.24331, 0.243291412047528, 0.243232785341449, 0.243131758916013, 0.242986373435083, 0.242795056254772, 0.24255660678593, 0.242270182156459, 0.241935283173414, 0.241551740584882, 0.241119701641607, 0.240639616958361, 0.240112227675056, 0.239538552917604, 0.238919877558525, 0.238257740277345, 0.237553921920791, 0.236810434162832, 0.236029508464598, 0.235213585334228, 0.234365303886702, 0.233487491703709, 0.232583154993612, 0.231655469051577, 0.23070776901992, 0.229743540948752, 0.228766413156968, 0.227780147893651, 0.226788633299956, 0.225795875671517, 0.224805992021443, 0.223823202943945, 0.222851825778633, 0.221896268075542, 0.220961021360888, 0.220050655203622, 0.219169811582767, 0.218323199555588, 0.21751559022659, 0.216751812017359, 0.216036746237252, 0.215375322954937, 0.214772517170782, 0.214233345290084, 0.213762861897131, 0.213366156830099, 0.213048352556749, 0.212814601850938, 0.212670085769911, 0.212620011932363, 0.24331, 0.243291412047528, 0.243232785341449, 0.243131758916012, 0.242986373435082, 0.242795056254771, 0.242556606785929, 0.242270182156457, 0.241935283173412, 0.241551740584879, 0.241119701641604, 0.240639616958357, 0.240112227675053, 0.239538552917601, 0.238919877558522, 0.238257740277342, 0.237553921920788, 0.23681043416283, 0.236029508464597, 0.235213585334227, 0.234365303886702, 0.23348749170371, 0.232583154993614, 0.231655469051579, 0.230707769019923, 0.229743540948756, 0.228766413156972, 0.227780147893656, 0.226788633299961, 0.225795875671523, 0.22480599202145, 0.223823202943952, 0.222851825778641, 0.221896268075549, 0.220961021360896, 0.220050655203629, 0.219169811582774, 0.218323199555595, 0.217515590226597, 0.216751812017365, 0.216036746237257, 0.215375322954942, 0.214772517170787, 0.214233345290087, 0.213762861897134, 0.213366156830101, 0.21304835255675, 0.21281460185094, 0.212670085769912, 0.212620011932365, 0.24331, 0.243291412047528, 0.243232785341448, 0.243131758916012, 0.242986373435081, 0.242795056254769, 0.242556606785927, 0.242270182156455, 0.241935283173409, 0.241551740584876, 0.2411197016416, 0.240639616958354, 0.240112227675049, 0.239538552917597, 0.238919877558518, 0.238257740277339, 0.237553921920786, 0.236810434162828, 0.236029508464595, 0.235213585334226, 0.234365303886702, 0.23348749170371, 0.232583154993615, 0.231655469051581, 0.230707769019926, 0.229743540948759, 0.228766413156976, 0.227780147893661, 0.226788633299967, 0.225795875671529, 0.224805992021456, 0.223823202943959, 0.222851825778648, 0.221896268075556, 0.220961021360903, 0.220050655203636, 0.219169811582781, 0.218323199555602, 0.217515590226603, 0.21675181201737, 0.216036746237262, 0.215375322954946, 0.21477251717079, 0.21423334529009, 0.213762861897136, 0.213366156830102, 0.213048352556751, 0.21281460185094, 0.212670085769913, 0.212620011932365, 0.24331, 0.243291412047528, 0.243232785341448, 0.243131758916011, 0.24298637343508, 0.242795056254768, 0.242556606785925, 0.242270182156452, 0.241935283173406, 0.241551740584873, 0.241119701641597, 0.24063961695835, 0.240112227675046, 0.239538552917594, 0.238919877558515, 0.238257740277336, 0.237553921920783, 0.236810434162826, 0.236029508464593, 0.235213585334225, 0.234365303886701, 0.23348749170371, 0.232583154993616, 0.231655469051582, 0.230707769019928, 0.229743540948763, 0.228766413156981, 0.227780147893666, 0.226788633299972, 0.225795875671535, 0.224805992021463, 0.223823202943965, 0.222851825778655, 0.221896268075564, 0.22096102136091, 0.220050655203644, 0.219169811582788, 0.218323199555608, 0.217515590226609, 0.216751812017376, 0.216036746237267, 0.215375322954951, 0.214772517170794, 0.214233345290094, 0.213762861897139, 0.213366156830105, 0.213048352556754, 0.212814601850942, 0.212670085769914, 0.212620011932366, 0.24331, 0.243291412047527, 0.243232785341448, 0.24313175891601, 0.242986373435079, 0.242795056254766, 0.242556606785923, 0.24227018215645, 0.241935283173404, 0.24155174058487, 0.241119701641594, 0.240639616958347, 0.240112227675042, 0.23953855291759, 0.238919877558512, 0.238257740277333, 0.23755392192078, 0.236810434162823, 0.236029508464591, 0.235213585334224, 0.234365303886701, 0.233487491703711, 0.232583154993617, 0.231655469051584, 0.230707769019931, 0.229743540948766, 0.228766413156985, 0.22778014789367, 0.226788633299978, 0.225795875671541, 0.224805992021469, 0.223823202943972, 0.222851825778662, 0.221896268075571, 0.220961021360917, 0.22005065520365, 0.219169811582794, 0.218323199555614, 0.217515590226615, 0.216751812017381, 0.216036746237272, 0.215375322954955, 0.214772517170797, 0.214233345290096, 0.213762861897141, 0.213366156830106, 0.213048352556754, 0.212814601850942, 0.212670085769914, 0.212620011932366, 0.24331, 0.243291412047527, 0.243232785341448, 0.24313175891601, 0.242986373435078, 0.242795056254765, 0.242556606785921, 0.242270182156448, 0.241935283173401, 0.241551740584867, 0.241119701641591, 0.240639616958343, 0.240112227675039, 0.239538552917587, 0.238919877558508, 0.23825774027733, 0.237553921920778, 0.236810434162821, 0.23602950846459, 0.235213585334223, 0.234365303886701, 0.233487491703711, 0.232583154993618, 0.231655469051586, 0.230707769019934, 0.22974354094877, 0.228766413156989, 0.227780147893675, 0.226788633299983, 0.225795875671547, 0.224805992021476, 0.223823202943979, 0.222851825778669, 0.221896268075578, 0.220961021360925, 0.220050655203658, 0.219169811582802, 0.218323199555621, 0.217515590226621, 0.216751812017387, 0.216036746237277, 0.215375322954959, 0.214772517170802, 0.2142333452901, 0.213762861897144, 0.213366156830108, 0.213048352556756, 0.212814601850944, 0.212670085769915, 0.212620011932367, 0.24331, 0.243291412047527, 0.243232785341447, 0.243131758916009, 0.242986373435077, 0.242795056254763, 0.242556606785919, 0.242270182156445, 0.241935283173398, 0.241551740584864, 0.241119701641587, 0.24063961695834, 0.240112227675035, 0.239538552917583, 0.238919877558505, 0.238257740277326, 0.237553921920775, 0.236810434162819, 0.236029508464588, 0.235213585334222, 0.2343653038867, 0.233487491703712, 0.232583154993619, 0.231655469051588, 0.230707769019936, 0.229743540948773, 0.228766413156993, 0.22778014789368, 0.226788633299989, 0.225795875671553, 0.224805992021482, 0.223823202943986, 0.222851825778676, 0.221896268075585, 0.220961021360932, 0.220050655203664, 0.219169811582808, 0.218323199555627, 0.217515590226627, 0.216751812017392, 0.216036746237281, 0.215375322954963, 0.214772517170804, 0.214233345290102, 0.213762861897145, 0.213366156830109, 0.213048352556756, 0.212814601850943, 0.212670085769914, 0.212620011932366, 0.24331, 0.243291412047527, 0.243232785341447, 0.243131758916009, 0.242986373435076, 0.242795056254762, 0.242556606785917, 0.242270182156443, 0.241935283173396, 0.241551740584861, 0.241119701641584, 0.240639616958336, 0.240112227675032, 0.23953855291758, 0.238919877558502, 0.238257740277323, 0.237553921920772, 0.236810434162817, 0.236029508464586, 0.235213585334221, 0.2343653038867, 0.233487491703712, 0.23258315499362, 0.23165546905159, 0.230707769019939, 0.229743540948777, 0.228766413156997, 0.227780147893685, 0.226788633299994, 0.225795875671559, 0.224805992021489, 0.223823202943992, 0.222851825778683, 0.221896268075592, 0.220961021360938, 0.220050655203671, 0.219169811582815, 0.218323199555634, 0.217515590226633, 0.216751812017398, 0.216036746237286, 0.215375322954967, 0.214772517170808, 0.214233345290104, 0.213762861897147, 0.21336615683011, 0.213048352556756, 0.212814601850943, 0.212670085769914, 0.212620011932366, 0.24331, 0.243291412047527, 0.243232785341447, 0.243131758916008, 0.242986373435075, 0.242795056254761, 0.242556606785915, 0.242270182156441, 0.241935283173393, 0.241551740584858, 0.241119701641581, 0.240639616958333, 0.240112227675028, 0.239538552917576, 0.238919877558499, 0.23825774027732, 0.237553921920769, 0.236810434162814, 0.236029508464585, 0.23521358533422, 0.234365303886699, 0.233487491703712, 0.232583154993621, 0.231655469051592, 0.230707769019942, 0.22974354094878, 0.228766413157001, 0.22778014789369, 0.2267886333, 0.225795875671565, 0.224805992021495, 0.223823202943999, 0.22285182577869, 0.221896268075599, 0.220961021360946, 0.220050655203678, 0.219169811582821, 0.21832319955564, 0.217515590226639, 0.216751812017403, 0.216036746237291, 0.215375322954971, 0.214772517170811, 0.214233345290107, 0.213762861897149, 0.213366156830112, 0.213048352556758, 0.212814601850944, 0.212670085769915, 0.212620011932366, 0.24331, 0.243291412047527, 0.243232785341446, 0.243131758916007, 0.242986373435074, 0.242795056254759, 0.242556606785914, 0.242270182156439, 0.24193528317339, 0.241551740584855, 0.241119701641578, 0.24063961695833, 0.240112227675025, 0.239538552917573, 0.238919877558495, 0.238257740277317, 0.237553921920767, 0.236810434162812, 0.236029508464583, 0.235213585334219, 0.234365303886699, 0.233487491703713, 0.232583154993623, 0.231655469051594, 0.230707769019944, 0.229743540948783, 0.228766413157006, 0.227780147893695, 0.226788633300005, 0.225795875671571, 0.224805992021501, 0.223823202944006, 0.222851825778697, 0.221896268075606, 0.220961021360952, 0.220050655203685, 0.219169811582828, 0.218323199555646, 0.217515590226644, 0.216751812017408, 0.216036746237295, 0.215375322954974, 0.214772517170814, 0.214233345290109, 0.21376286189715, 0.213366156830112, 0.213048352556757, 0.212814601850943, 0.212670085769913, 0.212620011932364, 0.24331, 0.243291412047527, 0.243232785341446, 0.243131758916007, 0.242986373435073, 0.242795056254758, 0.242556606785912, 0.242270182156436, 0.241935283173388, 0.241551740584852, 0.241119701641574, 0.240639616958326, 0.240112227675021, 0.239538552917569, 0.238919877558492, 0.238257740277314, 0.237553921920764, 0.23681043416281, 0.236029508464581, 0.235213585334218, 0.234365303886699, 0.233487491703713, 0.232583154993624, 0.231655469051596, 0.230707769019947, 0.229743540948787, 0.22876641315701, 0.227780147893699, 0.22678863330001, 0.225795875671577, 0.224805992021508, 0.223823202944012, 0.222851825778703, 0.221896268075613, 0.220961021360959, 0.220050655203691, 0.219169811582834, 0.218323199555652, 0.217515590226649, 0.216751812017413, 0.216036746237299, 0.215375322954978, 0.214772517170817, 0.214233345290111, 0.213762861897152, 0.213366156830113, 0.213048352556757, 0.212814601850942, 0.212670085769912, 0.212620011932363, 0.24331, 0.243291412047527, 0.243232785341446, 0.243131758916006, 0.242986373435072, 0.242795056254756, 0.24255660678591, 0.242270182156434, 0.241935283173385, 0.241551740584849, 0.241119701641571, 0.240639616958323, 0.240112227675018, 0.239538552917566, 0.238919877558489, 0.238257740277311, 0.237553921920762, 0.236810434162808, 0.23602950846458, 0.235213585334217, 0.234365303886698, 0.233487491703713, 0.232583154993625, 0.231655469051598, 0.23070776901995, 0.22974354094879, 0.228766413157014, 0.227780147893705, 0.226788633300016, 0.225795875671583, 0.224805992021514, 0.223823202944019, 0.222851825778711, 0.22189626807562, 0.220961021360967, 0.220050655203699, 0.219169811582841, 0.218323199555658, 0.217515590226656, 0.216751812017418, 0.216036746237304, 0.215375322954982, 0.21477251717082, 0.214233345290114, 0.213762861897154, 0.213366156830115, 0.213048352556758, 0.212814601850943, 0.212670085769913, 0.212620011932364, 0.24331, 0.243291412047527, 0.243232785341445, 0.243131758916006, 0.242986373435071, 0.242795056254755, 0.242556606785908, 0.242270182156432, 0.241935283173382, 0.241551740584846, 0.241119701641568, 0.240639616958319, 0.240112227675014, 0.239538552917562, 0.238919877558485, 0.238257740277308, 0.237553921920759, 0.236810434162805, 0.236029508464578, 0.235213585334215, 0.234365303886698, 0.233487491703714, 0.232583154993626, 0.2316554690516, 0.230707769019952, 0.229743540948794, 0.228766413157018, 0.227780147893709, 0.226788633300021, 0.225795875671589, 0.224805992021521, 0.223823202944026, 0.222851825778717, 0.221896268075627, 0.220961021360974, 0.220050655203706, 0.219169811582848, 0.218323199555665, 0.217515590226662, 0.216751812017424, 0.216036746237309, 0.215375322954987, 0.214772517170824, 0.214233345290117, 0.213762861897156, 0.213366156830116, 0.21304835255676, 0.212814601850944, 0.212670085769914, 0.212620011932365, 0.24331, 0.243291412047527, 0.243232785341445, 0.243131758916005, 0.24298637343507, 0.242795056254753, 0.242556606785906, 0.242270182156429, 0.24193528317338, 0.241551740584843, 0.241119701641564, 0.240639616958316, 0.240112227675011, 0.239538552917559, 0.238919877558482, 0.238257740277305, 0.237553921920756, 0.236810434162803, 0.236029508464576, 0.235213585334214, 0.234365303886698, 0.233487491703714, 0.232583154993627, 0.231655469051602, 0.230707769019955, 0.229743540948798, 0.228766413157023, 0.227780147893715, 0.226788633300027, 0.225795875671595, 0.224805992021528, 0.223823202944033, 0.222851825778725, 0.221896268075635, 0.220961021360982, 0.220050655203714, 0.219169811582856, 0.218323199555672, 0.217515590226669, 0.21675181201743, 0.216036746237315, 0.215375322954992, 0.214772517170829, 0.214233345290122, 0.21376286189716, 0.21336615683012, 0.213048352556763, 0.212814601850947, 0.212670085769916, 0.212620011932367, 0.24331, 0.243291412047527, 0.243232785341445, 0.243131758916004, 0.242986373435069, 0.242795056254752, 0.242556606785904, 0.242270182156427, 0.241935283173377, 0.24155174058484, 0.241119701641561, 0.240639616958313, 0.240112227675007, 0.239538552917556, 0.238919877558479, 0.238257740277302, 0.237553921920753, 0.236810434162801, 0.236029508464574, 0.235213585334213, 0.234365303886697, 0.233487491703714, 0.232583154993628, 0.231655469051603, 0.230707769019958, 0.229743540948801, 0.228766413157026, 0.227780147893719, 0.226788633300032, 0.225795875671601, 0.224805992021533, 0.223823202944039, 0.222851825778731, 0.221896268075641, 0.220961021360988, 0.220050655203719, 0.219169811582861, 0.218323199555677, 0.217515590226673, 0.216751812017434, 0.216036746237318, 0.215375322954995, 0.21477251717083, 0.214233345290122, 0.21376286189716, 0.213366156830118, 0.213048352556761, 0.212814601850944, 0.212670085769913, 0.212620011932364, 0.24331, 0.243291412047527, 0.243232785341445, 0.243131758916004, 0.242986373435068, 0.242795056254751, 0.242556606785902, 0.242270182156425, 0.241935283173374, 0.241551740584837, 0.241119701641558, 0.240639616958309, 0.240112227675004, 0.239538552917552, 0.238919877558475, 0.238257740277299, 0.237553921920751, 0.236810434162799, 0.236029508464573, 0.235213585334212, 0.234365303886697, 0.233487491703715, 0.232583154993629, 0.231655469051605, 0.23070776901996, 0.229743540948804, 0.22876641315703, 0.227780147893724, 0.226788633300038, 0.225795875671607, 0.22480599202154, 0.223823202944046, 0.222851825778738, 0.221896268075648, 0.220961021360994, 0.220050655203726, 0.219169811582867, 0.218323199555683, 0.217515590226679, 0.216751812017439, 0.216036746237323, 0.215375322954998, 0.214772517170834, 0.214233345290125, 0.213762861897162, 0.21336615683012, 0.213048352556762, 0.212814601850945, 0.212670085769913, 0.212620011932364, 0.24331, 0.243291412047526, 0.243232785341444, 0.243131758916003, 0.242986373435067, 0.242795056254749, 0.242556606785901, 0.242270182156422, 0.241935283173372, 0.241551740584834, 0.241119701641555, 0.240639616958306, 0.240112227675, 0.239538552917549, 0.238919877558472, 0.238257740277296, 0.237553921920748, 0.236810434162797, 0.236029508464571, 0.235213585334211, 0.234365303886697, 0.233487491703715, 0.232583154993631, 0.231655469051607, 0.230707769019963, 0.229743540948808, 0.228766413157035, 0.227780147893729, 0.226788633300044, 0.225795875671613, 0.224805992021547, 0.223823202944053, 0.222851825778746, 0.221896268075656, 0.220961021361002, 0.220050655203734, 0.219169811582875, 0.218323199555691, 0.217515590226686, 0.216751812017446, 0.216036746237329, 0.215375322955004, 0.214772517170838, 0.214233345290129, 0.213762861897165, 0.213366156830123, 0.213048352556764, 0.212814601850946, 0.212670085769915, 0.212620011932365
0, 0, 0, 0, 0, 0, 0, 0, 0, 0, 0, 0, 0, 0, 0, 0, 0, 0, 0, 0, 0, 0, 0, 0, 0, 0, 0, 0, 0, 0, 0, 0, 0, 0, 0, 0, 0, 0, 0, 0, 0, 0, 0, 0, 0, 0, 0, 0, 0, 0, 0, 0, 0, 0, 0, 0, 0, 0, 0, 0, 0, 0, 0, 0, 0, 0, 0, 0, 0, 0, 0, 0, 0, 0, 0, 0, 0, 0, 0, 0, 0, 0, 0, 0, 0, 0, 0, 0, 0, 0, 0, 0, 0, 0, 0, 0, 0, 0, 0, 0, 0, 0, 0, 0, 0, 0, 0, 0, 0, 0, 0, 0, 0, 0, 0, 0, 0, 0, 0, 0, 0, 0, 0, 0, 0, 0, 0, 0, 0, 0, 0, 0, 0, 0, 0, 0, 0, 0, 0, 0, 0, 0, 0, 0, 0, 0, 0, 0, 0, 0, 0, 0, 0, 0, 0, 0, 0, 0, 0, 0, 0, 0, 0, 0, 0, 0, 0, 0, 0, 0, 0, 0, 0, 0, 0, 0, 0, 0, 0, 0, 0, 0, 0, 0, 0, 0, 0, 0, 0, 0, 0, 0, 0, 0, 0, 0, 0, 0, 0, 0, 0, 0, 0, 0, 0, 0, 0, 0, 0, 0, 0, 0, 0, 0, 0, 0, 0, 0, 0, 0, 0, 0, 0, 0, 0, 0, 0, 0, 0, 0, 0, 0, 0, 0, 0, 0, 0, 0, 0, 0, 0, 0, 0, 0, 0, 0, 0, 0, 0, 0, 0, 0, 0, 0, 0, 0, 0, 0, 0, 0, 0, 0, 0, 0, 0, 0, 0, 0, 0, 0, 0, 0, 0, 0, 0, 0, 0, 0, 0, 0, 0, 0, 0, 0, 0, 0, 0, 0, 0, 0, 0, 0, 0, 0, 0, 0, 0, 0, 0, 0, 0, 0, 0, 0, 0, 0, 0, 0, 0, 0, 0, 0, 0, 0, 0, 0, 0, 0, 0, 0, 0, 0, 0, 0, 0, 0, 0, 0, 0, 0, 0, 0, 0, 0, 0, 0, 0, 0, 0, 0, 0, 0, 0, 0, 0, 0, 0, 0, 0, 0, 0, 0, 0, 0, 0, 0, 0, 0, 0, 0, 0, 0, 0, 0, 0, 0, 0, 0, 0, 0, 0, 0, 0, 0, 0, 0, 0, 0, 0, 0, 0, 0, 0, 0, 0, 0, 0, 0, 0, 0, 0, 0, 0, 0, 0, 0, 0, 0, 0, 0, 0, 0, 0, 0, 0, 0, 0, 0, 0, 0, 0, 0, 0, 0, 0, 0, 0, 0, 0, 0, 0, 0, 0, 0, 0, 0, 0, 0, 0, 0, 0, 0, 0, 0, 0, 0, 0, 0, 0, 0, 0, 0, 0, 0, 0, 0, 0, 0, 0, 0, 0, 0, 0, 0, 0, 0, 0, 0, 0, 0, 0, 0, 0, 0, 0, 0, 0, 0, 0, 0, 0, 0, 0, 0, 0, 0, 0, 0, 0, 0, 0, 0, 0, 0, 0, 0, 0, 0, 0, 0, 0, 0, 0, 0, 0, 0, 0, 0, 0, 0, 0, 0, 0, 0, 0, 0, 0, 0, 0, 0, 0, 0, 0, 0, 0, 0, 0, 0, 0, 0, 0, 0, 0, 0, 0, 0, 0, 0, 0, 0, 0, 0, 0, 0, 0, 0, 0, 0, 0, 0, 0, 0, 0, 0, 0, 0, 0, 0, 0, 0, 0, 0, 0, 0, 0, 0, 0, 0, 0, 0, 0, 0, 0, 0, 0, 0, 0, 0, 0, 0, 0, 0, 0, 0, 0, 0, 0, 0, 0, 0, 0, 0, 0, 0, 0, 0, 0, 0, 0, 0, 0, 0, 0, 0, 0, 0, 0, 0, 0, 0, 0, 0, 0, 0, 0, 0, 0, 0, 0, 0, 0, 0, 0, 0, 0, 0, 0, 0, 0, 0, 0, 0, 0, 0, 0, 0, 0, 0, 0, 0, 0, 0, 0, 0, 0, 0, 0, 0, 0, 0, 0, 0, 0, 0, 0, 0, 0, 0, 0, 0, 0, 0, 0, 0, 0, 0, 0, 0, 0, 0, 0, 0, 0, 0, 0, 0, 0, 0, 0, 0, 0, 0, 0, 0, 0, 0, 0, 0, 0, 0, 0, 0, 0, 0, 0, 0, 0, 0, 0, 0, 0, 0, 0, 0, 0, 0, 0, 0, 0, 0, 0, 0, 0, 0, 0, 0, 0, 0, 0, 0, 0, 0, 0, 0, 0, 0, 0, 0, 0, 0, 0, 0, 0, 0, 0, 0, 0, 0, 0, 0, 0, 0, 0, 0, 0, 0, 0, 0, 0, 0, 0, 0, 0, 0, 0, 0, 0, 0, 0, 0, 0, 0, 0, 0, 0, 0, 0, 0, 0, 0, 0, 0, 0, 0, 0, 0, 0, 0, 0, 0, 0, 0, 0, 0, 0, 0, 0, 0, 0, 0, 0, 0, 0, 0, 0, 0, 0, 0, 0, 0, 0, 0, 0, 0, 0, 0, 0, 0, 0, 0, 0, 0, 0, 0, 0, 0, 0, 0, 0, 0, 0, 0, 0, 0, 0, 0, 0, 0, 0, 0, 0, 0, 0, 0, 0, 0, 0, 0, 0, 0, 0, 0, 0, 0, 0, 0, 0, 0, 0, 0, 0, 0, 0, 0, 0, 0, 0, 0, 0, 0, 0, 0, 0, 0, 0, 0, 0, 0, 0, 0, 0, 0, 0, 0, 0, 0, 0, 0, 0, 0, 0, 0, 0, 0, 0, 0, 0, 0, 0, 0, 0, 0, 0, 0, 0, 0, 0, 0, 0, 0, 0, 0, 0, 0, 0, 0, 0, 0, 0, 0, 0, 0, 0, 0, 0, 0, 0, 0, 0, 0, 0, 0, 0, 0, 0, 0, 0, 0, 0, 0, 0, 0, 0, 0, 0, 0, 0, 0, 0, 0, 0, 0, 0, 0, 0, 0, 0, 0, 0, 0, 0, 0, 0, 0, 0, 0, 0, 0, 0, 0, 0, 0, 0, 0, 0, 0, 0, 0, 0, 0, 0, 0, 0, 0, 0, 0, 0, 0, 0, 0, 0, 0, 0, 0, 0, 0, 0, 0, 0, 0, 0, 0, 0, 0, 0, 0, 0, 0, 0, 0, 0, 0, 0, 0, 0, 0, 0, 0, 0, 0, 0, 0, 0, 0, 0, 0, 0, 0, 0, 0, 0, 0, 0, 0, 0, 0, 0, 0, 0, 0, 0, 0, 0, 0, 0, 0, 0, 0, 0, 0, 0, 0, 0, 0, 0, 0, 0, 0, 0, 0, 0, 0, 0, 0, 0, 0, 0, 0, 0, 0, 0, 0, 0, 0, 0, 0, 0, 0, 0, 0, 0, 0, 0, 0, 0, 0, 0, 0, 0, 0, 0, 0, 0, 0, 0, 0, 0, 0, 0, 0, 0, 0, 0, 0, 0, 0, 0, 0, 0, 0, 0, 0, 0, 0, 0, 0, 0, 0, 0, 0, 0, 0, 0, 0, 0, 0, 0, 0, 0, 0, 0, 0, 0, 0, 0, 0, 0, 0, 0, 0, 0, 0, 0, 0, 0, 0, 0, 0, 0, 0, 0, 0, 0, 0, 0, 0, 0, 0, 0, 0, 0, 0, 0, 0, 0, 0, 0, 0, 0, 0, 0, 0, 0, 0, 0, 0, 0, 0, 0, 0, 0, 0, 0, 0, 0, 0, 0, 0, 0, 0, 0, 0, 0, 0, 0, 0, 0, 0, 0, 0, 0, 0, 0, 0, 0, 0, 0, 0, 0, 0, 0, 0, 0, 0, 0, 0, 0, 0, 0, 0, 0, 0, 0, 0, 0, 0, 0, 0, 0, 0, 0, 0, 0, 0, 0, 0, 0, 0, 0, 0, 0, 0, 0, 0, 0, 0, 0, 0, 0, 0, 0, 0, 0, 0, 0, 0, 0, 0, 0, 0, 0, 0, 0, 0, 0, 0, 0, 0, 0, 0, 0, 0, 0, 0, 0, 0, 0, 0, 0, 0, 0, 0, 0, 0, 0, 0, 0, 0, 0, 0, 0, 0, 0, 0, 0, 0, 0, 0, 0, 0, 0, 0, 0, 0, 0, 0, 0, 0, 0, 0, 0, 0, 0, 0, 0, 0, 0, 0, 0, 0, 0, 0, 0, 0, 0, 0, 0, 0, 0, 0, 0, 0, 0, 0, 0, 0, 0, 0, 0, 0, 0, 0, 0, 0, 0, 0, 0, 0, 0, 0, 0, 0, 0, 0, 0, 0, 0, 0, 0, 0, 0, 0, 0, 0, 0, 0, 0, 0, 0, 0, 0, 0, 0, 0, 0, 0, 0, 0, 0, 0, 0, 0, 0, 0, 0, 0, 0, 0, 0, 0, 0, 0, 0, 0, 0, 0, 0, 0, 0, 0, 0, 0, 0, 0, 0, 0, 0, 0, 0, 0, 0, 0, 0, 0, 0, 0, 0, 0, 0, 0, 0, 0, 0, 0, 0, 0, 0, 0, 0, 0, 0, 0, 0, 0, 0, 0, 0, 0, 0, 0, 0, 0, 0, 0, 0, 0, 0, 0, 0, 0, 0, 0, 0, 0, 0, 0, 0, 0, 0, 0, 0, 0, 0, 0, 0, 0, 0, 0, 0, 0, 0, 0, 0, 0, 0, 0, 0, 0, 0, 0, 0, 0, 0, 0, 0, 0, 0, 0, 0, 0, 0, 0, 0, 0, 0, 0, 0, 0, 0, 0, 0, 0, 0, 0, 0, 0, 0, 0, 0, 0, 0, 0, 0, 0, 0, 0, 0, 0, 0, 0, 0, 0, 0, 0, 0, 0, 0, 0, 0, 0, 0, 0, 0, 0, 0, 0, 0, 0, 0, 0, 0, 0, 0, 0, 0, 0, 0, 0, 0, 0, 0, 0, 0, 0, 0, 0, 0, 0, 0, 0, 0, 0, 0, 0, 0, 0, 0, 0, 0, 0, 0, 0, 0, 0, 0, 0, 0, 0, 0, 0, 0, 0, 0, 0, 0, 0, 0, 0, 0, 0, 0, 0, 0, 0, 0, 0, 0, 0, 0, 0, 0, 0, 0, 0, 0, 0, 0, 0, 0, 0, 0, 0, 0, 0, 0, 0, 0, 0, 0, 0, 0, 0, 0, 0, 0, 0, 0, 0, 0, 0, 0, 0, 0, 0, 0, 0, 0, 0, 0, 0, 0, 0, 0, 0, 0, 0, 0, 0, 0, 0, 0, 0, 0, 0, 0, 0, 0, 0, 0, 0, 0, 0, 0, 0, 0, 0, 0, 0, 0, 0, 0, 0, 0, 0, 0, 0, 0, 0, 0, 0, 0, 0, 0, 0, 0, 0, 0, 0, 0, 0, 0, 0, 0, 0, 0, 0, 0, 0, 0, 0, 0, 0, 0, 0, 0, 0, 0, 0, 0, 0, 0, 0, 0, 0, 0, 0, 0, 0, 0, 0, 0, 0, 0, 0, 0, 0, 0, 0, 0, 0, 0, 0, 0, 0, 0, 0, 0, 0, 0, 0, 0, 0, 0, 0, 0, 0, 0, 0, 0, 0, 0, 0, 0, 0, 0, 0, 0, 0, 0, 0, 0, 0, 0, 0, 0, 0, 0, 0, 0, 0, 0, 0, 0, 0, 0, 0, 0, 0, 0, 0, 0, 0, 0, 0, 0, 0, 0, 0, 0, 0, 0, 0, 0, 0, 0, 0, 0, 0, 0, 0, 0, 0, 0, 0, 0, 0, 0, 0, 0, 0, 0, 0, 0, 0, 0, 0, 0, 0, 0, 0, 0, 0, 0, 0, 0, 0, 0, 0, 0, 0, 0, 0, 0, 0, 0, 0, 0, 0, 0, 0, 0, 0, 0, 0, 0, 0, 0, 0, 0, 0, 0, 0, 0, 0, 0, 0, 0, 0, 0, 0, 0, 0, 0, 0, 0, 0, 0, 0, 0, 0, 0, 0, 0, 0, 0, 0, 0, 0, 0, 0, 0, 0, 0, 0, 0, 0, 0, 0, 0, 0, 0, 0, 0, 0, 0, 0, 0, 0, 0, 0, 0, 0, 0, 0, 0, 0, 0, 0, 0, 0, 0, 0, 0, 0, 0, 0, 0, 0, 0, 0, 0, 0, 0, 0, 0, 0, 0, 0, 0, 0, 0, 0, 0, 0, 0, 0, 0, 0, 0, 0, 0, 0, 0, 0, 0, 0, 0, 0, 0, 0, 0, 0, 0, 0, 0, 0, 0, 0, 0, 0, 0, 0, 0, 0, 0, 0, 0, 0, 0, 0, 0, 0, 0, 0, 0, 0, 0, 0, 0, 0, 0, 0, 0, 0, 0, 0, 0, 0, 0, 0, 0, 0, 0, 0, 0, 0, 0, 0, 0, 0, 0, 0, 0, 0, 0, 0, 0, 0, 0, 0, 0, 0, 0, 0, 0, 0, 0, 0, 0, 0, 0, 0, 0, 0, 0, 0, 0, 0, 0, 0, 0, 0, 0, 0, 0, 0, 0, 0, 0, 0, 0, 0, 0, 0, 0, 0, 0, 0, 0, 0, 0, 0, 0, 0, 0, 0, 0, 0, 0, 0, 0, 0, 0, 0, 0, 0, 0, 0, 0, 0, 0, 0, 0, 0, 0, 0, 0, 0, 0, 0, 0, 0, 0, 0, 0, 0, 0, 0, 0, 0, 0, 0, 0, 0, 0, 0, 0, 0, 0, 0, 0, 0, 0, 0, 0, 0, 0, 0, 0, 0, 0, 0, 0, 0, 0, 0, 0, 0, 0, 0, 0, 0, 0, 0, 0, 0, 0, 0, 0, 0, 0, 0, 0, 0, 0, 0, 0, 0, 0, 0, 0, 0, 0, 0, 0, 0, 0, 0, 0, 0, 0, 0, 0, 0, 0, 0, 0, 0, 0, 0, 0, 0, 0, 0, 0, 0, 0, 0, 0, 0, 0, 0, 0, 0, 0, 0, 0, 0, 0, 0, 0, 0, 0, 0, 0, 0, 0, 0, 0, 0, 0, 0, 0, 0, 0, 0, 0, 0, 0, 0, 0, 0, 0, 0, 0, 0, 0, 0, 0, 0, 0, 0, 0, 0, 0, 0, 0, 0, 0, 0, 0, 0, 0, 0, 0, 0, 0, 0, 0, 0, 0, 0, 0, 0, 0, 0, 0, 0, 0, 0, 0, 0, 0, 0, 0, 0, 0, 0, 0, 0, 0, 0, 0, 0, 0, 0, 0, 0, 0, 0, 0, 0, 0, 0, 0, 0, 0, 0, 0, 0, 0, 0, 0, 0, 0, 0, 0, 0, 0, 0, 0, 0, 0, 0, 0, 0, 0, 0, 0, 0, 0, 0, 0, 0, 0, 0, 0, 0, 0, 0, 0, 0, 0, 0, 0, 0, 0, 0, 0, 0, 0, 0, 0, 0, 0, 0, 0, 0, 0, 0, 0, 0, 0, 0, 0, 0, 0, 0, 0, 0, 0, 0, 0, 0, 0, 0, 0, 0, 0, 0, 0, 0, 0, 0, 0, 0, 0, 0, 0, 0, 0, 0, 0, 0, 0, 0, 0, 0, 0, 0, 0, 0, 0, 0, 0, 0, 0, 0, 0, 0, 0, 0, 0, 0, 0, 0, 0, 0, 0, 0, 0, 0, 0, 0, 0, 0, 0, 0, 0, 0, 0, 0, 0, 0, 0, 0, 0, 0, 0, 0, 0, 0, 0, 0, 0, 0, 0, 0, 0, 0, 0, 0, 0, 0, 0, 0, 0, 0, 0, 0, 0, 0, 0, 0, 0, 0, 0, 0, 0, 0, 0, 0, 0, 0, 0, 0, 0, 0, 0, 0, 0, 0, 0, 0, 0, 0, 0, 0, 0, 0, 0, 0, 0, 0, 0, 0, 0, 0, 0, 0, 0, 0, 0, 0, 0, 0, 0, 0, 0, 0, 0, 0, 0, 0, 0, 0, 0, 0, 0, 0, 0, 0, 0, 0, 0, 0, 0, 0, 0, 0, 0, 0, 0, 0, 0, 0, 0, 0, 0, 0, 0, 0, 0, 0, 0, 0, 0, 0, 0, 0, 0, 0, 0, 0, 0, 0, 0, 0, 0, 0
0, 0.00397374094127447, 0.00795014743856726, 0.0119292194918784, 0.0159109571012078, 0.0198953602665556, 0.0238824289879217, 0.0278721632653061, 0.0318645630987089, 0.03585962848813, 0.0398573594335694, 0.0438577559350271, 0.0478608179925031, 0.0518665456059975, 0.0558749387755102, 0.0598859975010413, 0.0638997217825906, 0.0679161116201583, 0.0719351670137443, 0.0759568879633486, 0.0799812744689713, 0.0840083265306123, 0.0880380441482716, 0.0920704273219492, 0.0961054760516452, 0.100143190337359, 0.104183570179092, 0.108226615576843, 0.112272326530612, 0.1163207030404, 0.120371745106206, 0.12442545272803, 0.128481825905873, 0.132540864639734, 0.136602568929613, 0.14066693877551, 0.144733974177426, 0.14880367513536, 0.152876041649313, 0.156951073719284, 0.161028771345273, 0.16510913452728, 0.169192163265306, 0.17327785755935, 0.177366217409413, 0.181457242815494, 0.185550933777593, 0.18964729029571, 0.193746312369846, 0.197848, 0, -0.00118384520510713, -0.00244635768738461, -0.00377500371878376, -0.00515771167612024, -0.00658286285543448, -0.00803928228747057, -0.00951622955413317, -0.0110033896057592, -0.0124908635790194, -0.0139691596152484, -0.0154291836789842, -0.0168622303764912, -0.0182599737740297, -0.0196144582156391, -0.0209180891401986, -0.0221636238975434, -0.0233441625634245, -0.0244531387531161, -0.0254843104335018, -0.0264317507334882, -0.0272898387526283, -0.0280532503678643, -0.0287169490383283, -0.0292761766081752, -0.0297264441074464, -0.0300635225509978, -0.0302834337355487, -0.0303824410349343, -0.0303570401936667, -0.0302039501189257, -0.0299201036711169, -0.0295026384531438, -0.0289488875985488, -0.0282563705586822, -0.0274227838890561, -0.0264459920350405, -0.0253240181170512, -0.0240550347153735, -0.0226373546547537, -0.0210694217888831, -0.019349801784884, -0.0174771729078974, -0.0154503168058579, -0.0132681092945291, -0.010929511142861, -0.00843355885871814, -0.00577935547501711, -0.00296606133630114, 7.11511422962514e-06, 0, -0.00118359261460156, -0.0024458748396653, -0.003774313439217, -0.00515683722440125, -0.00658182786981038, -0.00803811073093199, -0.00951494566257453, -0.0110020178381078, -0.0124894285693337, -0.0139676861267856, -0.0154276965602371, -0.0168607545191951, -0.01825853407314, -0.0196130795312788, -0.0209167962615771, -0.0221624415088472, -0.0233431152116786, -0.0244522508180192, -0.0254836060992328, -0.0264312539624863, -0.0272895732613469, -0.0280532396044979, -0.0287172161625144, -0.0292767444726696, -0.0297273352417743, -0.0300647591470786, -0.0302850376352964, -0.0303844337198333, -0.0303594427763224, -0.0302067833365906, -0.0299233878811918, -0.0295063936306547, -0.028953133335599, -0.0282611260658792, -0.0274280679989144, -0.0264518232073588, -0.0253304144462649, -0.0240620139398817, -0.0226449341682215, -0.0210776186535177, -0.0193586327466858, -0.0174866544138851, -0.0154604650232679, -0.013278940131989, -0.0109410402735366, -0.00844580174543501, -0.00579232739735518, -0.00297977741966322, -7.36013242412731e-06, 0, -0.00118359261154431, -0.00244587483198496, -0.00377431342535943, -0.00515683720282947, -0.0065818278390098, -0.00803811068941546, -0.00951494560888724, -0.0110020177708319, -0.012489428487093, -0.0139676860282495, -0.0154276964441252, -0.0168607543842808, -0.0182585339182543, -0.019613079355314, -0.0209167960634901, -0.0221624412876628, -0.0233431149664923, -0.0244522505480003, -0.0254836058036268, -0.0264312536406175, -0.0272895729126207, -0.0280532392284027, -0.0287172157586238, -0.029276744040644, -0.0297273347813622, -0.0300647586581183, -0.030285037117717, -0.0303844331736558, -0.0303594422016602, -0.0302067827336506, -0.0299233872502745, -0.0295063929721545, -0.0289531326500043, -0.0282611253537725, -0.0274280672609716, -0.026451822444349, -0.0253304136590497, -0.0240620131294145, -0.0226449333355461, -0.0210776177997675, -0.0193586318730821, -0.0174866535217357, -0.0154604641139654, -0.0132789392070085, -0.0109410393344343, -0.00844580079384506, -0.00579232643498778, -0.00297977644830168, -7.35915392211656e-06, 0, -0.00118359261155033, -0.00244587483199628, -0.00377431342537535, -0.00515683720284931, -0.00658182783903294, -0.00803811068944134, -0.00951494560891534, -0.0110020177708618, -0.0124894284871244, -0.0139676860282821, -0.0154276964441588, -0.0168607543843154, -0.01825853391829, -0.0196130793553509, -0.0209167960635285, -0.0221624412877028, -0.0233431149665345, -0.0244522505480451, -0.0254836058036747, -0.0264312536406691, -0.0272895729126765, -0.0280532392284635, -0.0287172157586902, -0.0292767440407166, -0.0297273347814416, -0.0300647586582051, -0.0302850371178119, -0.0303844331737593, -0.0303594422017727, -0.0302067827337725, -0.0299233872504062, -0.0295063929722962, -0.0289531326501562, -0.0282611253539346, -0.0274280672611439, -0.0264518224445314, -0.0253304136592421, -0.0240620131296165, -0.0226449333357573, -0.0210776177999874, -0.0193586318733102, -0.0174866535219714, -0.0154604641142079, -0.013278939207257, -0.0109410393346879, -0.00844580079410283, -0.00579232643524866, -0.00297977644856459, -7.35915418589731e-06, 0, -0.00118359261155495, -0.00244587483200451, -0.0037743134253862, -0.00515683720286183, -0.00658182783904624, -0.00803811068945459, -0.0095149456089278, -0.0110020177708728, -0.0124894284871334, -0.0139676860282886, -0.0154276964441625, -0.016860754384316, -0.0182585339182874, -0.0196130793553449, -0.0209167960635193, -0.0221624412876905, -0.0233431149665194, -0.0244522505480274, -0.0254836058036549, -0.0264312536406476, -0.0272895729126538, -0.0280532392284401, -0.0287172157586666, -0.0292767440406934, -0.0297273347814193, -0.0300647586581843, -0.030285037117793, -0.0303844331737427, -0.0303594422017589, -0.0302067827337618, -0.0299233872503988, -0.0295063929722924, -0.028953132650156, -0.0282611253539382, -0.0274280672611511, -0.0264518224445421, -0.025330413659256, -0.0240620131296334, -0.0226449333357767, -0.0210776178000089, -0.019358631873333, -0.0174866535219949, -0.0154604641142314, -0.0132789392072797, -0.0109410393347087, -0.00844580079412087, -0.00579232643526287, -0.00297977644857385, -7.35915418903022e-06, 0, -0.00118359261155958, -0.00244587483201275, -0.00377431342539706, -0.00515683720287436, -0.00658182783905953, -0.00803811068946781, -0.0095149456089402, -0.0110020177708838, -0.0124894284871423, -0.013967686028295, -0.015427696444166, -0.0168607543843163, -0.0182585339182844, -0.0196130793553386, -0.0209167960635096, -0.0221624412876778, -0.0233431149665037, -0.0244522505480091, -0.0254836058036344, -0.0264312536406253, -0.0272895729126302, -0.0280532392284157, -0.0287172157586419, -0.029276744040669, -0.0297273347813957, -0.030064758658162, -0.0302850371177725, -0.0303844331737244, -0.0303594422017433, -0.0302067827337491, -0.0299233872503894, -0.0295063929722863, -0.0289531326501535, -0.0282611253539392, -0.0274280672611556, -0.02645182244455, -0.025330413659267, -0.0240620131296471, -0.0226449333357928, -0.0210776178000267, -0.0193586318733521, -0.0174866535220146, -0.0154604641142508, -0.013278939207298, -0.010941039334725, -0.0084458007941342, -0.00579232643527215, -0.00297977644857795, -7.35915418677985e-06, 0, -0.0011835926115642, -0.00244587483202097, -0.0037743134254079, -0.00515683720288686, -0.00658182783907281, -0.00803811068948103, -0.00951494560895262, -0.0110020177708947, -0.0124894284871512, -0.0139676860283014, -0.0154276964441695, -0.0168607543843168, -0.0182585339182816, -0.0196130793553325, -0.0209167960635003, -0.0221624412876653, -0.0233431149664884, -0.0244522505479913, -0.0254836058036144, -0.0264312536406036, -0.0272895729126073, -0.028053239228392, -0.0287172157586181, -0.0292767440406455, -0.0297273347813731, -0.0300647586581408, -0.0302850371177532, -0.0303844331737075, -0.0303594422017291, -0.030206782733738, -0.0299233872503815, -0.029506392972282, -0.0289531326501528, -0.0282611253539422, -0.0274280672611622, -0.02645182244456, -0.0253304136592803, -0.0240620131296633, -0.0226449333358114, -0.0210776178000473, -0.0193586318733741, -0.0174866535220372, -0.0154604641142733, -0.0132789392073196, -0.0109410393347448, -0.00844580079415116, -0.00579232643528523, -0.00297977644858604, -7.35915418868024e-06, 0, -0.00118359261156886, -0.00244587483202928, -0.00377431342541885, -0.00515683720289952, -0.00658182783908628, -0.00803811068949449, -0.0095149456089653, -0.011002017770906, -0.0124894284871604, -0.0139676860283082, -0.0154276964441735, -0.0168607543843176, -0.0182585339182792, -0.0196130793553268, -0.0209167960634914, -0.0221624412876534, -0.0233431149664736, -0.024452250547974, -0.0254836058035949, -0.0264312536405824, -0.0272895729125848, -0.0280532392283689, -0.0287172157585947, -0.0292767440406225, -0.029727334781351, -0.0300647586581201, -0.0302850371177344, -0.0303844331736909, -0.0303594422017152, -0.0302067827337272, -0.029923387250374, -0.029506392972278, -0.0289531326501524, -0.0282611253539454, -0.027428067261169, -0.0264518224445702, -0.0253304136592936, -0.0240620131296794, -0.02264493333583, -0.0210776178000678, -0.0193586318733958, -0.0174866535220596, -0.0154604641142955, -0.0132789392073408, -0.0109410393347641, -0.00844580079416753, -0.00579232643529761, -0.00297977644859332, -7.35915418967467e-06, 0, -0.00118359261157343, -0.00244587483203739, -0.00377431342542954, -0.00515683720291183, -0.00658182783909933, -0.00803811068950745, -0.00951494560897743, -0.0110020177709166, -0.012489428487169, -0.0139676860283143, -0.0154276964441767, -0.0168607543843177, -0.0182585339182761, -0.0196130793553204, -0.0209167960634818, -0.0221624412876406, -0.023343114966458, -0.0244522505479559, -0.0254836058035747, -0.0264312536405605, -0.0272895729125618, -0.0280532392283451, -0.0287172157585708, -0.029276744040599, -0.0297273347813285, -0.030064758658099, -0.0302850371177153, -0.0303844331736743, -0.0303594422017014, -0.0302067827337165, -0.0299233872503668, -0.0295063929722744, -0.0289531326501526, -0.0282611253539493, -0.0274280672611766, -0.0264518224445814, -0.0253304136593082, -0.024062013129697, -0.0226449333358502, -0.0210776178000901, -0.0193586318734197, -0.0174866535220843, -0.0154604641143203, -0.0132789392073649, -0.0109410393347865, -0.00844580079418733, -0.00579232643531374, -0.00297977644860467, -7.35915419507053e-06, 0, -0.00118359261157809, -0.00244587483204569, -0.00377431342544048, -0.00515683720292447, -0.00658182783911275, -0.00803811068952083, -0.00951494560899002, -0.0110020177709277, -0.0124894284871781, -0.0139676860283208, -0.0154276964441804, -0.0168607543843183, -0.0182585339182733, -0.0196130793553143, -0.0209167960634724, -0.0221624412876282, -0.0233431149664427, -0.0244522505479379, -0.0254836058035545, -0.0264312536405385, -0.0272895729125384, -0.028053239228321, -0.0287172157585464, -0.0292767440405749, -0.0297273347813051, -0.030064758658077, -0.030285037117695, -0.0303844331736562, -0.0303594422016859, -0.0302067827337039, -0.0299233872503574, -0.0295063929722684, -0.02895313265015, -0.0282611253539502, -0.027428067261181, -0.0264518224445891, -0.0253304136593189, -0.0240620131297104, -0.0226449333358659, -0.0210776178001075, -0.0193586318734382, -0.0174866535221032, -0.015460464114339, -0.0132789392073823, -0.0109410393348019, -0.0084458007941996, -0.00579232643532186, -0.00297977644860749, -7.3591541914198e-06, 0, -0.00118359261158271, -0.00244587483205393, -0.00377431342545134, -0.00515683720293699, -0.00658182783912604, -0.00803811068953406, -0.00951494560900244, -0.0110020177709387, -0.012489428487187, -0.0139676860283272, -0.0154276964441839, -0.0168607543843187, -0.0182585339182704, -0.0196130793553081, -0.0209167960634629, -0.0221624412876155, -0.0233431149664271, -0.0244522505479197, -0.0254836058035341, -0.0264312536405163, -0.027289572912515, -0.0280532392282968, -0.0287172157585219, -0.0292767440405507, -0.0297273347812817, -0.0300647586580549, -0.0302850371176747, -0.0303844331736382, -0.0303594422016705, -0.0302067827336915, -0.0299233872503482, -0.0295063929722626, -0.0289531326501478, -0.0282611253539516, -0.0274280672611858, -0.0264518224445972, -0.0253304136593301, -0.0240620131297244, -0.0226449333358822, -0.0210776178001256, -0.0193586318734576, -0.0174866535221231, -0.0154604641143586, -0.0132789392074009, -0.0109410393348184, -0.00844580079421313, -0.00579232643533132, -0.00297977644861176, -7.35915418931428e-06, 0, -0.00118359261158736, -0.00244587483206221, -0.00377431342546227, -0.0051568372029496, -0.00658182783913945, -0.00803811068954743, -0.00951494560901502, -0.0110020177709498, -0.0124894284871961, -0.0139676860283338, -0.0154276964441877, -0.0168607543843193, -0.0182585339182678, -0.0196130793553022, -0.0209167960634537, -0.0221624412876032, -0.023343114966412, -0.0244522505479021, -0.0254836058035142, -0.0264312536404947, -0.0272895729124921, -0.0280532392282731, -0.0287172157584981, -0.0292767440405271, -0.029727334781259, -0.0300647586580335, -0.0302850371176552, -0.0303844331736209, -0.0303594422016559, -0.0302067827336799, -0.0299233872503399, -0.0295063929722577, -0.0289531326501465, -0.0282611253539538, -0.0274280672611916, -0.0264518224446064, -0.0253304136593424, -0.0240620131297395, -0.0226449333358996, -0.0210776178001449, -0.0193586318734781, -0.0174866535221442, -0.0154604641143795, -0.0132789392074207, -0.0109410393348363, -0.00844580079422803, -0.0057923264353422, -0.00297977644861749, -7.35915418871667e-06, 0, -0.00118359261159196, -0.00244587483207039, -0.00377431342547304, -0.00515683720296203, -0.00658182783915264, -0.00803811068956056, -0.00951494560902734, -0.0110020177709606, -0.0124894284872049, -0.0139676860283402, -0.0154276964441911, -0.0168607543843197, -0.0182585339182649, -0.019613079355296, -0.0209167960634443, -0.0221624412875907, -0.0233431149663966, -0.0244522505478842, -0.0254836058034942, -0.026431253640473, -0.0272895729124692, -0.0280532392282495, -0.0287172157584743, -0.0292767440405037, -0.0297273347812366, -0.0300647586580125, -0.0302850371176361, -0.0303844331736042, -0.030359442201642, -0.0302067827336691, -0.0299233872503324, -0.0295063929722538, -0.0289531326501463, -0.0282611253539573, -0.0274280672611988, -0.026451822444617, -0.0253304136593563, -0.0240620131297563, -0.022644933335919, -0.0210776178001663, -0.0193586318735009, -0.0174866535221678, -0.015460464114403, -0.0132789392074434, -0.0109410393348572, -0.00844580079424619, -0.00579232643535655, -0.00297977644862692, -7.35915419203649e-06, 0, -0.0011835926115966, -0.00244587483207866, -0.00377431342548394, -0.0051568372029746, -0.00658182783916599, -0.00803811068957386, -0.00951494560903983, -0.0110020177709717, -0.0124894284872139, -0.0139676860283466, -0.0154276964441947, -0.0168607543843202, -0.0182585339182621, -0.0196130793552899, -0.0209167960634349, -0.0221624412875782, -0.0233431149663812, -0.0244522505478662, -0.025483605803474, -0.026431253640451, -0.0272895729124459, -0.0280532392282254, -0.0287172157584499, -0.0292767440404796, -0.0297273347812133, -0.0300647586579906, -0.0302850371176159, -0.0303844331735863, -0.0303594422016267, -0.0302067827336567, -0.0299233872503233, -0.0295063929722481, -0.0289531326501441, -0.0282611253539587, -0.0274280672612036, -0.0264518224446252, -0.0253304136593675, -0.0240620131297703, -0.0226449333359353, -0.0210776178001845, -0.0193586318735203, -0.0174866535221877, -0.0154604641144227, -0.013278939207462, -0.0109410393348738, -0.00844580079425975, -0.00579232643536606, -0.00297977644863126, -7.35915419001467e-06, 0, -0.00118359261160122, -0.00244587483208688, -0.00377431342549477, -0.0051568372029871, -0.00658182783917925, -0.00803811068958704, -0.0095149456090522, -0.0110020177709825, -0.0124894284872227, -0.0139676860283529, -0.0154276964441982, -0.0168607543843204, -0.0182585339182591, -0.0196130793552835, -0.0209167960634253, -0.0221624412875654, -0.0233431149663655, -0.0244522505478479, -0.0254836058034535, -0.0264312536404287, -0.0272895729124223, -0.0280532392282011, -0.0287172157584254, -0.0292767440404553, -0.0297273347811898, -0.0300647586579684, -0.0302850371175956, -0.0303844331735682, -0.0303594422016112, -0.0302067827336442, -0.029923387250314, -0.0295063929722423, -0.0289531326501417, -0.0282611253539599, -0.0274280672612083, -0.0264518224446332, -0.0253304136593787, -0.0240620131297842, -0.0226449333359516, -0.0210776178002025, -0.0193586318735395, -0.0174866535222074, -0.0154604641144422, -0.0132789392074804, -0.0109410393348902, -0.0084458007942732, -0.00579232643537545, -0.00297977644863545, -7.3591541878402e-06, 0, -0.00118359261160583, -0.00244587483209509, -0.00377431342550559, -0.00515683720299957, -0.00658182783919249, -0.00803811068960023, -0.00951494560906458, -0.0110020177709935, -0.0124894284872316, -0.0139676860283593, -0.0154276964442017, -0.0168607543843209, -0.0182585339182563, -0.0196130793552774, -0.0209167960634159, -0.0221624412875529, -0.0233431149663502, -0.02445225054783, -0.0254836058034335, -0.026431253640407, -0.0272895729123993, -0.0280532392281774, -0.0287172157584015, -0.0292767440404318, -0.0297273347811671, -0.0300647586579472, -0.0302850371175762, -0.0303844331735512, -0.0303594422015969, -0.030206782733633, -0.0299233872503062, -0.0295063929722379, -0.028953132650141, -0.0282611253539629, -0.0274280672612149, -0.0264518224446433, -0.0253304136593919, -0.0240620131298004, -0.0226449333359702, -0.0210776178002231, -0.0193586318735615, -0.0174866535222301, -0.0154604641144648, -0.0132789392075022, -0.0109410393349101, -0.0084458007942903, -0.0057923264353887, -0.00297977644864373, -7.35915418997694e-06, 0, -0.0011835926116104, -0.00244587483210321, -0.00377431342551628, -0.00515683720301189, -0.00658182783920554, -0.0080381106896132, -0.00951494560907671, -0.0110020177710041, -0.0124894284872402, -0.0139676860283654, -0.0154276964442049, -0.016860754384321, -0.0182585339182531, -0.0196130793552709, -0.0209167960634062, -0.0221624412875401, -0.0233431149663345, -0.0244522505478118, -0.0254836058034131, -0.0264312536403849, -0.0272895729123761, -0.0280532392281534, -0.0287172157583774, -0.0292767440404081, -0.0297273347811443, -0.0300647586579258, -0.0302850371175568, -0.0303844331735341, -0.0303594422015826, -0.0302067827336218, -0.0299233872502984, -0.0295063929722337, -0.0289531326501405, -0.0282611253539661, -0.0274280672612217, -0.0264518224446537, -0.0253304136594056, -0.024062013129817, -0.0226449333359894, -0.0210776178002444, -0.0193586318735842, -0.0174866535222536, -0.0154604641144884, -0.0132789392075249, -0.0109410393349311, -0.00844580079430857, -0.0057923264354032, -0.00297977644865337, -7.35915419356218e-06, 0, -0.00118359261161506, -0.00244587483211151, -0.00377431342552722, -0.00515683720302452, -0.00658182783921897, -0.00803811068962658, -0.0095149456090893, -0.0110020177710152, -0.0124894284872493, -0.013967686028372, -0.0154276964442086, -0.0168607543843215, -0.0182585339182504, -0.0196130793552648, -0.0209167960633968, -0.0221624412875276, -0.0233431149663191, -0.0244522505477938, -0.0254836058033929, -0.0264312536403629, -0.0272895729123527, -0.0280532392281292, -0.0287172157583529, -0.0292767440403838, -0.0297273347811208, -0.0300647586579036, -0.0302850371175363, -0.0303844331735158, -0.030359442201567, -0.0302067827336091, -0.0299233872502887, -0.0295063929722274, -0.0289531326501377, -0.0282611253539667, -0.0274280672612258, -0.026451822444661, -0.025330413659416, -0.02406201312983, -0.0226449333360046, -0.0210776178002613, -0.0193586318736023, -0.0174866535222721, -0.0154604641145065, -0.0132789392075418, -0.0109410393349459, -0.00844580079432029, -0.00579232643541074, -0.0029797764486556, -7.3591541892939e-06, 0, -0.00118359261161963, -0.00244587483211965, -0.00377431342553795, -0.0051568372030369, -0.0065818278392321, -0.00803811068963965, -0.00951494560910157, -0.011002017771026, -0.0124894284872581, -0.0139676860283783, -0.0154276964442121, -0.0168607543843219, -0.0182585339182476, -0.0196130793552588, -0.0209167960633876, -0.0221624412875153, -0.023343114966304, -0.0244522505477763, -0.0254836058033732, -0.0264312536403416, -0.0272895729123303, -0.0280532392281062, -0.0287172157583297, -0.0292767440403611, -0.0297273347810991, -0.0300647586578834, -0.0302850371175182, -0.0303844331735001, -0.0303594422015541, -0.0302067827335994, -0.0299233872502826, -0.0295063929722249, -0.028953132650139, -0.0282611253539718, -0.0274280672612347, -0.0264518224446735, -0.0253304136594319, -0.024062013129849, -0.0226449333360263, -0.0210776178002851, -0.0193586318736277, -0.0174866535222984, -0.0154604641145329, -0.0132789392075675, -0.01094103933497, -0.00844580079434177, -0.00579232643542859, -0.0029797764486687, -7.35915419648433e-06, 0, -0.00118359261162434, -0.00244587483212804, -0.00377431342554902, -0.00515683720304969, -0.00658182783924572, -0.00803811068965325, -0.0095149456091144, -0.0110020177710374, -0.0124894284872675, -0.0139676860283852, -0.0154276964442161, -0.0168607543843228, -0.0182585339182452, -0.019613079355253, -0.0209167960633785, -0.0221624412875031, -0.0233431149662889, -0.0244522505477585, -0.0254836058033532, -0.0264312536403198, -0.0272895729123071, -0.0280532392280821, -0.0287172157583053, -0.0292767440403369, -0.0297273347810757, -0.0300647586578611, -0.0302850371174976, -0.0303844331734817, -0.0303594422015382, -0.0302067827335863, -0.0299233872502725, -0.0295063929722182, -0.0289531326501356, -0.0282611253539718, -0.027428067261238, -0.0264518224446799, -0.0253304136594412, -0.0240620131298609, -0.0226449333360402, -0.0210776178003006, -0.0193586318736442, -0.0174866535223152, -0.0154604641145492, -0.0132789392075824, -0.0109410393349827, -0.00844580079435114, -0.0057923264354336, -0.00297977644866822, -7.35915418932122e-06, 0, -0.00118359261162892, -0.0024458748321362, -0.00377431342555976, -0.00515683720306208, -0.00658182783925885, -0.00803811068966631, -0.00951494560912663, -0.0110020177710482, -0.0124894284872762, -0.0139676860283914, -0.0154276964442194, -0.016860754384323, -0.0182585339182421, -0.0196130793552467, -0.0209167960633689, -0.0221624412874904, -0.0233431149662733, -0.0244522505477404, -0.0254836058033329, -0.0264312536402978, -0.0272895729122838, -0.0280532392280582, -0.0287172157582812, -0.0292767440403132, -0.0297273347810528, -0.0300647586578397, -0.030285037117478, -0.0303844331734645, -0.0303594422015237, -0.0302067827335749, -0.0299233872502645, -0.0295063929722137, -0.0289531326501347, -0.0282611253539746, -0.0274280672612444, -0.0264518224446899, -0.0253304136594544, -0.024062013129877, -0.0226449333360588, -0.0210776178003213, -0.0193586318736662, -0.0174866535223379, -0.0154604641145719, -0.0132789392076043, -0.0109410393350027, -0.00844580079436841, -0.00579232643544705, -0.00297977644867674, -7.35915419172424e-06, 0, -0.0011835926116335, -0.00244587483214434, -0.00377431342557048, -0.00515683720307442, -0.00658182783927194, -0.00803811068967931, -0.0095149456091388, -0.0110020177710589, -0.0124894284872848, -0.0139676860283975, -0.0154276964442227, -0.0168607543843231, -0.0182585339182389, -0.0196130793552402, -0.0209167960633591, -0.0221624412874776, -0.0233431149662576, -0.0244522505477221, -0.0254836058033125, -0.0264312536402756, -0.0272895729122604, -0.028053239228034, -0.0287172157582569, -0.0292767440402892, -0.0297273347810297, -0.030064758657818, -0.0302850371174582, -0.030384433173447, -0.030359442201509, -0.0302067827335632, -0.0299233872502562, -0.0295063929722089, -0.0289531326501336, -0.0282611253539772, -0.0274280672612506, -0.0264518224446995, -0.0253304136594673, -0.0240620131298928, -0.0226449333360771, -0.0210776178003416, -0.0193586318736879, -0.0174866535223603, -0.0154604641145943, -0.0132789392076258, -0.0109410393350224, -0.00844580079438539, -0.00579232643546022, -0.00297977644868498, -7.35915419386099e-06, 0, -0.00118359261163816, -0.00244587483215264, -0.00377431342558144, -0.00515683720308708, -0.0065818278392854, -0.00803811068969274, -0.00951494560915145, -0.0110020177710701, -0.012489428487294, -0.0139676860284042, -0.0154276964442265, -0.0168607543843239, -0.0182585339182364, -0.0196130793552343, -0.02091679606335, -0.0221624412874654, -0.0233431149662425, -0.0244522505477044, -0.0254836058032926, -0.026431253640254, -0.0272895729122375, -0.0280532392280103, -0.0287172157582329, -0.0292767440402655, -0.0297273347810068, -0.0300647586577964, -0.0302850371174385, -0.0303844331734295, -0.0303594422014941, -0.0302067827335513, -0.0299233872502475, -0.0295063929722035, -0.0289531326501317, -0.0282611253539789, -0.0274280672612557, -0.026451822444708, -0.0253304136594787, -0.024062013129907, -0.0226449333360936, -0.0210776178003598, -0.0193586318737073, -0.0174866535223802, -0.0154604641146139, -0.0132789392076442, -0.0109410393350388, -0.00844580079439873, -0.00579232643546943, -0.00297977644868893, -7.35915419137426e-06, 0, -0.00118359261164279, -0.00244587483216088, -0.0037743134255923, -0.00515683720309963, -0.00658182783929872, -0.00803811068970602, -0.00951494560916394, -0.0110020177710811, -0.012489428487303, -0.0139676860284107, -0.0154276964442302, -0.0168607543843245, -0.0182585339182338, -0.0196130793552284, -0.0209167960633409, -0.0221624412874531, -0.0233431149662274, -0.0244522505476868, -0.0254836058032728, -0.0264312536402324, -0.0272895729122147, -0.0280532392279868, -0.0287172157582092, -0.0292767440402421, -0.0297273347809843, -0.0300647586577753, -0.0302850371174193, -0.0303844331734126, -0.0303594422014799, -0.0302067827335401, -0.0299233872502396, -0.0295063929721992, -0.028953132650131, -0.0282611253539817, -0.0274280672612622, -0.0264518224447178, -0.0253304136594918, -0.0240620131299229, -0.0226449333361119, -0.02107761780038, -0.0193586318737289, -0.0174866535224024, -0.0154604641146359, -0.0132789392076653, -0.010941039335058, -0.00844580079441505, -0.00579232643548183, -0.00297977644869628, -7.3591541924988e-06, 0, -0.00118359261164742, -0.00244587483216913, -0.00377431342560317, -0.00515683720311215, -0.00658182783931202, -0.00803811068971925, -0.00951494560917635, -0.011002017771092, -0.0124894284873119, -0.013967686028417, -0.0154276964442337, -0.0168607543843247, -0.0182585339182307, -0.019613079355222, -0.0209167960633312, -0.0221624412874402, -0.0233431149662116, -0.0244522505476684, -0.0254836058032522, -0.02643125364021, -0.0272895729121909, -0.0280532392279622, -0.0287172157581843, -0.0292767440402174, -0.0297273347809604, -0.0300647586577527, -0.0302850371173983, -0.0303844331733938, -0.0303594422014637, -0.0302067827335268, -0.0299233872502294, -0.0295063929721924, -0.0289531326501276, -0.0282611253539818, -0.0274280672612657, -0.0264518224447246, -0.0253304136595015, -0.0240620131299353, -0.0226449333361266, -0.0210776178003964, -0.0193586318737463, -0.0174866535224203, -0.0154604641146535, -0.0132789392076817, -0.0109410393350722, -0.00844580079442613, -0.00579232643548872, -0.00297977644869786, -7.35915418757956e-06, 0, -0.00118359261165201, -0.0024458748321773, -0.00377431342561393, -0.00515683720312458, -0.00658182783932521, -0.0080381106897324, -0.00951494560918871, -0.0110020177711029, -0.0124894284873208, -0.0139676860284235, -0.0154276964442373, -0.0168607543843253, -0.0182585339182281, -0.0196130793552161, -0.0209167960633221, -0.0221624412874281, -0.0233431149661967, -0.024452250547651, -0.0254836058032327, -0.0264312536401889, -0.0272895729121687, -0.0280532392279393, -0.0287172157581613, -0.0292767440401949, -0.0297273347809389, -0.0300647586577326, -0.0302850371173803, -0.0303844331733782, -0.030359442201451, -0.0302067827335173, -0.0299233872502233, -0.0295063929721899, -0.0289531326501289, -0.028261125353987, -0.0274280672612746, -0.026451822444737, -0.0253304136595174, -0.0240620131299542, -0.0226449333361481, -0.0210776178004201, -0.0193586318737715, -0.0174866535224464, -0.0154604641146797, -0.0132789392077072, -0.0109410393350961, -0.0084458007944474, -0.00579232643550633, -0.00297977644871071, -7.35915419449633e-06, 0, -0.00118359261165666, -0.00244587483218558, -0.00377431342562486, -0.00515683720313719, -0.00658182783933861, -0.00803811068974575, -0.00951494560920126, -0.011002017771114, -0.0124894284873298, -0.01396768602843, -0.0154276964442409, -0.0168607543843258, -0.0182585339182253, -0.01961307935521, -0.0209167960633127, -0.0221624412874156, -0.0233431149661812, -0.024452250547633, -0.0254836058032124, -0.0264312536401668, -0.0272895729121453, -0.0280532392279151, -0.0287172157581368, -0.0292767440401707, -0.0297273347809154, -0.0300647586577104, -0.0302850371173599, -0.03038443317336, -0.0303594422014353, -0.0302067827335045, -0.0299233872502138, -0.0295063929721837, -0.0289531326501262, -0.0282611253539877, -0.0274280672612787, -0.0264518224447444, -0.0253304136595278, -0.0240620131299673, -0.0226449333361635, -0.0210776178004371, -0.0193586318737897, -0.017486653522465, -0.015460464114698, -0.0132789392077243, -0.0109410393351112, -0.00844580079445937, -0.00579232643551415, -0.00297977644871326, -7.35915419058496e-06, 0, -0.00118359261166124, -0.00244587483219372, -0.00377431342563558, -0.00515683720314953, -0.00658182783935168, -0.00803811068975873, -0.00951494560921338, -0.0110020177711246, -0.0124894284873384, -0.013967686028436, -0.015427696444244, -0.0168607543843258, -0.018258533918222, -0.0196130793552033, -0.0209167960633027, -0.0221624412874025, -0.0233431149661652, -0.0244522505476143, -0.0254836058031916, -0.0264312536401442, -0.0272895729121213, -0.0280532392278904, -0.0287172157581118, -0.029276744040146, -0.0297273347808915, -0.0300647586576879, -0.0302850371173392, -0.0303844331733415, -0.0303594422014195, -0.0302067827334917, -0.0299233872502042, -0.0295063929721776, -0.0289531326501236, -0.0282611253539887, -0.0274280672612832, -0.0264518224447524, -0.0253304136595389, -0.0240620131299811, -0.0226449333361797, -0.0210776178004553, -0.0193586318738091, -0.017486653522485, -0.0154604641147178, -0.0132789392077431, -0.0109410393351281, -0.00844580079447334, -0.00579232643552416, -0.00297977644871818, -7.35915418923578e-06, 0, -0.00118359261166588, -0.002445874832202, -0.00377431342564649, -0.00515683720316214, -0.0065818278393651, -0.00803811068977212, -0.00951494560922601, -0.0110020177711358, -0.0124894284873475, -0.0139676860284427, -0.0154276964442479, -0.0168607543843266, -0.0182585339182195, -0.0196130793551976, -0.0209167960632938, -0.0221624412873904, -0.0233431149661503, -0.0244522505475969, -0.025483605803172, -0.0264312536401229, -0.0272895729120988, -0.0280532392278671, -0.0287172157580884, -0.0292767440401228, -0.0297273347808692, -0.030064758657667, -0.0302850371173201, -0.0303844331733248, -0.0303594422014055, -0.0302067827334807, -0.0299233872501965, -0.0295063929721733, -0.0289531326501229, -0.0282611253539917, -0.0274280672612897, -0.0264518224447622, -0.0253304136595519, -0.024062013129997, -0.022644933336198, -0.0210776178004754, -0.0193586318738306, -0.017486653522507, -0.0154604641147397, -0.013278939207764, -0.010941039335147, -0.00844580079448935, -0.0057923264355362, -0.00297977644872513, -7.35915418991276e-06, 0, -0.00118359261167045, -0.00244587483221013, -0.0037743134256572, -0.00515683720317448, -0.00658182783937818, -0.00803811068978512, -0.00951494560923819, -0.0110020177711465, -0.0124894284873562, -0.0139676860284489, -0.0154276964442513, -0.0168607543843268, -0.0182585339182165, -0.0196130793551913, -0.0209167960632842, -0.0221624412873778, -0.0233431149661349, -0.024452250547579, -0.025483605803152, -0.0264312536401011, -0.0272895729120759, -0.0280532392278435, -0.0287172157580646, -0.0292767440400995, -0.0297273347808469, -0.0300647586576461, -0.0302850371173012, -0.0303844331733083, -0.0303594422013917, -0.0302067827334701, -0.0299233872501893, -0.0295063929721697, -0.0289531326501231, -0.0282611253539955, -0.0274280672612973, -0.0264518224447734, -0.0253304136595664, -0.0240620131300145, -0.022644933336218, -0.0210776178004976, -0.0193586318738542, -0.0174866535225315, -0.0154604641147643, -0.0132789392077878, -0.0109410393351691, -0.00844580079450883, -0.00579232643555198, -0.0029797764487361, -7.3591541949131e-06, 0, -0.00118359261167511, -0.00244587483221843, -0.00377431342566814, -0.00515683720318711, -0.0065818278393916, -0.00803811068979849, -0.00951494560925075, -0.0110020177711576, -0.0124894284873653, -0.0139676860284554, -0.0154276964442549, -0.0168607543843273, -0.0182585339182137, -0.0196130793551851, -0.0209167960632747, -0.0221624412873651, -0.0233431149661193, -0.0244522505475607, -0.0254836058031314, -0.0264312536400788, -0.0272895729120521, -0.0280532392278189, -0.0287172157580397, -0.0292767440400748, -0.0297273347808228, -0.0300647586576233, -0.03028503711728, -0.0303844331732892, -0.0303594422013752, -0.0302067827334564, -0.0299233872501787, -0.0295063929721624, -0.0289531326501191, -0.028261125353995, -0.0274280672613001, -0.0264518224447793, -0.0253304136595752, -0.0240620131300259, -0.0226449333362316, -0.0210776178005127, -0.0193586318738704, -0.017486653522548, -0.0154604641147803, -0.0132789392078025, -0.0109410393351816, -0.00844580079451811, -0.00579232643555696, -0.00297977644873565, -7.35915418784107e-06, 0, -0.00118359261167966, -0.00244587483222651, -0.00377431342567878, -0.00515683720319937, -0.00658182783940459, -0.0080381106898114, -0.00951494560926284, -0.0110020177711682, -0.0124894284873738, -0.0139676860284615, -0.0154276964442581, -0.0168607543843274, -0.0182585339182106, -0.0196130793551788, -0.0209167960632652, -0.0221624412873526, -0.0233431149661039, -0.0244522505475428, -0.0254836058031115, -0.0264312536400572, -0.0272895729120294, -0.0280532392277955, -0.0287172157580162, -0.0292767440400517, -0.0297273347808008, -0.0300647586576027, -0.0302850371172615, -0.0303844331732732, -0.030359442201362, -0.0302067827334464, -0.0299233872501721, -0.0295063929721595, -0.02895313265012, -0.0282611253539997, -0.0274280672613086, -0.0264518224447915, -0.0253304136595908, -0.0240620131300445, -0.0226449333362529, -0.0210776178005362, -0.0193586318738955, -0.017486653522574, -0.0154604641148064, -0.013278939207828, -0.0109410393352055, -0.00844580079453943, -0.00579232643557468, -0.00297977644874867, -7.35915419498552e-06, 0, -0.00118359261168431, -0.00244587483223479, -0.00377431342568971, -0.005156837203212, -0.00658182783941802, -0.00803811068982481, -0.00951494560927548, -0.0110020177711794, -0.012489428487383, -0.0139676860284683, -0.015427696444262, -0.0168607543843283, -0.0182585339182082, -0.0196130793551731, -0.0209167960632563, -0.0221624412873406, -0.023343114966089, -0.0244522505475255, -0.0254836058030919, -0.0264312536400359, -0.0272895729120069, -0.0280532392277723, -0.0287172157579928, -0.0292767440400287, -0.0297273347807786, -0.0300647586575819, -0.0302850371172426, -0.0303844331732565, -0.0303594422013481, -0.0302067827334355, -0.0299233872501645, -0.0295063929721554, -0.0289531326501195, -0.0282611253540028, -0.0274280672613152, -0.0264518224448015, -0.025330413659604, -0.0240620131300605, -0.0226449333362713, -0.0210776178005565, -0.0193586318739171, -0.0174866535225962, -0.0154604641148285, -0.0132789392078491, -0.0109410393352247, -0.00844580079455573, -0.00579232643558703, -0.00297977644875595, -7.35915419602506e-06, 0, -0.00118359261168892, -0.00244587483224301, -0.00377431342570053, -0.00515683720322448, -0.00658182783943126, -0.00803811068983799, -0.00951494560928784, -0.0110020177711903, -0.0124894284873919, -0.0139676860284746, -0.0154276964442655, -0.0168607543843286, -0.0182585339182052, -0.0196130793551668, -0.0209167960632467, -0.0221624412873279, -0.0233431149660734, -0.0244522505475073, -0.0254836058030715, -0.0264312536400137, -0.0272895729119834, -0.028053239227748, -0.0287172157579683, -0.0292767440400044, -0.0297273347807552, -0.0300647586575598, -0.0302850371172223, -0.0303844331732385, -0.0303594422013326, -0.030206782733423, -0.0299233872501553, -0.0295063929721496, -0.0289531326501172, -0.028261125354004, -0.0274280672613199, -0.0264518224448095, -0.0253304136596151, -0.0240620131300744, -0.0226449333362875, -0.0210776178005745, -0.0193586318739363, -0.017486653522616, -0.015460464114848, -0.0132789392078675, -0.0109410393352411, -0.00844580079456917, -0.00579232643559642, -0.00297977644876018, -7.35915419389482e-06, 0, -0.00118359261169352, -0.0024458748322512, -0.00377431342571132, -0.00515683720323692, -0.00658182783944447, -0.00803811068985113, -0.00951494560930017, -0.0110020177712012, -0.0124894284874007, -0.0139676860284809, -0.0154276964442689, -0.0168607543843289, -0.0182585339182023, -0.0196130793551605, -0.0209167960632372, -0.0221624412873152, -0.0233431149660579, -0.0244522505474892, -0.0254836058030513, -0.0264312536399918, -0.0272895729119602, -0.0280532392277241, -0.0287172157579441, -0.0292767440399806, -0.0297273347807321, -0.0300647586575382, -0.0302850371172025, -0.030384433173221, -0.0303594422013178, -0.0302067827334112, -0.0299233872501468, -0.0295063929721445, -0.0289531326501157, -0.0282611253540062, -0.0274280672613256, -0.0264518224448186, -0.0253304136596273, -0.0240620131300895, -0.022644933336305, -0.0210776178005939, -0.019358631873957, -0.0174866535226373, -0.0154604641148692, -0.0132789392078877, -0.0109410393352594, -0.00844580079458452, -0.00579232643560783, -0.00297977644876651, -7.35915419398632e-06, 0, -0.00118359261169819, -0.00244587483225951, -0.00377431342572229, -0.0051568372032496, -0.00658182783945794, -0.00803811068986457, -0.00951494560931283, -0.0110020177712124, -0.0124894284874099, -0.0139676860284876, -0.0154276964442728, -0.0168607543843296, -0.0182585339181997, -0.0196130793551546, -0.020916796063228, -0.0221624412873029, -0.0233431149660427, -0.0244522505474714, -0.0254836058030312, -0.0264312536399699, -0.027289572911937, -0.0280532392277, -0.0287172157579198, -0.0292767440399565, -0.0297273347807088, -0.0300647586575161, -0.0302850371171821, -0.0303844331732028, -0.0303594422013022, -0.0302067827333985, -0.0299233872501372, -0.0295063929721383, -0.0289531326501129, -0.0282611253540068, -0.0274280672613296, -0.0264518224448258, -0.0253304136596375, -0.0240620131301023, -0.02264493333632, -0.0210776178006106, -0.0193586318739747, -0.0174866535226554, -0.0154604641148869, -0.0132789392079042, -0.0109410393352737, -0.00844580079459573, -0.00579232643561481, -0.00297977644876814, -7.35915418907315e-06, 0, -0.00118359261170283, -0.00244587483226777, -0.00377431342573318, -0.00515683720326217, -0.00658182783947131, -0.00803811068987791, -0.00951494560932538, -0.0110020177712235, -0.012489428487419, -0.0139676860284942, -0.0154276964442765, -0.0168607543843303, -0.0182585339181971, -0.0196130793551487, -0.0209167960632189, -0.0221624412872907, -0.0233431149660276, -0.0244522505474538, -0.0254836058030115, -0.0264312536399484, -0.0272895729119142, -0.0280532392276765, -0.028717215757896, -0.0292767440399331, -0.0297273347806862, -0.0300647586574949, -0.0302850371171628, -0.0303844331731857, -0.0303594422012878, -0.0302067827333871, -0.029923387250129, -0.0295063929721335, -0.0289531326501117, -0.0282611253540092, -0.0274280672613356, -0.0264518224448351, -0.0253304136596499, -0.0240620131301175, -0.0226449333363376, -0.02107761780063, -0.0193586318739954, -0.0174866535226767, -0.015460464114908, -0.0132789392079242, -0.0109410393352918, -0.00844580079461085, -0.00579232643562593, -0.00297977644877413, -7.35915418876004e-06, 0, -0.00118359261170743, -0.00244587483227596, -0.00377431342574397, -0.0051568372032746, -0.0065818278394845, -0.00803811068989102, -0.00951494560933766, -0.0110020177712343, -0.0124894284874277, -0.0139676860285004, -0.0154276964442799, -0.0168607543843305, -0.018258533918194, -0.0196130793551423, -0.0209167960632092, -0.0221624412872779, -0.0233431149660119, -0.0244522505474354, -0.0254836058029909, -0.0264312536399261, -0.0272895729118906, -0.0280532392276521, -0.0287172157578713, -0.0292767440399087, -0.0297273347806627, -0.0300647586574726, -0.0302850371171423, -0.0303844331731675, -0.0303594422012722, -0.0302067827333745, -0.0299233872501196, -0.0295063929721276, -0.0289531326501093, -0.0282611253540103, -0.0274280672613402, -0.0264518224448431, -0.025330413659661, -0.0240620131301313, -0.0226449333363538, -0.0210776178006481, -0.0193586318740147, -0.0174866535226965, -0.0154604641149276, -0.0132789392079428, -0.0109410393353084, -0.00844580079462453, -0.00579232643563561, -0.0029797764487787, -7.35915418703182e-06, 0, -0.00118359261171202, -0.00244587483228414, -0.00377431342575475, -0.00515683720328704, -0.00658182783949769, -0.00803811068990415, -0.00951494560934999, -0.0110020177712451, -0.0124894284874366, -0.0139676860285068, -0.0154276964442834, -0.0168607543843309, -0.0182585339181912, -0.0196130793551362, -0.0209167960631998, -0.0221624412872654, -0.0233431149659966, -0.0244522505474176, -0.025483605802971, -0.0264312536399044, -0.0272895729118678, -0.0280532392276286, -0.0287172157578476, -0.0292767440398853, -0.0297273347806402, -0.0300647586574516, -0.0302850371171232, -0.0303844331731507, -0.0303594422012582, -0.0302067827333635, -0.029923387250112, -0.0295063929721235, -0.0289531326501088, -0.0282611253540135, -0.027428067261347, -0.0264518224448534, -0.0253304136596745, -0.0240620131301478, -0.0226449333363727, -0.021077617800669, -0.019358631874037, -0.0174866535227195, -0.0154604641149505, -0.0132789392079648, -0.0109410393353286, -0.00844580079464191, -0.00579232643564914, -0.00297977644878725, -7.35915418943354e-06, 0, -0.00118359261171663, -0.00244587483229234, -0.00377431342576557, -0.00515683720329952, -0.00658182783951095, -0.00803811068991735, -0.00951494560936239, -0.0110020177712561, -0.0124894284874455, -0.0139676860285132, -0.0154276964442869, -0.0168607543843314, -0.0182585339181884, -0.0196130793551301, -0.0209167960631905, -0.022162441287253, -0.0233431149659814, -0.0244522505473998, -0.025483605802951, -0.0264312536398827, -0.0272895729118448, -0.0280532392276049, -0.0287172157578238, -0.0292767440398618, -0.0297273347806175, -0.0300647586574303, -0.0302850371171037, -0.0303844331731336, -0.0303594422012437, -0.0302067827333521, -0.0299233872501039, -0.0295063929721189, -0.0289531326501078, -0.0282611253540161, -0.0274280672613531, -0.0264518224448629, -0.0253304136596872, -0.0240620131301633, -0.0226449333363907, -0.0210776178006888, -0.0193586318740582, -0.0174866535227413, -0.0154604641149722, -0.0132789392079855, -0.0109410393353474, -0.00844580079465788, -0.00579232643566117, -0.00297977644879425, -7.35915419020463e-06, 0, -0.00118359261172125, -0.00244587483230057, -0.00377431342577641, -0.00515683720331203, -0.00658182783952424, -0.0080381106899306, -0.00951494560937484, -0.0110020177712671, -0.0124894284874544, -0.0139676860285197, -0.0154276964442905, -0.0168607543843318, -0.0182585339181856, -0.019613079355124, -0.0209167960631811, -0.0221624412872406, -0.023343114965966, -0.0244522505473819, -0.0254836058029309, -0.0264312536398608, -0.0272895729118216, -0.0280532392275809, -0.0287172157577996, -0.0292767440398379, -0.0297273347805945, -0.0300647586574086, -0.0302850371170838, -0.030384433173116, -0.0303594422012287, -0.0302067827333401, -0.0299233872500951, -0.0295063929721135, -0.028953132650106, -0.0282611253540179, -0.0274280672613584, -0.0264518224448716, -0.025330413659699, -0.0240620131301779, -0.0226449333364076, -0.0210776178007076, -0.0193586318740782, -0.0174866535227619, -0.0154604641149926, -0.0132789392080049, -0.0109410393353648, -0.00844580079467234, -0.00579232643567165, -0.00297977644879962, -7.35915418929043e-06, 0, -0.0011835926117258, -0.00244587483230866, -0.00377431342578706, -0.0051568372033243, -0.00658182783953724, -0.00803811068994351, -0.00951494560938692, -0.0110020177712777, -0.012489428487463, -0.0139676860285257, -0.0154276964442937, -0.0168607543843319, -0.0182585339181825, -0.0196130793551176, -0.0209167960631715, -0.0221624412872279, -0.0233431149659505, -0.0244522505473639, -0.0254836058029108, -0.0264312536398391, -0.0272895729117987, -0.0280532392275573, -0.0287172157577759, -0.0292767440398146, -0.0297273347805721, -0.0300647586573877, -0.0302850371170649, -0.0303844331730995, -0.0303594422012151, -0.0302067827333296, -0.0299233872500881, -0.0295063929721101, -0.0289531326501063, -0.028261125354022, -0.0274280672613662, -0.026451822444883, -0.0253304136597137, -0.0240620131301957, -0.022644933336428, -0.0210776178007301, -0.0193586318741022, -0.0174866535227868, -0.0154604641150176, -0.0132789392080291, -0.0109410393353875, -0.00844580079469236, -0.00579232643568801, -0.00297977644881121, -7.35915419494693e-06, 0, -0.00118359261173042, -0.0024458748323169, -0.00377431342579792, -0.00515683720333684, -0.00658182783955057, -0.0080381106899568, -0.00951494560939943, -0.0110020177712887, -0.012489428487472, -0.0139676860285323, -0.0154276964442975, -0.0168607543843326, -0.0182585339181799, -0.0196130793551117, -0.0209167960631624, -0.0221624412872157, -0.0233431149659355, -0.0244522505473463, -0.025483605802891, -0.0264312536398176, -0.027289572911776, -0.0280532392275339, -0.0287172157577522, -0.0292767440397913, -0.0297273347805497, -0.0300647586573667, -0.0302850371170457, -0.0303844331730826, -0.0303594422012009, -0.0302067827333184, -0.0299233872500802, -0.0295063929721057, -0.0289531326501055, -0.0282611253540248, -0.0274280672613726, -0.0264518224448927, -0.0253304136597266, -0.0240620131302114, -0.0226449333364461, -0.0210776178007501, -0.0193586318741235, -0.0174866535228087, -0.0154604641150394, -0.0132789392080499, -0.0109410393354064, -0.00844580079470836, -0.00579232643570007, -0.0029797764488182, -7.35915419570066e-06, 0, -0.00118359261173501, -0.00244587483232506, -0.00377431342580868, -0.00515683720334925, -0.00658182783956373, -0.00803811068996988, -0.00951494560941169, -0.0110020177712995, -0.0124894284874808, -0.0139676860285385, -0.0154276964443008, -0.0168607543843328, -0.0182585339181769, -0.0196130793551054, -0.0209167960631528, -0.0221624412872029, -0.0233431149659198, -0.0244522505473281, -0.0254836058028707, -0.0264312536397955, -0.0272895729117526, -0.0280532392275098, -0.0287172157577279, -0.0292767440397672, -0.0297273347805265, -0.0300647586573448, -0.0302850371170258, -0.0303844331730649, -0.0303594422011859, -0.0302067827333064, -0.0299233872500714, -0.0295063929721004, -0.0289531326501038, -0.0282611253540267, -0.027428067261378, -0.0264518224449016, -0.0253304136597387, -0.0240620131302262, -0.0226449333364633, -0.0210776178007693, -0.019358631874144, -0.0174866535228298, -0.0154604641150603, -0.0132789392080699, -0.0109410393354244, -0.00844580079472354, -0.00579232643571131, -0.0029797764488244, -7.35915419566987e-06, 0, -0.00118359261173967, -0.00244587483233336, -0.00377431342581962, -0.00515683720336188, -0.00658182783957716, -0.00803811068998329, -0.00951494560942432, -0.0110020177713107, -0.0124894284874899, -0.0139676860285452, -0.0154276964443047, -0.0168607543843335, -0.0182585339181743, -0.0196130793550995, -0.0209167960631437, -0.0221624412871907, -0.0233431149659048, -0.0244522505473105, -0.0254836058028508, -0.0264312536397739, -0.0272895729117297, -0.0280532392274861, -0.0287172157577039, -0.0292767440397435, -0.0297273347805036, -0.0300647586573233, -0.030285037117006, -0.0303844331730473, -0.0303594422011709, -0.0302067827332944, -0.0299233872500626, -0.0295063929720949, -0.0289531326501018, -0.0282611253540282, -0.027428067261383, -0.0264518224449098, -0.0253304136597499, -0.0240620131302402, -0.0226449333364796, -0.0210776178007873, -0.0193586318741631, -0.0174866535228494, -0.0154604641150797, -0.0132789392080881, -0.0109410393354406, -0.00844580079473665, -0.00579232643572031, -0.00297977644882816, -7.35915419301488e-06, 0, -0.00118359261174428, -0.00244587483234155, -0.00377431342583042, -0.00515683720337433, -0.00658182783959036, -0.00803811068999641, -0.0095149456094366, -0.0110020177713215, -0.0124894284874987, -0.0139676860285514, -0.015427696444308, -0.0168607543843337, -0.0182585339181712, -0.019613079355093, -0.0209167960631339, -0.0221624412871777, -0.0233431149658888, -0.0244522505472919, -0.02548360580283, -0.0264312536397513, -0.0272895729117057, -0.0280532392274613, -0.0287172157576788, -0.0292767440397187, -0.0297273347804795, -0.0300647586573004, -0.0302850371169849, -0.0303844331730284, -0.0303594422011545, -0.0302067827332809, -0.0299233872500523, -0.029506392972088, -0.0289531326500983, -0.0282611253540282, -0.0274280672613864, -0.0264518224449164, -0.0253304136597596, -0.0240620131302525, -0.0226449333364941, -0.0210776178008036, -0.0193586318741806, -0.0174866535228673, -0.0154604641150972, -0.0132789392081045, -0.0109410393354549, -0.00844580079474784, -0.00579232643572736, -0.00297977644882995, -7.35915418836061e-06, 0, -0.00118359261174886, -0.00244587483234971, -0.00377431342584117, -0.00515683720338674, -0.00658182783960355, -0.00803811069000956, -0.00951494560944897, -0.0110020177713324, -0.0124894284875076, -0.0139676860285579, -0.0154276964443116, -0.0168607543843343, -0.0182585339181686, -0.0196130793550872, -0.0209167960631249, -0.0221624412871657, -0.0233431149658741, -0.0244522505472747, -0.0254836058028107, -0.0264312536397303, -0.0272895729116837, -0.0280532392274386, -0.028717215757656, -0.0292767440396964, -0.0297273347804582, -0.0300647586572806, -0.030285037116967, -0.030384433173013, -0.030359442201142, -0.0302067827332716, -0.0299233872500464, -0.0295063929720857, -0.0289531326500998, -0.0282611253540335, -0.0274280672613954, -0.0264518224449291, -0.0253304136597756, -0.0240620131302716, -0.0226449333365159, -0.0210776178008275, -0.019358631874206, -0.0174866535228936, -0.0154604641151237, -0.0132789392081302, -0.010941039335479, -0.00844580079476937, -0.00579232643574525, -0.0029797764488431, -7.35915419559311e-06, 0, -0.0011835926117535, -0.00244587483235799, -0.00377431342585209, -0.00515683720339935, -0.00658182783961696, -0.00803811069002293, -0.00951494560946157, -0.0110020177713436, -0.0124894284875167, -0.0139676860285646, -0.0154276964443155, -0.016860754384335, -0.0182585339181661, -0.0196130793550814, -0.0209167960631158, -0.0221624412871536, -0.0233431149658591, -0.0244522505472571, -0.025483605802791, -0.0264312536397088, -0.0272895729116609, -0.0280532392274151, -0.0287172157576323, -0.0292767440396729, -0.0297273347804356, -0.0300647586572593, -0.0302850371169476, -0.0303844331729958, -0.0303594422011274, -0.03020678273326, -0.029923387250038, -0.0295063929720808, -0.0289531326500984, -0.0282611253540356, -0.027428067261401, -0.026451822444938, -0.0253304136597876, -0.0240620131302864, -0.022644933336533, -0.0210776178008463, -0.0193586318742261, -0.0174866535229142, -0.015460464115144, -0.0132789392081495, -0.0109410393354962, -0.00844580079478361, -0.00579232643575544, -0.0029797764488481, -7.35915419422528e-06, 0, -0.00118359261175806, -0.00244587483236609, -0.00377431342586275, -0.00515683720341162, -0.00658182783962995, -0.00803811069003582, -0.0095149456094736, -0.0110020177713541, -0.0124894284875252, -0.0139676860285704, -0.0154276964443185, -0.0168607543843349, -0.0182585339181626, -0.0196130793550746, -0.0209167960631057, -0.0221624412871403, -0.0233431149658429, -0.0244522505472384, -0.02548360580277, -0.0264312536396861, -0.0272895729116369, -0.0280532392273902, -0.0287172157576072, -0.0292767440396481, -0.0297273347804116, -0.0300647586572366, -0.0302850371169267, -0.0303844331729772, -0.0303594422011115, -0.030206782733247, -0.0299233872500283, -0.0295063929720745, -0.0289531326500957, -0.0282611253540365, -0.0274280672614054, -0.0264518224449458, -0.0253304136597986, -0.0240620131303001, -0.0226449333365491, -0.0210776178008644, -0.0193586318742454, -0.0174866535229342, -0.0154604641151638, -0.0132789392081683, -0.0109410393355132, -0.00844580079479771, -0.00579232643576562, -0.00297977644885325, -7.35915419317317e-06
0, 0, 0, 0, 0, 0, 0, 0, 0, 0, 0, 0, 0, 0, 0, 0, 0, 0, 0, 0, 0, 0, 0, 0, 0, 0, 0, 0, 0, 0, 0, 0, 0, 0, 0, 0, 0, 0, 0, 0, 0, 0, 0, 0, 0, 0, 0, 0, 0, 0, 0, 0, 0, 0, 0, 0, 0, 0, 0, 0, 0, 0, 0, 0, 0, 0, 0, 0, 0, 0, 0, 0, 0, 0, 0, 0, 0, 0, 0, 0, 0, 0, 0, 0, 0, 0, 0, 0, 0, 0, 0, 0, 0, 0, 0, 0, 0, 0, 0, 0, 0, 0, 0, 0, 0, 0, 0, 0, 0, 0, 0, 0, 0, 0, 0, 0, 0, 0, 0, 0, 0, 0, 0, 0, 0, 0, 0, 0, 0, 0, 0, 0, 0, 0, 0, 0, 0, 0, 0, 0, 0, 0, 0, 0, 0, 0, 0, 0, 0, 0, 0, 0, 0, 0, 0, 0, 0, 0, 0, 0, 0, 0, 0, 0, 0, 0, 0, 0, 0, 0, 0, 0, 0, 0, 0, 0, 0, 0, 0, 0, 0, 0, 0, 0, 0, 0, 0, 0, 0, 0, 0, 0, 0, 0, 0, 0, 0, 0, 0, 0, 0, 0, 0, 0, 0, 0, 0, 0, 0, 0, 0, 0, 0, 0, 0, 0, 0, 0, 0, 0, 0, 0, 0, 0, 0, 0, 0, 0, 0, 0, 0, 0, 0, 0, 0, 0, 0, 0, 0, 0, 0, 0, 0, 0, 0, 0, 0, 0, 0, 0, 0, 0, 0, 0, 0, 0, 0, 0, 0, 0, 0, 0, 0, 0, 0, 0, 0, 0, 0, 0, 0, 0, 0, 0, 0, 0, 0, 0, 0, 0, 0, 0, 0, 0, 0, 0, 0, 0, 0, 0, 0, 0, 0, 0, 0, 0, 0, 0, 0, 0, 0, 0, 0, 0, 0, 0, 0, 0, 0, 0, 0, 0, 0, 0, 0, 0, 0, 0, 0, 0, 0, 0, 0, 0, 0, 0, 0, 0, 0, 0, 0, 0, 0, 0, 0, 0, 0, 0, 0, 0, 0, 0, 0, 0, 0, 0, 0, 0, 0, 0, 0, 0, 0, 0, 0, 0, 0, 0, 0, 0, 0, 0, 0, 0, 0, 0, 0, 0, 0, 0, 0, 0, 0, 0, 0, 0, 0, 0, 0, 0, 0, 0, 0, 0, 0, 0, 0, 0, 0, 0, 0, 0, 0, 0, 0, 0, 0, 0, 0, 0, 0, 0, 0, 0, 0, 0, 0, 0, 0, 0, 0, 0, 0, 0, 0, 0, 0, 0, 0, 0, 0, 0, 0, 0, 0, 0, 0, 0, 0, 0, 0, 0, 0, 0, 0, 0, 0, 0, 0, 0, 0, 0, 0, 0, 0, 0, 0, 0, 0, 0, 0, 0, 0, 0, 0, 0, 0, 0, 0, 0, 0, 0, 0, 0, 0, 0, 0, 0, 0, 0, 0, 0, 0, 0, 0, 0, 0, 0, 0, 0, 0, 0, 0, 0, 0, 0, 0, 0, 0, 0, 0, 0, 0, 0, 0, 0, 0, 0, 0, 0, 0, 0, 0, 0, 0, 0, 0, 0, 0, 0, 0, 0, 0, 0, 0, 0, 0, 0, 0, 0, 0, 0, 0, 0, 0, 0, 0, 0, 0, 0, 0, 0, 0, 0, 0, 0, 0, 0, 0, 0, 0, 0, 0, 0, 0, 0, 0, 0, 0, 0, 0, 0, 0, 0, 0, 0, 0, 0, 0, 0, 0, 0, 0, 0, 0, 0, 0, 0, 0, 0, 0, 0, 0, 0, 0, 0, 0, 0, 0, 0, 0, 0, 0, 0, 0, 0, 0, 0, 0, 0, 0, 0, 0, 0, 0, 0, 0, 0, 0, 0, 0, 0, 0, 0, 0, 0, 0, 0, 0, 0, 0, 0, 0, 0, 0, 0, 0, 0, 0, 0, 0, 0, 0, 0, 0, 0, 0, 0, 0, 0, 0, 0, 0, 0, 0, 0, 0, 0, 0, 0, 0, 0, 0, 0, 0, 0, 0, 0, 0, 0, 0, 0, 0, 0, 0, 0, 0, 0, 0, 0, 0, 0, 0, 0, 0, 0, 0, 0, 0, 0, 0, 0, 0, 0, 0, 0, 0, 0, 0, 0, 0, 0, 0, 0, 0, 0, 0, 0, 0, 0, 0, 0, 0, 0, 0, 0, 0, 0, 0, 0, 0, 0, 0, 0, 0, 0, 0, 0, 0, 0, 0, 0, 0, 0, 0, 0, 0, 0, 0, 0, 0, 0, 0, 0, 0, 0, 0, 0, 0, 0, 0, 0, 0, 0, 0, 0, 0, 0, 0, 0, 0, 0, 0, 0, 0, 0, 0, 0, 0, 0, 0, 0, 0, 0, 0, 0, 0, 0, 0, 0, 0, 0, 0, 0, 0, 0, 0, 0, 0, 0, 0, 0, 0, 0, 0, 0, 0, 0, 0, 0, 0, 0, 0, 0, 0, 0, 0, 0, 0, 0, 0, 0, 0, 0, 0, 0, 0, 0, 0, 0, 0, 0, 0, 0, 0, 0, 0, 0, 0, 0, 0, 0, 0, 0, 0, 0, 0, 0, 0, 0, 0, 0, 0, 0, 0, 0, 0, 0, 0, 0, 0, 0, 0, 0, 0, 0, 0, 0, 0, 0, 0, 0, 0, 0, 0, 0, 0, 0, 0, 0, 0, 0, 0, 0, 0, 0, 0, 0, 0, 0, 0, 0, 0, 0, 0, 0, 0, 0, 0, 0, 0, 0, 0, 0, 0, 0, 0, 0, 0, 0, 0, 0, 0, 0, 0, 0, 0, 0, 0, 0, 0, 0, 0, 0, 0, 0, 0, 0, 0, 0, 0, 0, 0, 0, 0, 0, 0, 0, 0, 0, 0, 0, 0, 0, 0, 0, 0, 0, 0, 0, 0, 0, 0, 0, 0, 0, 0, 0, 0, 0, 0, 0, 0, 0, 0, 0, 0, 0, 0, 0, 0, 0, 0, 0, 0, 0, 0, 0, 0, 0, 0, 0, 0, 0, 0, 0, 0, 0, 0, 0, 0, 0, 0, 0, 0, 0, 0, 0, 0, 0, 0, 0, 0, 0, 0, 0, 0, 0, 0, 0, 0, 0, 0, 0, 0, 0, 0, 0, 0, 0, 0, 0, 0, 0, 0, 0, 0, 0, 0, 0, 0, 0, 0, 0, 0, 0, 0, 0, 0, 0, 0, 0, 0, 0, 0, 0, 0, 0, 0, 0, 0, 0, 0, 0, 0, 0, 0, 0, 0, 0, 0, 0, 0, 0, 0, 0, 0, 0, 0, 0, 0, 0, 0, 0, 0, 0, 0, 0, 0, 0, 0, 0, 0, 0, 0, 0, 0, 0, 0, 0, 0, 0, 0, 0, 0, 0, 0, 0, 0, 0, 0, 0, 0, 0, 0, 0, 0, 0, 0, 0, 0, 0, 0, 0, 0, 0, 0, 0, 0, 0, 0, 0, 0, 0, 0, 0, 0, 0, 0, 0, 0, 0, 0, 0, 0, 0, 0, 0, 0, 0, 0, 0, 0, 0, 0, 0, 0, 0, 0, 0, 0, 0, 0, 0, 0, 0, 0, 0, 0, 0, 0, 0, 0, 0, 0, 0, 0, 0, 0, 0, 0, 0, 0, 0, 0, 0, 0, 0, 0, 0, 0, 0, 0, 0, 0, 0, 0, 0, 0, 0, 0, 0, 0, 0, 0, 0, 0, 0, 0, 0, 0, 0, 0, 0, 0, 0, 0, 0, 0, 0, 0, 0, 0, 0, 0, 0, 0, 0, 0, 0, 0, 0, 0, 0, 0, 0, 0, 0, 0, 0, 0, 0, 0, 0, 0, 0, 0, 0, 0, 0, 0, 0, 0, 0, 0, 0, 0, 0, 0, 0, 0, 0, 0, 0, 0, 0, 0, 0, 0, 0, 0, 0, 0, 0, 0, 0, 0, 0, 0, 0, 0, 0, 0, 0, 0, 0, 0, 0, 0, 0, 0, 0, 0, 0, 0, 0, 0, 0, 0, 0, 0, 0, 0, 0, 0, 0, 0, 0, 0, 0, 0, 0, 0, 0, 0, 0, 0, 0, 0, 0, 0, 0, 0, 0, 0, 0, 0, 0, 0, 0, 0, 0, 0, 0, 0, 0, 0, 0, 0, 0, 0, 0, 0, 0, 0, 0, 0, 0, 0, 0, 0, 0, 0, 0, 0, 0, 0, 0, 0, 0, 0, 0, 0, 0, 0, 0, 0, 0, 0, 0, 0, 0, 0, 0, 0, 0, 0, 0, 0, 0, 0, 0, 0, 0, 0, 0, 0, 0, 0, 0, 0, 0, 0, 0, 0, 0, 0, 0, 0, 0, 0, 0, 0, 0, 0, 0, 0, 0, 0, 0, 0, 0, 0, 0, 0, 0, 0, 0, 0, 0, 0, 0, 0, 0, 0, 0, 0, 0, 0, 0, 0, 0, 0, 0, 0, 0, 0, 0, 0, 0, 0, 0, 0, 0, 0, 0, 0, 0, 0, 0, 0, 0, 0, 0, 0, 0, 0, 0, 0, 0, 0, 0, 0, 0, 0, 0, 0, 0, 0, 0, 0, 0, 0, 0, 0, 0, 0, 0, 0, 0, 0, 0, 0, 0, 0, 0, 0, 0, 0, 0, 0, 0, 0, 0, 0, 0, 0, 0, 0, 0, 0, 0, 0, 0, 0, 0, 0, 0, 0, 0, 0, 0, 0, 0, 0, 0, 0, 0, 0, 0, 0, 0, 0, 0, 0, 0, 0, 0, 0, 0, 0, 0, 0, 0, 0, 0, 0, 0, 0, 0, 0, 0, 0, 0, 0, 0, 0, 0, 0, 0, 0, 0, 0, 0, 0, 0, 0, 0, 0, 0, 0, 0, 0, 0, 0, 0, 0, 0, 0, 0, 0, 0, 0, 0, 0, 0, 0, 0, 0, 0, 0, 0, 0, 0, 0, 0, 0, 0, 0, 0, 0, 0, 0, 0, 0, 0, 0, 0, 0, 0, 0, 0, 0, 0, 0, 0, 0, 0, 0, 0, 0, 0, 0, 0, 0, 0, 0, 0, 0, 0, 0, 0, 0, 0, 0, 0, 0, 0, 0, 0, 0, 0, 0, 0, 0, 0, 0, 0, 0, 0, 0, 0, 0, 0, 0, 0, 0, 0, 0, 0, 0, 0, 0, 0, 0, 0, 0, 0, 0, 0, 0, 0, 0, 0, 0, 0, 0, 0, 0, 0, 0, 0, 0, 0, 0, 0, 0, 0, 0, 0, 0, 0, 0, 0, 0, 0, 0, 0, 0, 0, 0, 0, 0, 0, 0, 0, 0, 0, 0, 0, 0, 0, 0, 0, 0, 0, 0, 0, 0, 0, 0, 0, 0, 0, 0, 0, 0, 0, 0, 0, 0, 0, 0, 0, 0, 0, 0, 0, 0, 0, 0, 0, 0, 0, 0, 0, 0, 0, 0, 0, 0, 0, 0, 0, 0, 0, 0, 0, 0, 0, 0, 0, 0, 0, 0, 0, 0, 0, 0, 0, 0, 0, 0, 0, 0, 0, 0, 0, 0, 0, 0, 0, 0, 0, 0, 0, 0, 0, 0, 0, 0, 0, 0, 0, 0, 0, 0, 0, 0, 0, 0, 0, 0, 0, 0, 0, 0, 0, 0, 0, 0, 0, 0, 0, 0, 0, 0, 0, 0, 0, 0, 0, 0, 0, 0, 0, 0, 0, 0, 0, 0, 0, 0, 0, 0, 0, 0, 0, 0, 0, 0, 0, 0, 0, 0, 0, 0, 0, 0, 0, 0, 0, 0, 0, 0, 0, 0, 0, 0, 0, 0, 0, 0, 0, 0, 0, 0, 0, 0, 0, 0, 0, 0, 0, 0, 0, 0, 0, 0, 0, 0, 0, 0, 0, 0, 0, 0, 0, 0, 0, 0, 0, 0, 0, 0, 0, 0, 0, 0, 0, 0, 0, 0, 0, 0, 0, 0, 0, 0, 0, 0, 0, 0, 0, 0, 0, 0, 0, 0, 0, 0, 0, 0, 0, 0, 0, 0, 0, 0, 0, 0, 0, 0, 0, 0, 0, 0, 0, 0, 0, 0, 0, 0, 0, 0, 0, 0, 0, 0, 0, 0, 0, 0, 0, 0, 0, 0, 0, 0, 0, 0, 0, 0, 0, 0, 0, 0, 0, 0, 0, 0, 0, 0, 0, 0, 0, 0, 0, 0, 0, 0, 0, 0, 0, 0, 0, 0, 0, 0, 0, 0, 0, 0, 0, 0, 0, 0, 0, 0, 0, 0, 0, 0, 0, 0, 0, 0, 0, 0, 0, 0, 0, 0, 0, 0, 0, 0, 0, 0, 0, 0, 0, 0, 0, 0, 0, 0, 0, 0, 0, 0, 0, 0, 0, 0, 0, 0, 0, 0, 0, 0, 0, 0, 0, 0, 0, 0, 0, 0, 0, 0, 0, 0, 0, 0, 0, 0, 0, 0, 0, 0, 0, 0, 0, 0, 0, 0, 0, 0, 0, 0, 0, 0, 0, 0, 0, 0, 0, 0, 0, 0, 0, 0, 0, 0, 0, 0, 0, 0, 0, 0, 0, 0, 0, 0, 0, 0, 0, 0, 0, 0, 0, 0, 0, 0, 0, 0, 0, 0, 0, 0, 0, 0, 0, 0, 0, 0, 0, 0, 0, 0, 0, 0, 0, 0, 0, 0, 0, 0, 0, 0, 0, 0, 0, 0, 0, 0, 0, 0, 0, 0, 0, 0, 0, 0, 0, 0, 0, 0, 0, 0, 0, 0, 0, 0, 0, 0, 0, 0, 0, 0, 0, 0, 0, 0, 0, 0, 0, 0, 0, 0, 0, 0, 0, 0, 0, 0, 0, 0, 0, 0, 0, 0, 0, 0, 0, 0, 0, 0, 0, 0, 0, 0, 0, 0, 0, 0, 0, 0, 0, 0, 0, 0, 0, 0, 0, 0, 0, 0, 0, 0, 0, 0, 0, 0, 0, 0, 0, 0, 0, 0, 0, 0, 0, 0, 0, 0, 0, 0, 0, 0, 0, 0, 0, 0, 0, 0, 0, 0, 0, 0, 0, 0, 0, 0, 0, 0, 0, 0, 0, 0, 0, 0, 0, 0, 0, 0, 0, 0, 0, 0, 0, 0, 0, 0, 0, 0, 0, 0, 0, 0, 0, 0, 0, 0, 0, 0, 0, 0, 0, 0, 0, 0, 0, 0, 0, 0, 0, 0, 0, 0, 0, 0, 0, 0, 0, 0, 0, 0, 0, 0, 0, 0, 0, 0, 0, 0, 0, 0, 0, 0, 0, 0, 0, 0, 0, 0, 0, 0, 0, 0, 0, 0, 0, 0, 0, 0, 0, 0, 0, 0, 0, 0, 0, 0, 0, 0, 0, 0, 0, 0, 0, 0, 0, 0, 0, 0, 0, 0, 0, 0, 0, 0, 0, 0, 0, 0, 0, 0, 0, 0, 0, 0, 0, 0, 0, 0, 0, 0, 0, 0, 0, 0, 0, 0, 0, 0, 0, 0, 0, 0, 0, 0, 0, 0, 0, 0, 0, 0, 0, 0, 0, 0, 0, 0, 0, 0, 0, 0, 0, 0, 0, 0, 0, 0, 0, 0, 0, 0, 0, 0, 0, 0, 0, 0, 0, 0, 0, 0, 0, 0, 0, 0, 0, 0, 0, 0, 0, 0, 0, 0, 0, 0, 0, 0, 0, 0, 0, 0, 0, 0, 0, 0, 0, 0, 0, 0, 0, 0, 0, 0, 0, 0, 0, 0, 0, 0, 0, 0, 0, 0, 0, 0, 0, 0, 0, 0, 0, 0, 0, 0, 0, 0, 0, 0, 0, 0, 0, 0, 0, 0, 0, 0, 0, 0, 0, 0, 0, 0, 0, 0, 0, 0, 0, 0, 0, 0, 0, 0, 0, 0, 0, 0, 0, 0, 0, 0, 0, 0, 0, 0, 0, 0, 0, 0, 0, 0, 0, 0, 0, 0, 0, 0, 0, 0, 0, 0, 0, 0, 0, 0, 0, 0, 0, 0, 0, 0, 0, 0, 0, 0, 0, 0, 0, 0, 0, 0, 0, 0, 0
0, 0, 0, 0, 0, 0, 0, 0, 0, 0, 0, 0, 0, 0, 0, 0, 0, 0, 0, 0, 0, 0, 0, 0, 0, 0, 0, 0, 0, 0, 0, 0, 0, 0, 0, 0, 0, 0, 0, 0, 0, 0, 0, 0, 0, 0, 0, 0, 0, 0, 0, 0, 0, 0, 0, 0, 0, 0, 0, 0, 0, 0, 0, 0, 0, 0, 0, 0, 0, 0, 0, 0, 0, 0, 0, 0, 0, 0, 0, 0, 0, 0, 0, 0, 0, 0, 0, 0, 0, 0, 0, 0, 0, 0, 0, 0, 0, 0, 0, 0, 0, 0, 0, 0, 0, 0, 0, 0, 0, 0, 0, 0, 0, 0, 0, 0, 0, 0, 0, 0, 0, 0, 0, 0, 0, 0, 0, 0, 0, 0, 0, 0, 0, 0, 0, 0, 0, 0, 0, 0, 0, 0, 0, 0, 0, 0, 0, 0, 0, 0, 0, 0, 0, 0, 0, 0, 0, 0, 0, 0, 0, 0, 0, 0, 0, 0, 0, 0, 0, 0, 0, 0, 0, 0, 0, 0, 0, 0, 0, 0, 0, 0, 0, 0, 0, 0, 0, 0, 0, 0, 0, 0, 0, 0, 0, 0, 0, 0, 0, 0, 0, 0, 0, 0, 0, 0, 0, 0, 0, 0, 0, 0, 0, 0, 0, 0, 0, 0, 0, 0, 0, 0, 0, 0, 0, 0, 0, 0, 0, 0, 0, 0, 0, 0, 0, 0, 0, 0, 0, 0, 0, 0, 0, 0, 0, 0, 0, 0, 0, 0, 0, 0, 0, 0, 0, 0, 0, 0, 0, 0, 0, 0, 0, 0, 0, 0, 0, 0, 0, 0, 0, 0, 0, 0, 0, 0, 0, 0, 0, 0, 0, 0, 0, 0, 0, 0, 0, 0, 0, 0, 0, 0, 0, 0, 0, 0, 0, 0, 0, 0, 0, 0, 0, 0, 0, 0, 0, 0, 0, 0, 0, 0, 0, 0, 0, 0, 0, 0, 0, 0, 0, 0, 0, 0, 0, 0, 0, 0, 0, 0, 0, 0, 0, 0, 0, 0, 0, 0, 0, 0, 0, 0, 0, 0, 0, 0, 0, 0, 0, 0, 0, 0, 0, 0, 0, 0, 0, 0, 0, 0, 0, 0, 0, 0, 0, 0, 0, 0, 0, 0, 0, 0, 0, 0, 0, 0, 0, 0, 0, 0, 0, 0, 0, 0, 0, 0, 0, 0, 0, 0, 0, 0, 0, 0, 0, 0, 0, 0, 0, 0, 0, 0, 0, 0, 0, 0, 0, 0, 0, 0, 0, 0, 0, 0, 0, 0, 0, 0, 0, 0, 0, 0, 0, 0, 0, 0, 0, 0, 0, 0, 0, 0, 0, 0, 0, 0, 0, 0, 0, 0, 0, 0, 0, 0, 0, 0, 0, 0, 0, 0, 0, 0, 0, 0, 0, 0, 0, 0, 0, 0, 0, 0, 0, 0, 0, 0, 0, 0, 0, 0, 0, 0, 0, 0, 0, 0, 0, 0, 0, 0, 0, 0, 0, 0, 0, 0, 0, 0, 0, 0, 0, 0, 0, 0, 0, 0, 0, 0, 0, 0, 0, 0, 0, 0, 0, 0, 0, 0, 0, 0, 0, 0, 0, 0, 0, 0, 0, 0, 0, 0, 0, 0, 0, 0, 0, 0, 0, 0, 0, 0, 0, 0, 0, 0, 0, 0, 0, 0, 0, 0, 0, 0, 0, 0, 0, 0, 0, 0, 0, 0, 0, 0, 0, 0, 0, 0, 0, 0, 0, 0, 0, 0, 0, 0, 0, 0, 0, 0, 0, 0, 0, 0, 0, 0, 0, 0, 0, 0, 0, 0, 0, 0, 0, 0, 0, 0, 0, 0, 0, 0, 0, 0, 0, 0, 0, 0, 0, 0, 0, 0, 0, 0, 0, 0, 0, 0, 0, 0, 0, 0, 0, 0, 0, 0, 0, 0, 0, 0, 0, 0, 0, 0, 0, 0, 0, 0, 0, 0, 0, 0, 0, 0, 0, 0, 0, 0, 0, 0, 0, 0, 0, 0, 0, 0, 0, 0, 0, 0, 0, 0, 0, 0, 0, 0, 0, 0, 0, 0, 0, 0, 0, 0, 0, 0, 0, 0, 0, 0, 0, 0, 0, 0, 0, 0, 0, 0, 0, 0, 0, 0, 0, 0, 0, 0, 0, 0, 0, 0, 0, 0, 0, 0, 0, 0, 0, 0, 0, 0, 0, 0, 0, 0, 0, 0, 0, 0, 0, 0, 0, 0, 0, 0, 0, 0, 0, 0, 0, 0, 0, 0, 0, 0, 0, 0, 0, 0, 0, 0, 0, 0, 0, 0, 0, 0, 0, 0, 0, 0, 0, 0, 0, 0, 0, 0, 0, 0, 0, 0, 0, 0, 0, 0, 0, 0, 0, 0, 0, 0, 0, 0, 0, 0, 0, 0, 0, 0, 0, 0, 0, 0, 0, 0, 0, 0, 0, 0, 0, 0, 0, 0, 0, 0, 0, 0, 0, 0, 0, 0, 0, 0, 0, 0, 0, 0, 0, 0, 0, 0, 0, 0, 0, 0, 0, 0, 0, 0, 0, 0, 0, 0, 0, 0, 0, 0, 0, 0, 0, 0, 0, 0, 0, 0, 0, 0, 0, 0, 0, 0, 0, 0, 0, 0, 0, 0, 0, 0, 0, 0, 0, 0, 0, 0, 0, 0, 0, 0, 0, 0, 0, 0, 0, 0, 0, 0, 0, 0, 0, 0, 0, 0, 0, 0, 0, 0, 0, 0, 0, 0, 0, 0, 0, 0, 0, 0, 0, 0, 0, 0, 0, 0, 0, 0, 0, 0, 0, 0, 0, 0, 0, 0, 0, 0, 0, 0, 0, 0, 0, 0, 0, 0, 0, 0, 0, 0, 0, 0, 0, 0, 0, 0, 0, 0, 0, 0, 0, 0, 0, 0, 0, 0, 0, 0, 0, 0, 0, 0, 0, 0, 0, 0, 0, 0, 0, 0, 0, 0, 0, 0, 0, 0, 0, 0, 0, 0, 0, 0, 0, 0, 0, 0, 0, 0, 0, 0, 0, 0, 0, 0, 0, 0, 0, 0, 0, 0, 0, 0, 0, 0, 0, 0, 0, 0, 0, 0, 0, 0, 0, 0, 0, 0, 0, 0, 0, 0, 0, 0, 0, 0, 0, 0, 0, 0, 0, 0, 0, 0, 0, 0, 0, 0, 0, 0, 0, 0, 0, 0, 0, 0, 0, 0, 0, 0, 0, 0, 0, 0, 0, 0, 0, 0, 0, 0, 0, 0, 0, 0, 0, 0, 0, 0, 0, 0, 0, 0, 0, 0, 0, 0, 0, 0, 0, 0, 0, 0, 0, 0, 0, 0, 0, 0, 0, 0, 0, 0, 0, 0, 0, 0, 0, 0, 0, 0, 0, 0, 0, 0, 0, 0, 0, 0, 0, 0, 0, 0, 0, 0, 0, 0, 0, 0, 0, 0, 0, 0, 0, 0, 0, 0, 0, 0, 0, 0, 0, 0, 0, 0, 0, 0, 0, 0, 0, 0, 0, 0, 0, 0, 0, 0, 0, 0, 0, 0, 0, 0, 0, 0, 0, 0, 0, 0, 0, 0, 0, 0, 0, 0, 0, 0, 0, 0, 0, 0, 0, 0, 0, 0, 0, 0, 0, 0, 0, 0, 0, 0, 0, 0, 0, 0, 0, 0, 0, 0, 0, 0, 0, 0, 0, 0, 0, 0, 0, 0, 0, 0, 0, 0, 0, 0, 0, 0, 0, 0, 0, 0, 0, 0, 0, 0, 0, 0, 0, 0, 0, 0, 0, 0, 0, 0, 0, 0, 0, 0, 0, 0, 0, 0, 0, 0, 0, 0, 0, 0, 0, 0, 0, 0, 0, 0, 0, 0, 0, 0, 0, 0, 0, 0, 0, 0, 0, 0, 0, 0, 0, 0, 0, 0, 0, 0, 0, 0, 0, 0, 0, 0, 0, 0, 0, 0, 0, 0, 0, 0, 0, 0, 0, 0, 0, 0, 0, 0, 0, 0, 0, 0, 0, 0, 0, 0, 0, 0, 0, 0, 0, 0, 0, 0, 0, 0, 0, 0, 0, 0, 0, 0, 0, 0, 0, 0, 0, 0, 0, 0, 0, 0, 0, 0, 0, 0, 0, 0, 0, 0, 0, 0, 0, 0, 0, 0, 0, 0, 0, 0, 0, 0, 0, 0, 0, 0, 0, 0, 0, 0, 0, 0, 0, 0, 0, 0, 0, 0, 0, 0, 0, 0, 0, 0, 0, 0, 0, 0, 0, 0, 0, 0, 0, 0, 0, 0, 0, 0, 0, 0, 0, 0, 0, 0, 0, 0, 0, 0, 0, 0, 0, 0, 0, 0, 0, 0, 0, 0, 0, 0, 0, 0, 0, 0, 0, 0, 0, 0, 0, 0, 0, 0, 0, 0, 0, 0, 0, 0, 0, 0, 0, 0, 0, 0, 0, 0, 0, 0, 0, 0, 0, 0, 0, 0, 0, 0, 0, 0, 0, 0, 0, 0, 0, 0, 0, 0, 0, 0, 0, 0, 0, 0, 0, 0, 0, 0, 0, 0, 0, 0, 0, 0, 0, 0, 0, 0, 0, 0, 0, 0, 0, 0, 0, 0, 0, 0, 0, 0, 0, 0, 0, 0, 0, 0, 0, 0, 0, 0, 0, 0, 0, 0, 0, 0, 0, 0, 0, 0, 0, 0, 0, 0, 0, 0, 0, 0, 0, 0, 0, 0, 0, 0, 0, 0, 0, 0, 0, 0, 0, 0, 0, 0, 0, 0, 0, 0, 0, 0, 0, 0, 0, 0, 0, 0, 0, 0, 0, 0, 0, 0, 0, 0, 0, 0, 0, 0, 0, 0, 0, 0, 0, 0, 0, 0, 0, 0, 0, 0, 0, 0, 0, 0, 0, 0, 0, 0, 0, 0, 0, 0, 0, 0, 0, 0, 0, 0, 0, 0, 0, 0, 0, 0, 0, 0, 0, 0, 0, 0, 0, 0, 0, 0, 0, 0, 0, 0, 0, 0, 0, 0, 0, 0, 0, 0, 0, 0, 0, 0, 0, 0, 0, 0, 0, 0, 0, 0, 0, 0, 0, 0, 0, 0, 0, 0, 0, 0, 0, 0, 0, 0, 0, 0, 0, 0, 0, 0, 0, 0, 0, 0, 0, 0, 0, 0, 0, 0, 0, 0, 0, 0, 0, 0, 0, 0, 0, 0, 0, 0, 0, 0, 0, 0, 0, 0, 0, 0, 0, 0, 0, 0, 0, 0, 0, 0, 0, 0, 0, 0, 0, 0, 0, 0, 0, 0, 0, 0, 0, 0, 0, 0, 0, 0, 0, 0, 0, 0, 0, 0, 0, 0, 0, 0, 0, 0, 0, 0, 0, 0, 0, 0, 0, 0, 0, 0, 0, 0, 0, 0, 0, 0, 0, 0, 0, 0, 0, 0, 0, 0, 0, 0, 0, 0, 0, 0, 0, 0, 0, 0, 0, 0, 0, 0, 0, 0, 0, 0, 0, 0, 0, 0, 0, 0, 0, 0, 0, 0, 0, 0, 0, 0, 0, 0, 0, 0, 0, 0, 0, 0, 0, 0, 0, 0, 0, 0, 0, 0, 0, 0, 0, 0, 0, 0, 0, 0, 0, 0, 0, 0, 0, 0, 0, 0, 0, 0, 0, 0, 0, 0, 0, 0, 0, 0, 0, 0, 0, 0, 0, 0, 0, 0, 0, 0, 0, 0, 0, 0, 0, 0, 0, 0, 0, 0, 0, 0, 0, 0, 0, 0, 0, 0, 0, 0, 0, 0, 0, 0, 0, 0, 0, 0, 0, 0, 0, 0, 0, 0, 0, 0, 0, 0, 0, 0, 0, 0, 0, 0, 0, 0, 0, 0, 0, 0, 0, 0, 0, 0, 0, 0, 0, 0, 0, 0, 0, 0, 0, 0, 0, 0, 0, 0, 0, 0, 0, 0, 0, 0, 0, 0, 0, 0, 0, 0, 0, 0, 0, 0, 0, 0, 0, 0, 0, 0, 0, 0, 0, 0, 0, 0, 0, 0, 0, 0, 0, 0, 0, 0, 0, 0, 0, 0, 0, 0, 0, 0, 0, 0, 0, 0, 0, 0, 0, 0, 0, 0, 0, 0, 0, 0, 0, 0, 0, 0, 0, 0, 0, 0, 0, 0, 0, 0, 0, 0, 0, 0, 0, 0, 0, 0, 0, 0, 0, 0, 0, 0, 0, 0, 0, 0, 0, 0, 0, 0, 0, 0, 0, 0, 0, 0, 0, 0, 0, 0, 0, 0, 0, 0, 0, 0, 0, 0, 0, 0, 0, 0, 0, 0, 0, 0, 0, 0, 0, 0, 0, 0, 0, 0, 0, 0, 0, 0, 0, 0, 0, 0, 0, 0, 0, 0, 0, 0, 0, 0, 0, 0, 0, 0, 0, 0, 0, 0, 0, 0, 0, 0, 0, 0, 0, 0, 0, 0, 0, 0, 0, 0, 0, 0, 0, 0, 0, 0, 0, 0, 0, 0, 0, 0, 0, 0, 0, 0, 0, 0, 0, 0, 0, 0, 0, 0, 0, 0, 0, 0, 0, 0, 0, 0, 0, 0, 0, 0, 0, 0, 0, 0, 0, 0, 0, 0, 0, 0, 0, 0, 0, 0, 0, 0, 0, 0, 0, 0, 0, 0, 0, 0, 0, 0, 0, 0, 0, 0, 0, 0, 0, 0, 0, 0, 0, 0, 0, 0, 0, 0, 0, 0, 0, 0, 0, 0, 0, 0, 0, 0, 0, 0, 0, 0, 0, 0, 0, 0, 0, 0, 0, 0, 0, 0, 0, 0, 0, 0, 0, 0, 0, 0, 0, 0, 0, 0, 0, 0, 0, 0, 0, 0, 0, 0, 0, 0, 0, 0, 0, 0, 0, 0, 0, 0, 0, 0, 0, 0, 0, 0, 0, 0, 0, 0, 0, 0, 0, 0, 0, 0, 0, 0, 0, 0, 0, 0, 0, 0, 0, 0, 0, 0, 0, 0, 0, 0, 0, 0, 0, 0, 0, 0, 0, 0, 0, 0, 0, 0, 0, 0, 0, 0, 0, 0, 0, 0, 0, 0, 0, 0, 0, 0, 0, 0, 0, 0, 0, 0, 0, 0, 0, 0, 0, 0, 0, 0, 0, 0, 0, 0, 0, 0, 0, 0, 0, 0, 0, 0, 0, 0, 0, 0, 0, 0, 0, 0, 0, 0, 0, 0, 0, 0, 0, 0, 0, 0, 0, 0, 0, 0, 0, 0, 0, 0, 0, 0, 0, 0, 0, 0, 0, 0, 0, 0, 0, 0, 0, 0, 0, 0, 0, 0, 0, 0, 0, 0, 0, 0, 0, 0, 0, 0, 0, 0, 0, 0, 0, 0, 0, 0, 0, 0, 0, 0, 0, 0, 0, 0, 0, 0, 0, 0, 0, 0, 0, 0, 0, 0, 0, 0, 0, 0, 0, 0, 0, 0, 0, 0, 0, 0, 0, 0, 0, 0, 0, 0, 0, 0, 0, 0, 0, 0, 0, 0, 0, 0, 0, 0, 0, 0, 0, 0, 0, 0, 0, 0, 0, 0, 0, 0, 0, 0, 0, 0, 0, 0, 0, 0, 0, 0, 0, 0, 0, 0, 0, 0, 0, 0, 0, 0, 0, 0, 0, 0, 0, 0, 0, 0, 0, 0, 0, 0, 0, 0, 0, 0, 0, 0, 0, 0, 0, 0, 0, 0, 0, 0, 0, 0, 0, 0, 0, 0, 0, 0, 0, 0, 0, 0, 0, 0, 0, 0, 0, 0, 0, 0, 0, 0, 0, 0, 0, 0, 0, 0, 0, 0, 0, 0, 0, 0, 0, 0, 0, 0, 0, 0, 0, 0, 0, 0, 0, 0, 0, 0, 0, 0, 0, 0, 0, 0, 0, 0, 0, 0, 0, 0, 0, 0, 0, 0, 0, 0, 0, 0, 0, 0, 0, 0, 0, 0, 0, 0, 0, 0, 0, 0, 0, 0, 0, 0, 0, 0, 0, 0, 0, 0, 0, 0, 0, 0, 0, 0, 0, 0, 0, 0, 0, 0, 0, 0, 0, 0, 0, 0, 0, 0
0.24331, 0.243374855643482, 0.243569509612491, 0.243894048945592, 0.244348560681349, 0.244933131858324, 0.245647849515083, 0.246492800690189, 0.247468072422205, 0.248573751749696, 0.249809925711226, 0.251176681345358, 0.252674105690656, 0.254302285785684, 0.256061308669007, 0.257951261379187, 0.259972230954789, 0.262124304434377, 0.264407568856514, 0.266822111259764, 0.269368018682692, 0.27204537816386, 0.274854276741834, 0.277794801455176, 0.280867039342451, 0.284071077442222, 0.287407002793054, 0.29087490243351, 0.294474863402154, 0.29820697273755, 0.302071317478261, 0.306067984662853, 0.310197061329888, 0.31445863451793, 0.318852791265544, 0.323379618611293, 0.328039203593741, 0.332831633251451, 0.337756994622989, 0.342815374746917, 0.348006860661799, 0.3533315394062, 0.358789498018683, 0.364380823537811, 0.37010560300215, 0.375963923450263, 0.381955871920713, 0.388081535452065, 0.394341001082882, 0.400734355851728, 0.24331, 0.243291407744131, 0.243232768846869, 0.243131723080186, 0.242986311860778, 0.242794963310844, 0.242556477618791, 0.242270012699815, 0.241935070156351, 0.241551481538351, 0.241119394903375, 0.2406392616765, 0.240111823810027, 0.239538101242997, 0.238919379660533, 0.238257198553018, 0.237553339575156, 0.23680981520492, 0.23602885770246, 0.235212908368999, 0.234364607105772, 0.233486782273075, 0.232582440849468, 0.231654758891209, 0.230707072291974, 0.229742867842929, 0.228765774593223, 0.227779555510955, 0.226788099444682, 0.22579541338552, 0.224805615029898, 0.223822925643001, 0.222851663222958, 0.221896235965812, 0.220961136031298, 0.220050933609468, 0.219170271288177, 0.218323858721457, 0.21751646759879, 0.216752926915283, 0.216038118542764, 0.215376973101783, 0.214774466134532, 0.21423561457867, 0.213765473542046, 0.213369133378313, 0.213051717063421, 0.212818377872974, 0.212674297360443, 0.212624683636206, 0.24331, 0.243291412047493, 0.243232785341259, 0.243131758915494, 0.24298637343401, 0.242795056252869, 0.242556606782873, 0.242270182151872, 0.241935283166876, 0.241551740575925, 0.241119701629717, 0.240639616942983, 0.240112227655593, 0.239538552893419, 0.238919877528945, 0.23825774024166, 0.23755392187826, 0.236810434112682, 0.236029508406029, 0.235213585266414, 0.234365303808794, 0.233487491614837, 0.23258315489289, 0.231655468938103, 0.230707768892781, 0.229743540807025, 0.228766412999723, 0.227780147719957, 0.22678863310888, 0.225795875462129, 0.224805991792819, 0.223823202695168, 0.2228518255088, 0.221896267783761, 0.220961021046289, 0.220050654865352, 0.219169811219999, 0.21832319916752, 0.217515589812449, 0.216751811576405, 0.216036745768779, 0.21537532245828, 0.214772516645314, 0.214233344735221, 0.213762861312336, 0.213366156214884, 0.213048351910677, 0.212814601173626, 0.21267008506103, 0.212620011191645, 0.24331, 0.24329141204753, 0.243232785341458, 0.243131758916032, 0.242986373435114, 0.242795056254816, 0.242556606785988, 0.24227018215653, 0.241935283173497, 0.241551740584976, 0.241119701641709, 0.240639616958468, 0.240112227675167, 0.239538552917715, 0.238919877558633, 0.238257740277446, 0.237553921920883, 0.236810434162913, 0.236029508464664, 0.235213585334277, 0.234365303886733, 0.233487491703721, 0.232583154993603, 0.231655469051547, 0.230707769019869, 0.229743540948682, 0.228766413156879, 0.227780147893545, 0.226788633299836, 0.225795875671385, 0.224805992021303, 0.223823202943799, 0.222851825778486, 0.221896268075396, 0.220961021360748, 0.220050655203491, 0.219169811582649, 0.218323199555486, 0.217515590226508, 0.216751812017299, 0.216036746237216, 0.215375322954928, 0.214772517170801, 0.214233345290131, 0.213762861897206, 0.2133661568302, 0.213048352556875, 0.212814601851086, 0.212670085770076, 0.21262001193254, 0.24331, 0.24329141204753, 0.243232785341458, 0.243131758916031, 0.242986373435112, 0.242795056254814, 0.242556606785985, 0.242270182156526, 0.241935283173492, 0.24155174058497, 0.241119701641702, 0.24063961695846, 0.240112227675158, 0.239538552917704, 0.238919877558621, 0.238257740277434, 0.237553921920869, 0.236810434162897, 0.236029508464647, 0.235213585334259, 0.234365303886714, 0.233487491703699, 0.23258315499358, 0.231655469051521, 0.230707769019842, 0.229743540948652, 0.228766413156846, 0.22778014789351, 0.226788633299797, 0.225795875671343, 0.224805992021256, 0.223823202943748, 0.222851825778431, 0.221896268075336, 0.220961021360683, 0.220050655203421, 0.219169811582573, 0.218323199555405, 0.21751559022642, 0.216751812017204, 0.216036746237114, 0.215375322954819, 0.214772517170685, 0.214233345290007, 0.213762861897074, 0.21336615683006, 0.213048352556726, 0.212814601850929, 0.212670085769911, 0.212620011932366, 0.24331, 0.24329141204753, 0.243232785341458, 0.24313175891603, 0.242986373435112, 0.242795056254812, 0.242556606785983, 0.242270182156524, 0.24193528317349, 0.241551740584967, 0.241119701641698, 0.240639616958457, 0.240112227675154, 0.239538552917701, 0.238919877558618, 0.238257740277431, 0.237553921920867, 0.236810434162895, 0.236029508464646, 0.235213585334258, 0.234365303886713, 0.2334874917037, 0.232583154993581, 0.231655469051523, 0.230707769019845, 0.229743540948655, 0.228766413156851, 0.227780147893515, 0.226788633299803, 0.225795875671349, 0.224805992021263, 0.223823202943756, 0.222851825778438, 0.221896268075344, 0.220961021360691, 0.220050655203428, 0.21916981158258, 0.218323199555411, 0.217515590226426, 0.21675181201721, 0.21603674623712, 0.215375322954824, 0.214772517170689, 0.21423334529001, 0.213762861897077, 0.213366156830062, 0.213048352556728, 0.21281460185093, 0.212670085769911, 0.212620011932367, 0.24331, 0.24329141204753, 0.243232785341457, 0.24313175891603, 0.24298637343511, 0.242795056254811, 0.242556606785981, 0.242270182156521, 0.241935283173487, 0.241551740584964, 0.241119701641695, 0.240639616958453, 0.240112227675151, 0.239538552917698, 0.238919877558615, 0.238257740277428, 0.237553921920864, 0.236810434162893, 0.236029508464644, 0.235213585334257, 0.234365303886713, 0.2334874917037, 0.232583154993582, 0.231655469051525, 0.230707769019847, 0.229743540948659, 0.228766413156855, 0.22778014789352, 0.226788633299808, 0.225795875671355, 0.22480599202127, 0.223823202943762, 0.222851825778445, 0.221896268075351, 0.220961021360698, 0.220050655203435, 0.219169811582587, 0.218323199555418, 0.217515590226432, 0.216751812017216, 0.216036746237125, 0.215375322954828, 0.214772517170692, 0.214233345290013, 0.213762861897079, 0.213366156830064, 0.213048352556729, 0.212814601850931, 0.212670085769912, 0.212620011932368, 0.24331, 0.24329141204753, 0.243232785341457, 0.243131758916029, 0.242986373435109, 0.24279505625481, 0.242556606785979, 0.242270182156519, 0.241935283173484, 0.241551740584961, 0.241119701641692, 0.24063961695845, 0.240112227675147, 0.239538552917694, 0.238919877558611, 0.238257740277425, 0.237553921920862, 0.236810434162891, 0.236029508464643, 0.235213585334256, 0.234365303886713, 0.233487491703701, 0.232583154993584, 0.231655469051527, 0.23070776901985, 0.229743540948663, 0.228766413156859, 0.227780147893525, 0.226788633299814, 0.225795875671361, 0.224805992021276, 0.223823202943769, 0.222851825778452, 0.221896268075358, 0.220961021360705, 0.220050655203442, 0.219169811582594, 0.218323199555424, 0.217515590226438, 0.216751812017221, 0.216036746237129, 0.215375322954832, 0.214772517170696, 0.214233345290015, 0.213762861897081, 0.213366156830065, 0.213048352556729, 0.21281460185093, 0.212670085769911, 0.212620011932367, 0.24331, 0.24329141204753, 0.243232785341457, 0.243131758916029, 0.242986373435108, 0.242795056254808, 0.242556606785977, 0.242270182156517, 0.241935283173482, 0.241551740584958, 0.241119701641689, 0.240639616958446, 0.240112227675144, 0.239538552917691, 0.238919877558608, 0.238257740277421, 0.237553921920859, 0.236810434162889, 0.236029508464641, 0.235213585334255, 0.234365303886712, 0.233487491703701, 0.232583154993584, 0.231655469051529, 0.230707769019853, 0.229743540948666, 0.228766413156863, 0.227780147893529, 0.226788633299819, 0.225795875671367, 0.224805992021283, 0.223823202943776, 0.222851825778459, 0.221896268075365, 0.220961021360712, 0.220050655203449, 0.2191698115826, 0.21832319955543, 0.217515590226444, 0.216751812017226, 0.216036746237134, 0.215375322954836, 0.214772517170699, 0.214233345290018, 0.213762861897082, 0.213366156830066, 0.21304835255673, 0.212814601850931, 0.212670085769911, 0.212620011932366, 0.24331, 0.24329141204753, 0.243232785341456, 0.243131758916028, 0.242986373435107, 0.242795056254807, 0.242556606785975, 0.242270182156514, 0.241935283173479, 0.241551740584955, 0.241119701641685, 0.240639616958443, 0.24011222767514, 0.239538552917687, 0.238919877558605, 0.238257740277418, 0.237553921920856, 0.236810434162886, 0.236029508464639, 0.235213585334254, 0.234365303886712, 0.233487491703701, 0.232583154993585, 0.231655469051531, 0.230707769019855, 0.229743540948669, 0.228766413156867, 0.227780147893534, 0.226788633299824, 0.225795875671373, 0.224805992021289, 0.223823202943782, 0.222851825778466, 0.221896268075372, 0.220961021360719, 0.220050655203455, 0.219169811582606, 0.218323199555436, 0.217515590226449, 0.216751812017231, 0.216036746237138, 0.215375322954839, 0.214772517170701, 0.21423334529002, 0.213762861897084, 0.213366156830066, 0.21304835255673, 0.21281460185093, 0.21267008576991, 0.212620011932365, 0.24331, 0.24329141204753, 0.243232785341456, 0.243131758916027, 0.242986373435106, 0.242795056254805, 0.242556606785974, 0.242270182156512, 0.241935283173476, 0.241551740584952, 0.241119701641682, 0.24063961695844, 0.240112227675137, 0.239538552917684, 0.238919877558601, 0.238257740277415, 0.237553921920853, 0.236810434162884, 0.236029508464637, 0.235213585334253, 0.234365303886711, 0.233487491703701, 0.232583154993587, 0.231655469051533, 0.230707769019858, 0.229743540948673, 0.228766413156872, 0.227780147893539, 0.22678863329983, 0.225795875671379, 0.224805992021295, 0.223823202943789, 0.222851825778473, 0.221896268075379, 0.220961021360726, 0.220050655203463, 0.219169811582613, 0.218323199555443, 0.217515590226455, 0.216751812017236, 0.216036746237143, 0.215375322954844, 0.214772517170705, 0.214233345290023, 0.213762861897086, 0.213366156830068, 0.213048352556731, 0.212814601850931, 0.212670085769911, 0.212620011932366, 0.24331, 0.24329141204753, 0.243232785341456, 0.243131758916027, 0.242986373435105, 0.242795056254804, 0.242556606785972, 0.24227018215651, 0.241935283173474, 0.241551740584949, 0.241119701641679, 0.240639616958436, 0.240112227675133, 0.23953855291768, 0.238919877558598, 0.238257740277412, 0.237553921920851, 0.236810434162882, 0.236029508464636, 0.235213585334252, 0.234365303886711, 0.233487491703702, 0.232583154993588, 0.231655469051535, 0.230707769019861, 0.229743540948676, 0.228766413156876, 0.227780147893544, 0.226788633299835, 0.225795875671385, 0.224805992021302, 0.223823202943796, 0.22285182577848, 0.221896268075386, 0.220961021360733, 0.220050655203469, 0.21916981158262, 0.218323199555449, 0.217515590226461, 0.216751812017241, 0.216036746237148, 0.215375322954847, 0.214772517170708, 0.214233345290025, 0.213762861897088, 0.213366156830069, 0.213048352556731, 0.212814601850931, 0.21267008576991, 0.212620011932365, 0.24331, 0.24329141204753, 0.243232785341455, 0.243131758916026, 0.242986373435104, 0.242795056254802, 0.24255660678597, 0.242270182156508, 0.241935283173471, 0.241551740584946, 0.241119701641676, 0.240639616958433, 0.24011222767513, 0.239538552917677, 0.238919877558595, 0.238257740277409, 0.237553921920848, 0.23681043416288, 0.236029508464634, 0.235213585334251, 0.234365303886711, 0.233487491703702, 0.232583154993589, 0.231655469051537, 0.230707769019864, 0.22974354094868, 0.22876641315688, 0.227780147893549, 0.226788633299841, 0.225795875671391, 0.224805992021309, 0.223823202943803, 0.222851825778487, 0.221896268075394, 0.220961021360741, 0.220050655203477, 0.219169811582627, 0.218323199555456, 0.217515590226468, 0.216751812017248, 0.216036746237153, 0.215375322954853, 0.214772517170713, 0.214233345290029, 0.213762861897091, 0.213366156830072, 0.213048352556734, 0.212814601850933, 0.212670085769912, 0.212620011932367, 0.24331, 0.24329141204753, 0.243232785341455, 0.243131758916025, 0.242986373435103, 0.242795056254801, 0.242556606785968, 0.242270182156505, 0.241935283173468, 0.241551740584943, 0.241119701641672, 0.240639616958429, 0.240112227675126, 0.239538552917673, 0.238919877558591, 0.238257740277406, 0.237553921920845, 0.236810434162877, 0.236029508464632, 0.23521358533425, 0.23436530388671, 0.233487491703702, 0.23258315499359, 0.231655469051539, 0.230707769019866, 0.229743540948683, 0.228766413156884, 0.227780147893554, 0.226788633299846, 0.225795875671397, 0.224805992021315, 0.22382320294381, 0.222851825778494, 0.2218962680754, 0.220961021360747, 0.220050655203484, 0.219169811582634, 0.218323199555462, 0.217515590226473, 0.216751812017253, 0.216036746237158, 0.215375322954856, 0.214772517170716, 0.214233345290031, 0.213762861897093, 0.213366156830073, 0.213048352556734, 0.212814601850933, 0.212670085769912, 0.212620011932366, 0.24331, 0.243291412047529, 0.243232785341455, 0.243131758916025, 0.242986373435102, 0.242795056254799, 0.242556606785966, 0.242270182156503, 0.241935283173466, 0.24155174058494, 0.241119701641669, 0.240639616958426, 0.240112227675123, 0.23953855291767, 0.238919877558588, 0.238257740277403, 0.237553921920843, 0.236810434162875, 0.236029508464631, 0.235213585334249, 0.23436530388671, 0.233487491703703, 0.232583154993591, 0.231655469051541, 0.230707769019869, 0.229743540948687, 0.228766413156888, 0.227780147893559, 0.226788633299852, 0.225795875671403, 0.224805992021321, 0.223823202943816, 0.222851825778501, 0.221896268075408, 0.220961021360754, 0.220050655203491, 0.21916981158264, 0.218323199555468, 0.217515590226479, 0.216751812017258, 0.216036746237162, 0.21537532295486, 0.214772517170719, 0.214233345290034, 0.213762861897094, 0.213366156830074, 0.213048352556734, 0.212814601850933, 0.212670085769911, 0.212620011932366, 0.24331, 0.243291412047529, 0.243232785341455, 0.243131758916024, 0.242986373435101, 0.242795056254798, 0.242556606785964, 0.242270182156501, 0.241935283173463, 0.241551740584937, 0.241119701641666, 0.240639616958422, 0.240112227675119, 0.239538552917666, 0.238919877558585, 0.2382577402774, 0.23755392192084, 0.236810434162873, 0.236029508464629, 0.235213585334248, 0.23436530388671, 0.233487491703703, 0.232583154993592, 0.231655469051542, 0.230707769019872, 0.22974354094869, 0.228766413156893, 0.227780147893563, 0.226788633299857, 0.225795875671409, 0.224805992021328, 0.223823202943823, 0.222851825778508, 0.221896268075415, 0.220961021360762, 0.220050655203498, 0.219169811582647, 0.218323199555475, 0.217515590226485, 0.216751812017263, 0.216036746237167, 0.215375322954865, 0.214772517170722, 0.214233345290037, 0.213762861897097, 0.213366156830075, 0.213048352556736, 0.212814601850933, 0.212670085769912, 0.212620011932366, 0.24331, 0.243291412047529, 0.243232785341454, 0.243131758916024, 0.2429863734351, 0.242795056254797, 0.242556606785962, 0.242270182156498, 0.24193528317346, 0.241551740584934, 0.241119701641662, 0.240639616958419, 0.240112227675116, 0.239538552917663, 0.238919877558581, 0.238257740277397, 0.237553921920837, 0.236810434162871, 0.236029508464627, 0.235213585334247, 0.234365303886709, 0.233487491703704, 0.232583154993593, 0.231655469051544, 0.230707769019874, 0.229743540948694, 0.228766413156897, 0.227780147893568, 0.226788633299863, 0.225795875671415, 0.224805992021334, 0.22382320294383, 0.222851825778515, 0.221896268075422, 0.220961021360769, 0.220050655203505, 0.219169811582654, 0.218323199555481, 0.217515590226491, 0.216751812017269, 0.216036746237172, 0.215375322954868, 0.214772517170726, 0.214233345290039, 0.213762861897098, 0.213366156830076, 0.213048352556736, 0.212814601850933, 0.212670085769911, 0.212620011932366, 0.24331, 0.243291412047529, 0.243232785341454, 0.243131758916023, 0.242986373435099, 0.242795056254795, 0.24255660678596, 0.242270182156496, 0.241935283173457, 0.241551740584931, 0.241119701641659, 0.240639616958416, 0.240112227675112, 0.239538552917659, 0.238919877558578, 0.238257740277394, 0.237553921920834, 0.236810434162868, 0.236029508464626, 0.235213585334246, 0.234365303886709, 0.233487491703704, 0.232583154993595, 0.231655469051546, 0.230707769019877, 0.229743540948697, 0.228766413156901, 0.227780147893573, 0.226788633299869, 0.225795875671421, 0.224805992021341, 0.223823202943837, 0.222851825778522, 0.221896268075429, 0.220961021360776, 0.220050655203512, 0.219169811582661, 0.218323199555488, 0.217515590226497, 0.216751812017275, 0.216036746237177, 0.215375322954873, 0.21477251717073, 0.214233345290043, 0.213762861897101, 0.213366156830079, 0.213048352556738, 0.212814601850935, 0.212670085769913, 0.212620011932367, 0.24331, 0.243291412047529, 0.243232785341454, 0.243131758916022, 0.242986373435098, 0.242795056254794, 0.242556606785959, 0.242270182156494, 0.241935283173455, 0.241551740584928, 0.241119701641656, 0.240639616958412, 0.240112227675109, 0.239538552917656, 0.238919877558575, 0.238257740277391, 0.237553921920832, 0.236810434162866, 0.236029508464624, 0.235213585334245, 0.234365303886708, 0.233487491703704, 0.232583154993596, 0.231655469051548, 0.23070776901988, 0.229743540948701, 0.228766413156905, 0.227780147893578, 0.226788633299874, 0.225795875671427, 0.224805992021347, 0.223823202943844, 0.222851825778529, 0.221896268075436, 0.220961021360783, 0.220050655203519, 0.219169811582667, 0.218323199555494, 0.217515590226503, 0.21675181201728, 0.216036746237182, 0.215375322954877, 0.214772517170733, 0.214233345290045, 0.213762861897103, 0.21336615683008, 0.213048352556738, 0.212814601850935, 0.212670085769912, 0.212620011932366, 0.24331, 0.243291412047529, 0.243232785341453, 0.243131758916022, 0.242986373435097, 0.242795056254792, 0.242556606785957, 0.242270182156491, 0.241935283173452, 0.241551740584925, 0.241119701641653, 0.240639616958409, 0.240112227675105, 0.239538552917653, 0.238919877558572, 0.238257740277388, 0.237553921920829, 0.236810434162864, 0.236029508464622, 0.235213585334243, 0.234365303886708, 0.233487491703705, 0.232583154993597, 0.23165546905155, 0.230707769019882, 0.229743540948704, 0.228766413156909, 0.227780147893583, 0.226788633299879, 0.225795875671433, 0.224805992021353, 0.22382320294385, 0.222851825778536, 0.221896268075443, 0.22096102136079, 0.220050655203525, 0.219169811582674, 0.2183231995555, 0.217515590226509, 0.216751812017285, 0.216036746237186, 0.215375322954881, 0.214772517170736, 0.214233345290048, 0.213762861897105, 0.213366156830081, 0.213048352556739, 0.212814601850935, 0.212670085769912, 0.212620011932366, 0.24331, 0.243291412047529, 0.243232785341453, 0.243131758916021, 0.242986373435096, 0.242795056254791, 0.242556606785955, 0.242270182156489, 0.241935283173449, 0.241551740584922, 0.241119701641649, 0.240639616958405, 0.240112227675102, 0.239538552917649, 0.238919877558568, 0.238257740277385, 0.237553921920826, 0.236810434162862, 0.23602950846462, 0.235213585334242, 0.234365303886707, 0.233487491703705, 0.232583154993598, 0.231655469051552, 0.230707769019885, 0.229743540948707, 0.228766413156913, 0.227780147893588, 0.226788633299885, 0.225795875671439, 0.22480599202136, 0.223823202943857, 0.222851825778543, 0.22189626807545, 0.220961021360797, 0.220050655203532, 0.21916981158268, 0.218323199555506, 0.217515590226514, 0.21675181201729, 0.216036746237191, 0.215375322954885, 0.214772517170739, 0.21423334529005, 0.213762861897106, 0.213366156830082, 0.213048352556739, 0.212814601850935, 0.212670085769912, 0.212620011932366, 0.24331, 0.243291412047529, 0.243232785341453, 0.24313175891602, 0.242986373435095, 0.242795056254789, 0.242556606785953, 0.242270182156487, 0.241935283173447, 0.241551740584919, 0.241119701641646, 0.240639616958402, 0.240112227675098, 0.239538552917646, 0.238919877558565, 0.238257740277382, 0.237553921920824, 0.236810434162859, 0.236029508464619, 0.235213585334241, 0.234365303886707, 0.233487491703705, 0.232583154993599, 0.231655469051554, 0.230707769019888, 0.229743540948711, 0.228766413156918, 0.227780147893593, 0.22678863329989, 0.225795875671445, 0.224805992021366, 0.223823202943864, 0.22285182577855, 0.221896268075457, 0.220961021360804, 0.220050655203539, 0.219169811582687, 0.218323199555513, 0.21751559022652, 0.216751812017295, 0.216036746237195, 0.215375322954889, 0.214772517170742, 0.214233345290052, 0.213762861897108, 0.213366156830083, 0.21304835255674, 0.212814601850935, 0.212670085769911, 0.212620011932365, 0.24331, 0.243291412047529, 0.243232785341452, 0.24313175891602, 0.242986373435094, 0.242795056254788, 0.242556606785951, 0.242270182156484, 0.241935283173444, 0.241551740584916, 0.241119701641643, 0.240639616958398, 0.240112227675095, 0.239538552917642, 0.238919877558562, 0.238257740277379, 0.237553921920821, 0.236810434162857, 0.236029508464617, 0.23521358533424, 0.234365303886707, 0.233487491703706, 0.2325831549936, 0.231655469051556, 0.230707769019891, 0.229743540948714, 0.228766413156922, 0.227780147893598, 0.226788633299896, 0.225795875671451, 0.224805992021373, 0.223823202943871, 0.222851825778557, 0.221896268075465, 0.220961021360811, 0.220050655203547, 0.219169811582694, 0.21832319955552, 0.217515590226527, 0.216751812017301, 0.216036746237201, 0.215375322954894, 0.214772517170747, 0.214233345290056, 0.213762861897111, 0.213366156830086, 0.213048352556742, 0.212814601850936, 0.212670085769913, 0.212620011932367, 0.24331, 0.243291412047529, 0.243232785341452, 0.243131758916019, 0.242986373435093, 0.242795056254787, 0.242556606785949, 0.242270182156482, 0.241935283173441, 0.241551740584913, 0.24111970164164, 0.240639616958395, 0.240112227675091, 0.239538552917639, 0.238919877558558, 0.238257740277376, 0.237553921920818, 0.236810434162855, 0.236029508464615, 0.235213585334239, 0.234365303886707, 0.233487491703706, 0.232583154993602, 0.231655469051558, 0.230707769019893, 0.229743540948718, 0.228766413156926, 0.227780147893603, 0.226788633299901, 0.225795875671457, 0.224805992021379, 0.223823202943878, 0.222851825778564, 0.221896268075472, 0.220961021360818, 0.220050655203553, 0.219169811582701, 0.218323199555526, 0.217515590226532, 0.216751812017306, 0.216036746237205, 0.215375322954897, 0.21477251717075, 0.214233345290058, 0.213762861897113, 0.213366156830086, 0.213048352556742, 0.212814601850936, 0.212670085769912, 0.212620011932366, 0.24331, 0.243291412047529, 0.243232785341452, 0.243131758916019, 0.242986373435092, 0.242795056254785, 0.242556606785947, 0.24227018215648, 0.241935283173439, 0.24155174058491, 0.241119701641636, 0.240639616958391, 0.240112227675088, 0.239538552917635, 0.238919877558555, 0.238257740277372, 0.237553921920815, 0.236810434162853, 0.236029508464614, 0.235213585334238, 0.234365303886706, 0.233487491703706, 0.232583154993602, 0.23165546905156, 0.230707769019896, 0.229743540948721, 0.22876641315693, 0.227780147893607, 0.226788633299907, 0.225795875671463, 0.224805992021386, 0.223823202943884, 0.222851825778571, 0.221896268075478, 0.220961021360825, 0.22005065520356, 0.219169811582707, 0.218323199555532, 0.217515590226538, 0.216751812017311, 0.21603674623721, 0.215375322954901, 0.214772517170753, 0.214233345290061, 0.213762861897114, 0.213366156830087, 0.213048352556742, 0.212814601850936, 0.212670085769912, 0.212620011932365, 0.24331, 0.243291412047529, 0.243232785341452, 0.243131758916018, 0.242986373435091, 0.242795056254784, 0.242556606785945, 0.242270182156478, 0.241935283173436, 0.241551740584907, 0.241119701641633, 0.240639616958388, 0.240112227675084, 0.239538552917632, 0.238919877558552, 0.238257740277369, 0.237553921920813, 0.23681043416285, 0.236029508464612, 0.235213585334237, 0.234365303886706, 0.233487491703707, 0.232583154993604, 0.231655469051562, 0.230707769019899, 0.229743540948725, 0.228766413156935, 0.227780147893612, 0.226788633299912, 0.225795875671469, 0.224805992021392, 0.223823202943891, 0.222851825778578, 0.221896268075486, 0.220961021360833, 0.220050655203567, 0.219169811582714, 0.218323199555539, 0.217515590226544, 0.216751812017317, 0.216036746237215, 0.215375322954906, 0.214772517170757, 0.214233345290064, 0.213762861897117, 0.21336615683009, 0.213048352556744, 0.212814601850937, 0.212670085769913, 0.212620011932366, 0.24331, 0.243291412047528, 0.243232785341451, 0.243131758916017, 0.24298637343509, 0.242795056254782, 0.242556606785944, 0.242270182156475, 0.241935283173433, 0.241551740584904, 0.24111970164163, 0.240639616958385, 0.240112227675081, 0.239538552917628, 0.238919877558548, 0.238257740277366, 0.23755392192081, 0.236810434162848, 0.23602950846461, 0.235213585334236, 0.234365303886705, 0.233487491703707, 0.232583154993605, 0.231655469051564, 0.230707769019901, 0.229743540948728, 0.228766413156939, 0.227780147893617, 0.226788633299918, 0.225795875671475, 0.224805992021399, 0.223823202943898, 0.222851825778585, 0.221896268075493, 0.22096102136084, 0.220050655203574, 0.219169811582721, 0.218323199555545, 0.21751559022655, 0.216751812017323, 0.21603674623722, 0.21537532295491, 0.21477251717076, 0.214233345290067, 0.213762861897119, 0.213366156830091, 0.213048352556745, 0.212814601850938, 0.212670085769913, 0.212620011932366, 0.24331, 0.243291412047528, 0.243232785341451, 0.243131758916017, 0.242986373435089, 0.242795056254781, 0.242556606785942, 0.242270182156473, 0.241935283173431, 0.241551740584901, 0.241119701641626, 0.240639616958381, 0.240112227675077, 0.239538552917625, 0.238919877558545, 0.238257740277363, 0.237553921920807, 0.236810434162846, 0.236029508464608, 0.235213585334235, 0.234365303886705, 0.233487491703707, 0.232583154993606, 0.231655469051565, 0.230707769019904, 0.229743540948732, 0.228766413156943, 0.227780147893622, 0.226788633299923, 0.225795875671481, 0.224805992021405, 0.223823202943905, 0.222851825778592, 0.2218962680755, 0.220961021360847, 0.220050655203581, 0.219169811582728, 0.218323199555551, 0.217515590226556, 0.216751812017328, 0.216036746237224, 0.215375322954914, 0.214772517170764, 0.214233345290069, 0.213762861897121, 0.213366156830092, 0.213048352556746, 0.212814601850938, 0.212670085769913, 0.212620011932366, 0.24331, 0.243291412047528, 0.243232785341451, 0.243131758916016, 0.242986373435088, 0.242795056254779, 0.24255660678594, 0.242270182156471, 0.241935283173428, 0.241551740584898, 0.241119701641623, 0.240639616958378, 0.240112227675074, 0.239538552917621, 0.238919877558542, 0.23825774027736, 0.237553921920805, 0.236810434162844, 0.236029508464607, 0.235213585334234, 0.234365303886705, 0.233487491703708, 0.232583154993607, 0.231655469051567, 0.230707769019907, 0.229743540948735, 0.228766413156947, 0.227780147893627, 0.226788633299929, 0.225795875671487, 0.224805992021412, 0.223823202943912, 0.222851825778599, 0.221896268075507, 0.220961021360854, 0.220050655203588, 0.219169811582735, 0.218323199555558, 0.217515590226562, 0.216751812017334, 0.216036746237229, 0.215375322954918, 0.214772517170767, 0.214233345290072, 0.213762861897123, 0.213366156830094, 0.213048352556747, 0.212814601850939, 0.212670085769913, 0.212620011932366, 0.24331, 0.243291412047528, 0.24323278534145, 0.243131758916015, 0.242986373435087, 0.242795056254778, 0.242556606785938, 0.242270182156468, 0.241935283173425, 0.241551740584894, 0.24111970164162, 0.240639616958374, 0.24011222767507, 0.239538552917618, 0.238919877558538, 0.238257740277357, 0.237553921920802, 0.236810434162841, 0.236029508464605, 0.235213585334232, 0.234365303886704, 0.233487491703708, 0.232583154993608, 0.231655469051569, 0.230707769019909, 0.229743540948738, 0.228766413156951, 0.227780147893631, 0.226788633299934, 0.225795875671493, 0.224805992021418, 0.223823202943918, 0.222851825778606, 0.221896268075514, 0.22096102136086, 0.220050655203595, 0.219169811582741, 0.218323199555563, 0.217515590226567, 0.216751812017338, 0.216036746237233, 0.215375322954921, 0.21477251717077, 0.214233345290074, 0.213762861897124, 0.213366156830094, 0.213048352556747, 0.212814601850938, 0.212670085769912, 0.212620011932365, 0.24331, 0.243291412047528, 0.24323278534145, 0.243131758916015, 0.242986373435086, 0.242795056254776, 0.242556606785936, 0.242270182156466, 0.241935283173423, 0.241551740584891, 0.241119701641617, 0.240639616958371, 0.240112227675067, 0.239538552917614, 0.238919877558535, 0.238257740277354, 0.237553921920799, 0.236810434162839, 0.236029508464603, 0.235213585334232, 0.234365303886704, 0.233487491703708, 0.232583154993609, 0.231655469051571, 0.230707769019912, 0.229743540948742, 0.228766413156956, 0.227780147893637, 0.22678863329994, 0.225795875671499, 0.224805992021424, 0.223823202943925, 0.222851825778613, 0.221896268075521, 0.220961021360868, 0.220050655203602, 0.219169811582748, 0.21832319955557, 0.217515590226574, 0.216751812017344, 0.216036746237238, 0.215375322954926, 0.214772517170774, 0.214233345290077, 0.213762861897127, 0.213366156830096, 0.213048352556748, 0.212814601850939, 0.212670085769913, 0.212620011932366, 0.24331, 0.243291412047528, 0.24323278534145, 0.243131758916014, 0.242986373435085, 0.242795056254775, 0.242556606785934, 0.242270182156464, 0.24193528317342, 0.241551740584888, 0.241119701641613, 0.240639616958367, 0.240112227675063, 0.239538552917611, 0.238919877558532, 0.238257740277351, 0.237553921920797, 0.236810434162837, 0.236029508464602, 0.235213585334231, 0.234365303886703, 0.233487491703709, 0.23258315499361, 0.231655469051573, 0.230707769019915, 0.229743540948746, 0.22876641315696, 0.227780147893642, 0.226788633299945, 0.225795875671505, 0.224805992021431, 0.223823202943932, 0.22285182577862, 0.221896268075528, 0.220961021360875, 0.220050655203609, 0.219169811582755, 0.218323199555577, 0.21751559022658, 0.216751812017349, 0.216036746237243, 0.21537532295493, 0.214772517170777, 0.21423334529008, 0.213762861897129, 0.213366156830098, 0.213048352556749, 0.21281460185094, 0.212670085769913, 0.212620011932366, 0.24331, 0.243291412047528, 0.243232785341449, 0.243131758916014, 0.242986373435084, 0.242795056254774, 0.242556606785932, 0.242270182156461, 0.241935283173417, 0.241551740584885, 0.24111970164161, 0.240639616958364, 0.24011222767506, 0.239538552917608, 0.238919877558528, 0.238257740277348, 0.237553921920794, 0.236810434162835, 0.2360295084646, 0.23521358533423, 0.234365303886703, 0.233487491703709, 0.232583154993612, 0.231655469051575, 0.230707769019918, 0.229743540948749, 0.228766413156964, 0.227780147893646, 0.226788633299951, 0.225795875671511, 0.224805992021437, 0.223823202943939, 0.222851825778627, 0.221896268075536, 0.220961021360882, 0.220050655203616, 0.219169811582761, 0.218323199555583, 0.217515590226586, 0.216751812017355, 0.216036746237248, 0.215375322954934, 0.214772517170781, 0.214233345290083, 0.213762861897131, 0.213366156830099, 0.21304835255675, 0.21281460185094, 0.212670085769913, 0.212620011932366, 0.24331, 0.243291412047528, 0.243232785341449, 0.243131758916013, 0.242986373435083, 0.242795056254772, 0.24255660678593, 0.242270182156459, 0.241935283173414, 0.241551740584882, 0.241119701641607, 0.240639616958361, 0.240112227675056, 0.239538552917604, 0.238919877558525, 0.238257740277345, 0.237553921920791, 0.236810434162832, 0.236029508464598, 0.235213585334228, 0.234365303886703, 0.233487491703709, 0.232583154993613, 0.231655469051577, 0.23070776901992, 0.229743540948752, 0.228766413156968, 0.227780147893651, 0.226788633299956, 0.225795875671517, 0.224805992021444, 0.223823202943945, 0.222851825778634, 0.221896268075542, 0.220961021360889, 0.220050655203623, 0.219169811582768, 0.218323199555589, 0.217515590226591, 0.21675181201736, 0.216036746237253, 0.215375322954938, 0.214772517170784, 0.214233345290085, 0.213762861897133, 0.2133661568301, 0.21304835255675, 0.21281460185094, 0.212670085769913, 0.212620011932366, 0.24331, 0.243291412047528, 0.243232785341449, 0.243131758916012, 0.242986373435082, 0.242795056254771, 0.242556606785929, 0.242270182156457, 0.241935283173412, 0.241551740584879, 0.241119701641604, 0.240639616958357, 0.240112227675053, 0.239538552917601, 0.238919877558522, 0.238257740277342, 0.237553921920788, 0.23681043416283, 0.236029508464596, 0.235213585334227, 0.234365303886702, 0.23348749170371, 0.232583154993614, 0.231655469051579, 0.230707769019923, 0.229743540948756, 0.228766413156972, 0.227780147893656, 0.226788633299961, 0.225795875671523, 0.22480599202145, 0.223823202943952, 0.222851825778641, 0.221896268075549, 0.220961021360896, 0.220050655203629, 0.219169811582774, 0.218323199555595, 0.217515590226597, 0.216751812017365, 0.216036746237257, 0.215375322954942, 0.214772517170786, 0.214233345290087, 0.213762861897134, 0.213366156830101, 0.21304835255675, 0.21281460185094, 0.212670085769912, 0.212620011932365, 0.24331, 0.243291412047528, 0.243232785341448, 0.243131758916012, 0.242986373435081, 0.242795056254769, 0.242556606785927, 0.242270182156455, 0.241935283173409, 0.241551740584876, 0.2411197016416, 0.240639616958354, 0.240112227675049, 0.239538552917597, 0.238919877558518, 0.238257740277339, 0.237553921920786, 0.236810434162828, 0.236029508464595, 0.235213585334226, 0.234365303886702, 0.23348749170371, 0.232583154993615, 0.231655469051581, 0.230707769019925, 0.229743540948759, 0.228766413156976, 0.227780147893661, 0.226788633299967, 0.225795875671529, 0.224805992021456, 0.223823202943959, 0.222851825778648, 0.221896268075557, 0.220961021360903, 0.220050655203637, 0.219169811582781, 0.218323199555602, 0.217515590226603, 0.216751812017371, 0.216036746237262, 0.215375322954946, 0.21477251717079, 0.214233345290091, 0.213762861897137, 0.213366156830103, 0.213048352556752, 0.212814601850941, 0.212670085769913, 0.212620011932365, 0.24331, 0.243291412047528, 0.243232785341448, 0.243131758916011, 0.24298637343508, 0.242795056254768, 0.242556606785925, 0.242270182156452, 0.241935283173406, 0.241551740584873, 0.241119701641597, 0.24063961695835, 0.240112227675046, 0.239538552917594, 0.238919877558515, 0.238257740277336, 0.237553921920783, 0.236810434162826, 0.236029508464593, 0.235213585334225, 0.234365303886701, 0.23348749170371, 0.232583154993616, 0.231655469051582, 0.230707769019928, 0.229743540948763, 0.22876641315698, 0.227780147893666, 0.226788633299972, 0.225795875671535, 0.224805992021463, 0.223823202943965, 0.222851825778655, 0.221896268075563, 0.22096102136091, 0.220050655203643, 0.219169811582787, 0.218323199555608, 0.217515590226608, 0.216751812017376, 0.216036746237266, 0.21537532295495, 0.214772517170793, 0.214233345290093, 0.213762861897138, 0.213366156830104, 0.213048352556752, 0.21281460185094, 0.212670085769912, 0.212620011932364, 0.24331, 0.243291412047527, 0.243232785341448, 0.24313175891601, 0.242986373435079, 0.242795056254766, 0.242556606785923, 0.24227018215645, 0.241935283173404, 0.24155174058487, 0.241119701641594, 0.240639616958347, 0.240112227675042, 0.23953855291759, 0.238919877558512, 0.238257740277333, 0.23755392192078, 0.236810434162823, 0.236029508464591, 0.235213585334224, 0.234365303886701, 0.233487491703711, 0.232583154993617, 0.231655469051584, 0.230707769019931, 0.229743540948766, 0.228766413156985, 0.227780147893671, 0.226788633299978, 0.225795875671541, 0.224805992021469, 0.223823202943972, 0.222851825778662, 0.221896268075571, 0.220961021360917, 0.220050655203651, 0.219169811582795, 0.218323199555615, 0.217515590226615, 0.216751812017382, 0.216036746237272, 0.215375322954955, 0.214772517170798, 0.214233345290096, 0.213762861897141, 0.213366156830106, 0.213048352556754, 0.212814601850942, 0.212670085769914, 0.212620011932366, 0.24331, 0.243291412047527, 0.243232785341448, 0.24313175891601, 0.242986373435078, 0.242795056254765, 0.242556606785921, 0.242270182156448, 0.241935283173401, 0.241551740584867, 0.241119701641591, 0.240639616958343, 0.240112227675039, 0.239538552917587, 0.238919877558509, 0.23825774027733, 0.237553921920778, 0.236810434162821, 0.23602950846459, 0.235213585334223, 0.234365303886701, 0.233487491703711, 0.232583154993618, 0.231655469051586, 0.230707769019934, 0.22974354094877, 0.228766413156989, 0.227780147893675, 0.226788633299983, 0.225795875671547, 0.224805992021476, 0.223823202943979, 0.222851825778669, 0.221896268075578, 0.220961021360924, 0.220050655203657, 0.219169811582801, 0.218323199555621, 0.217515590226621, 0.216751812017387, 0.216036746237276, 0.215375322954959, 0.214772517170801, 0.214233345290099, 0.213762861897143, 0.213366156830107, 0.213048352556754, 0.212814601850942, 0.212670085769913, 0.212620011932365, 0.24331, 0.243291412047527, 0.243232785341447, 0.243131758916009, 0.242986373435077, 0.242795056254764, 0.242556606785919, 0.242270182156445, 0.241935283173398, 0.241551740584864, 0.241119701641587, 0.24063961695834, 0.240112227675035, 0.239538552917583, 0.238919877558505, 0.238257740277327, 0.237553921920775, 0.236810434162819, 0.236029508464588, 0.235213585334222, 0.2343653038867, 0.233487491703712, 0.232583154993619, 0.231655469051588, 0.230707769019936, 0.229743540948773, 0.228766413156993, 0.22778014789368, 0.226788633299989, 0.225795875671553, 0.224805992021482, 0.223823202943986, 0.222851825778676, 0.221896268075585, 0.220961021360931, 0.220050655203664, 0.219169811582808, 0.218323199555627, 0.217515590226626, 0.216751812017392, 0.216036746237281, 0.215375322954962, 0.214772517170804, 0.214233345290101, 0.213762861897144, 0.213366156830108, 0.213048352556755, 0.212814601850942, 0.212670085769913, 0.212620011932365, 0.24331, 0.243291412047527, 0.243232785341447, 0.243131758916009, 0.242986373435076, 0.242795056254762, 0.242556606785917, 0.242270182156443, 0.241935283173396, 0.241551740584861, 0.241119701641584, 0.240639616958336, 0.240112227675032, 0.23953855291758, 0.238919877558502, 0.238257740277323, 0.237553921920772, 0.236810434162816, 0.236029508464586, 0.235213585334221, 0.2343653038867, 0.233487491703712, 0.23258315499362, 0.23165546905159, 0.230707769019939, 0.229743540948776, 0.228766413156997, 0.227780147893685, 0.226788633299994, 0.225795875671559, 0.224805992021488, 0.223823202943992, 0.222851825778682, 0.221896268075591, 0.220961021360938, 0.220050655203671, 0.219169811582814, 0.218323199555633, 0.217515590226632, 0.216751812017397, 0.216036746237285, 0.215375322954966, 0.214772517170807, 0.214233345290104, 0.213762861897147, 0.21336615683011, 0.213048352556756, 0.212814601850943, 0.212670085769914, 0.212620011932365, 0.24331, 0.243291412047527, 0.243232785341447, 0.243131758916008, 0.242986373435075, 0.242795056254761, 0.242556606785915, 0.242270182156441, 0.241935283173393, 0.241551740584858, 0.241119701641581, 0.240639616958333, 0.240112227675028, 0.239538552917576, 0.238919877558499, 0.23825774027732, 0.23755392192077, 0.236810434162814, 0.236029508464585, 0.23521358533422, 0.234365303886699, 0.233487491703712, 0.232583154993622, 0.231655469051592, 0.230707769019942, 0.22974354094878, 0.228766413157001, 0.22778014789369, 0.2267886333, 0.225795875671565, 0.224805992021495, 0.223823202943999, 0.22285182577869, 0.221896268075599, 0.220961021360946, 0.220050655203678, 0.219169811582821, 0.21832319955564, 0.217515590226638, 0.216751812017403, 0.216036746237291, 0.215375322954971, 0.214772517170811, 0.214233345290107, 0.213762861897149, 0.213366156830112, 0.213048352556757, 0.212814601850944, 0.212670085769914, 0.212620011932366, 0.24331, 0.243291412047527, 0.243232785341446, 0.243131758916007, 0.242986373435074, 0.242795056254759, 0.242556606785914, 0.242270182156438, 0.24193528317339, 0.241551740584855, 0.241119701641577, 0.24063961695833, 0.240112227675025, 0.239538552917573, 0.238919877558495, 0.238257740277317, 0.237553921920767, 0.236810434162812, 0.236029508464583, 0.235213585334219, 0.234365303886699, 0.233487491703713, 0.232583154993623, 0.231655469051594, 0.230707769019944, 0.229743540948783, 0.228766413157005, 0.227780147893695, 0.226788633300005, 0.225795875671571, 0.224805992021501, 0.223823202944006, 0.222851825778696, 0.221896268075606, 0.220961021360952, 0.220050655203685, 0.219169811582827, 0.218323199555646, 0.217515590226644, 0.216751812017407, 0.216036746237295, 0.215375322954974, 0.214772517170813, 0.214233345290109, 0.21376286189715, 0.213366156830112, 0.213048352556757, 0.212814601850942, 0.212670085769913, 0.212620011932364, 0.24331, 0.243291412047527, 0.243232785341446, 0.243131758916007, 0.242986373435073, 0.242795056254758, 0.242556606785912, 0.242270182156436, 0.241935283173388, 0.241551740584852, 0.241119701641574, 0.240639616958326, 0.240112227675021, 0.239538552917569, 0.238919877558492, 0.238257740277314, 0.237553921920764, 0.23681043416281, 0.236029508464581, 0.235213585334218, 0.234365303886699, 0.233487491703713, 0.232583154993624, 0.231655469051596, 0.230707769019947, 0.229743540948787, 0.22876641315701, 0.2277801478937, 0.226788633300011, 0.225795875671577, 0.224805992021508, 0.223823202944013, 0.222851825778704, 0.221896268075613, 0.22096102136096, 0.220050655203692, 0.219169811582835, 0.218323199555652, 0.21751559022665, 0.216751812017413, 0.2160367462373, 0.215375322954979, 0.214772517170817, 0.214233345290112, 0.213762861897153, 0.213366156830114, 0.213048352556758, 0.212814601850944, 0.212670085769914, 0.212620011932365, 0.24331, 0.243291412047527, 0.243232785341446, 0.243131758916006, 0.242986373435072, 0.242795056254756, 0.24255660678591, 0.242270182156434, 0.241935283173385, 0.241551740584849, 0.241119701641571, 0.240639616958323, 0.240112227675018, 0.239538552917566, 0.238919877558489, 0.238257740277311, 0.237553921920761, 0.236810434162808, 0.23602950846458, 0.235213585334217, 0.234365303886698, 0.233487491703713, 0.232583154993625, 0.231655469051598, 0.23070776901995, 0.22974354094879, 0.228766413157014, 0.227780147893705, 0.226788633300016, 0.225795875671583, 0.224805992021514, 0.223823202944019, 0.222851825778711, 0.22189626807562, 0.220961021360967, 0.220050655203699, 0.219169811582841, 0.218323199555659, 0.217515590226656, 0.216751812017419, 0.216036746237305, 0.215375322954983, 0.214772517170821, 0.214233345290115, 0.213762861897155, 0.213366156830115, 0.213048352556759, 0.212814601850944, 0.212670085769914, 0.212620011932365, 0.24331, 0.243291412047527, 0.243232785341445, 0.243131758916006, 0.242986373435071, 0.242795056254755, 0.242556606785908, 0.242270182156432, 0.241935283173382, 0.241551740584846, 0.241119701641568, 0.240639616958319, 0.240112227675014, 0.239538552917562, 0.238919877558485, 0.238257740277308, 0.237553921920759, 0.236810434162805, 0.236029508464578, 0.235213585334215, 0.234365303886698, 0.233487491703714, 0.232583154993626, 0.2316554690516, 0.230707769019952, 0.229743540948794, 0.228766413157018, 0.227780147893709, 0.226788633300021, 0.225795875671589, 0.224805992021521, 0.223823202944026, 0.222851825778717, 0.221896268075627, 0.220961021360974, 0.220050655203706, 0.219169811582848, 0.218323199555665, 0.217515590226662, 0.216751812017424, 0.216036746237309, 0.215375322954987, 0.214772517170824, 0.214233345290117, 0.213762861897156, 0.213366156830116, 0.21304835255676, 0.212814601850944, 0.212670085769913, 0.212620011932364, 0.24331, 0.243291412047527, 0.243232785341445, 0.243131758916005, 0.24298637343507, 0.242795056254753, 0.242556606785906, 0.242270182156429, 0.24193528317338, 0.241551740584843, 0.241119701641564, 0.240639616958316, 0.240112227675011, 0.239538552917559, 0.238919877558482, 0.238257740277305, 0.237553921920756, 0.236810434162803, 0.236029508464576, 0.235213585334214, 0.234365303886698, 0.233487491703714, 0.232583154993627, 0.231655469051602, 0.230707769019955, 0.229743540948797, 0.228766413157023, 0.227780147893714, 0.226788633300027, 0.225795875671595, 0.224805992021527, 0.223823202944033, 0.222851825778725, 0.221896268075635, 0.220961021360981, 0.220050655203713, 0.219169811582855, 0.218323199555672, 0.217515590226668, 0.21675181201743, 0.216036746237315, 0.215375322954991, 0.214772517170828, 0.214233345290121, 0.213762861897159, 0.213366156830118, 0.213048352556761, 0.212814601850945, 0.212670085769914, 0.212620011932365, 0.24331, 0.243291412047527, 0.243232785341445, 0.243131758916004, 0.242986373435069, 0.242795056254752, 0.242556606785904, 0.242270182156427, 0.241935283173377, 0.24155174058484, 0.241119701641561, 0.240639616958313, 0.240112227675007, 0.239538552917556, 0.238919877558479, 0.238257740277302, 0.237553921920753, 0.236810434162801, 0.236029508464575, 0.235213585334213, 0.234365303886697, 0.233487491703714, 0.232583154993628, 0.231655469051604, 0.230707769019958, 0.229743540948801, 0.228766413157027, 0.227780147893719, 0.226788633300032, 0.225795875671601, 0.224805992021533, 0.22382320294404, 0.222851825778731, 0.221896268075641, 0.220961021360988, 0.22005065520372, 0.219169811582861, 0.218323199555678, 0.217515590226673, 0.216751812017435, 0.216036746237319, 0.215375322954995, 0.214772517170831, 0.214233345290123, 0.21376286189716, 0.213366156830119, 0.213048352556761, 0.212814601850945, 0.212670085769914, 0.212620011932364, 0.24331, 0.243291412047527, 0.243232785341445, 0.243131758916004, 0.242986373435068, 0.242795056254751, 0.242556606785902, 0.242270182156425, 0.241935283173374, 0.241551740584837, 0.241119701641558, 0.240639616958309, 0.240112227675004, 0.239538552917552, 0.238919877558475, 0.238257740277299, 0.237553921920751, 0.236810434162799, 0.236029508464573, 0.235213585334212, 0.234365303886697, 0.233487491703715, 0.232583154993629, 0.231655469051606, 0.230707769019961, 0.229743540948804, 0.228766413157031, 0.227780147893724, 0.226788633300038, 0.225795875671607, 0.22480599202154, 0.223823202944047, 0.222851825778739, 0.221896268075649, 0.220961021360995, 0.220050655203727, 0.219169811582868, 0.218323199555684, 0.21751559022668, 0.21675181201744, 0.216036746237324, 0.215375322955, 0.214772517170835, 0.214233345290126, 0.213762861897163, 0.213366156830121, 0.213048352556763, 0.212814601850946, 0.212670085769915, 0.212620011932365, 0.24331, 0.243291412047526, 0.243232785341444, 0.243131758916003, 0.242986373435067, 0.242795056254749, 0.2425566067859, 0.242270182156422, 0.241935283173372, 0.241551740584834, 0.241119701641555, 0.240639616958306, 0.240112227675, 0.239538552917549, 0.238919877558472, 0.238257740277296, 0.237553921920748, 0.236810434162796, 0.236029508464571, 0.235213585334211, 0.234365303886696, 0.233487491703715, 0.23258315499363, 0.231655469051607, 0.230707769019963, 0.229743540948808, 0.228766413157035, 0.227780147893729, 0.226788633300043, 0.225795875671613, 0.224805992021546, 0.223823202944053, 0.222851825778745, 0.221896268075655, 0.220961021361002, 0.220050655203733, 0.219169811582874, 0.21832319955569, 0.217515590226685, 0.216751812017445, 0.216036746237328, 0.215375322955003, 0.214772517170837, 0.214233345290128, 0.213762861897164, 0.213366156830122, 0.213048352556763, 0.212814601850945, 0.212670085769913, 0.212620011932364
0, 0, 0, 0, 0, 0, 0, 0, 0, 0, 0, 0, 0, 0, 0, 0, 0, 0, 0, 0, 0, 0, 0, 0, 0, 0, 0, 0, 0, 0, 0, 0, 0, 0, 0, 0, 0, 0, 0, 0, 0, 0, 0, 0, 0, 0, 0, 0, 0, 0, 0, 0, 0, 0, 0, 0, 0, 0, 0, 0, 0, 0, 0, 0, 0, 0, 0, 0, 0, 0, 0, 0, 0, 0, 0, 0, 0, 0, 0, 0, 0, 0, 0, 0, 0, 0, 0, 0, 0, 0, 0, 0, 0, 0, 0, 0, 0, 0, 0, 0, 0, 0, 0, 0, 0, 0, 0, 0, 0, 0, 0, 0, 0, 0, 0, 0, 0, 0, 0, 0, 0, 0, 0, 0, 0, 0, 0, 0, 0, 0, 0, 0, 0, 0, 0, 0, 0, 0, 0, 0, 0, 0, 0, 0, 0, 0, 0, 0, 0, 0, 0, 0, 0, 0, 0, 0, 0, 0, 0, 0, 0, 0, 0, 0, 0, 0, 0, 0, 0, 0, 0, 0, 0, 0, 0, 0, 0, 0, 0, 0, 0, 0, 0, 0, 0, 0, 0, 0, 0, 0, 0, 0, 0, 0, 0, 0, 0, 0, 0, 0, 0, 0, 0, 0, 0, 0, 0, 0, 0, 0, 0, 0, 0, 0, 0, 0, 0, 0, 0, 0, 0, 0, 0, 0, 0, 0, 0, 0, 0, 0, 0, 0, 0, 0, 0, 0, 0, 0, 0, 0, 0, 0, 0, 0, 0, 0, 0, 0, 0, 0, 0, 0, 0, 0, 0, 0, 0, 0, 0, 0, 0, 0, 0, 0, 0, 0, 0, 0, 0, 0, 0, 0, 0, 0, 0, 0, 0, 0, 0, 0, 0, 0, 0, 0, 0, 0, 0, 0, 0, 0, 0, 0, 0, 0, 0, 0, 0, 0, 0, 0, 0, 0, 0, 0, 0, 0, 0, 0, 0, 0, 0, 0, 0, 0, 0, 0, 0, 0, 0, 0, 0, 0, 0, 0, 0, 0, 0, 0, 0, 0, 0, 0, 0, 0, 0, 0, 0, 0, 0, 0, 0, 0, 0, 0, 0, 0, 0, 0, 0, 0, 0, 0, 0, 0, 0, 0, 0, 0, 0, 0, 0, 0, 0, 0, 0, 0, 0, 0, 0, 0, 0, 0, 0, 0, 0, 0, 0, 0, 0, 0, 0, 0, 0, 0, 0, 0, 0, 0, 0, 0, 0, 0, 0, 0, 0, 0, 0, 0, 0, 0, 0, 0, 0, 0, 0, 0, 0, 0, 0, 0, 0, 0, 0, 0, 0, 0, 0, 0, 0, 0, 0, 0, 0, 0, 0, 0, 0, 0, 0, 0, 0, 0, 0, 0, 0, 0, 0, 0, 0, 0, 0, 0, 0, 0, 0, 0, 0, 0, 0, 0, 0, 0, 0, 0, 0, 0, 0, 0, 0, 0, 0, 0, 0, 0, 0, 0, 0, 0, 0, 0, 0, 0, 0, 0, 0, 0, 0, 0, 0, 0, 0, 0, 0, 0, 0, 0, 0, 0, 0, 0, 0, 0, 0, 0, 0, 0, 0, 0, 0, 0, 0, 0, 0, 0, 0, 0, 0, 0, 0, 0, 0, 0, 0, 0, 0, 0, 0, 0, 0, 0, 0, 0, 0, 0, 0, 0, 0, 0, 0, 0, 0, 0, 0, 0, 0, 0, 0, 0, 0, 0, 0, 0, 0, 0, 0, 0, 0, 0, 0, 0, 0, 0, 0, 0, 0, 0, 0, 0, 0, 0, 0, 0, 0, 0, 0, 0, 0, 0, 0, 0, 0, 0, 0, 0, 0, 0, 0, 0, 0, 0, 0, 0, 0, 0, 0, 0, 0, 0, 0, 0, 0, 0, 0, 0, 0, 0, 0, 0, 0, 0, 0, 0, 0, 0, 0, 0, 0, 0, 0, 0, 0, 0, 0, 0, 0, 0, 0, 0, 0, 0, 0, 0, 0, 0, 0, 0, 0, 0, 0, 0, 0, 0, 0, 0, 0, 0, 0, 0, 0, 0, 0, 0, 0, 0, 0, 0, 0, 0, 0, 0, 0, 0, 0, 0, 0, 0, 0, 0, 0, 0, 0, 0, 0, 0, 0, 0, 0, 0, 0, 0, 0, 0, 0, 0, 0, 0, 0, 0, 0, 0, 0, 0, 0, 0, 0, 0, 0, 0, 0, 0, 0, 0, 0, 0, 0, 0, 0, 0, 0, 0, 0, 0, 0, 0, 0, 0, 0, 0, 0, 0, 0, 0, 0, 0, 0, 0, 0, 0, 0, 0, 0, 0, 0, 0, 0, 0, 0, 0, 0, 0, 0, 0, 0, 0, 0, 0, 0, 0, 0, 0, 0, 0, 0, 0, 0, 0, 0, 0, 0, 0, 0, 0, 0, 0, 0, 0, 0, 0, 0, 0, 0, 0, 0, 0, 0, 0, 0, 0, 0, 0, 0, 0, 0, 0, 0, 0, 0, 0, 0, 0, 0, 0, 0, 0, 0, 0, 0, 0, 0, 0, 0, 0, 0, 0, 0, 0, 0, 0, 0, 0, 0, 0, 0, 0, 0, 0, 0, 0, 0, 0, 0, 0, 0, 0, 0, 0, 0, 0, 0, 0, 0, 0, 0, 0, 0, 0, 0, 0, 0, 0, 0, 0, 0, 0, 0, 0, 0, 0, 0, 0, 0, 0, 0, 0, 0, 0, 0, 0, 0, 0, 0, 0, 0, 0, 0, 0, 0, 0, 0, 0, 0, 0, 0, 0, 0, 0, 0, 0, 0, 0, 0, 0, 0, 0, 0, 0, 0, 0, 0, 0, 0, 0, 0, 0, 0, 0, 0, 0, 0, 0, 0, 0, 0, 0, 0, 0, 0, 0, 0, 0, 0, 0, 0, 0, 0, 0, 0, 0, 0, 0, 0, 0, 0, 0, 0, 0, 0, 0, 0, 0, 0, 0, 0, 0, 0, 0, 0, 0, 0, 0, 0, 0, 0, 0, 0, 0, 0, 0, 0, 0, 0, 0, 0, 0, 0, 0, 0, 0, 0, 0, 0, 0, 0, 0, 0, 0, 0, 0, 0, 0, 0, 0, 0, 0, 0, 0, 0, 0, 0, 0, 0, 0, 0, 0, 0, 0, 0, 0, 0, 0, 0, 0, 0, 0, 0, 0, 0, 0, 0, 0, 0, 0, 0, 0, 0, 0, 0, 0, 0, 0, 0, 0, 0, 0, 0, 0, 0, 0, 0, 0, 0, 0, 0, 0, 0, 0, 0, 0, 0, 0, 0, 0, 0, 0, 0, 0, 0, 0, 0, 0, 0, 0, 0, 0, 0, 0, 0, 0, 0, 0, 0, 0, 0, 0, 0, 0, 0, 0, 0, 0, 0, 0, 0, 0, 0, 0, 0, 0, 0, 0, 0, 0, 0, 0, 0, 0, 0, 0, 0, 0, 0, 0, 0, 0, 0, 0, 0, 0, 0, 0, 0, 0, 0, 0, 0, 0, 0, 0, 0, 0, 0, 0, 0, 0, 0, 0, 0, 0, 0, 0, 0, 0, 0, 0, 0, 0, 0, 0, 0, 0, 0, 0, 0, 0, 0, 0, 0, 0, 0, 0, 0, 0, 0, 0, 0, 0, 0, 0, 0, 0, 0, 0, 0, 0, 0, 0, 0, 0, 0, 0, 0, 0, 0, 0, 0, 0, 0, 0, 0, 0, 0, 0, 0, 0, 0, 0, 0, 0, 0, 0, 0, 0, 0, 0, 0, 0, 0, 0, 0, 0, 0, 0, 0, 0, 0, 0, 0, 0, 0, 0, 0, 0, 0, 0, 0, 0, 0, 0, 0, 0, 0, 0, 0, 0, 0, 0, 0, 0, 0, 0, 0, 0, 0, 0, 0, 0, 0, 0, 0, 0, 0, 0, 0, 0, 0, 0, 0, 0, 0, 0, 0, 0, 0, 0, 0, 0, 0, 0, 0, 0, 0, 0, 0, 0, 0, 0, 0, 0, 0, 0, 0, 0, 0, 0, 0, 0, 0, 0, 0, 0, 0, 0, 0, 0, 0, 0, 0, 0, 0, 0, 0, 0, 0, 0, 0, 0, 0, 0, 0, 0, 0, 0, 0, 0, 0, 0, 0, 0, 0, 0, 0, 0, 0, 0, 0, 0, 0, 0, 0, 0, 0, 0, 0, 0, 0, 0, 0, 0, 0, 0, 0, 0, 0, 0, 0, 0, 0, 0, 0, 0, 0, 0, 0, 0, 0, 0, 0, 0, 0, 0, 0, 0, 0, 0, 0, 0, 0, 0, 0, 0, 0, 0, 0, 0, 0, 0, 0, 0, 0, 0, 0, 0, 0, 0, 0, 0, 0, 0, 0, 0, 0, 0, 0, 0, 0, 0, 0, 0, 0, 0, 0, 0, 0, 0, 0, 0, 0, 0, 0, 0, 0, 0, 0, 0, 0, 0, 0, 0, 0, 0, 0, 0, 0, 0, 0, 0, 0, 0, 0, 0, 0, 0, 0, 0, 0, 0, 0, 0, 0, 0, 0, 0, 0, 0, 0, 0, 0, 0, 0, 0, 0, 0, 0, 0, 0, 0, 0, 0, 0, 0, 0, 0, 0, 0, 0, 0, 0, 0, 0, 0, 0, 0, 0, 0, 0, 0, 0, 0, 0, 0, 0, 0, 0, 0, 0, 0, 0, 0, 0, 0, 0, 0, 0, 0, 0, 0, 0, 0, 0, 0, 0, 0, 0, 0, 0, 0, 0, 0, 0, 0, 0, 0, 0, 0, 0, 0, 0, 0, 0, 0, 0, 0, 0, 0, 0, 0, 0, 0, 0, 0, 0, 0, 0, 0, 0, 0, 0, 0, 0, 0, 0, 0, 0, 0, 0, 0, 0, 0, 0, 0, 0, 0, 0, 0, 0, 0, 0, 0, 0, 0, 0, 0, 0, 0, 0, 0, 0, 0, 0, 0, 0, 0, 0, 0, 0, 0, 0, 0, 0, 0, 0, 0, 0, 0, 0, 0, 0, 0, 0, 0, 0, 0, 0, 0, 0, 0, 0, 0, 0, 0, 0, 0, 0, 0, 0, 0, 0, 0, 0, 0, 0, 0, 0, 0, 0, 0, 0, 0, 0, 0, 0, 0, 0, 0, 0, 0, 0, 0, 0, 0, 0, 0, 0, 0, 0, 0, 0, 0, 0, 0, 0, 0, 0, 0, 0, 0, 0, 0, 0, 0, 0, 0, 0, 0, 0, 0, 0, 0, 0, 0, 0, 0, 0, 0, 0, 0, 0, 0, 0, 0, 0, 0, 0, 0, 0, 0, 0, 0, 0, 0, 0, 0, 0, 0, 0, 0, 0, 0, 0, 0, 0, 0, 0, 0, 0, 0, 0, 0, 0, 0, 0, 0, 0, 0, 0, 0, 0, 0, 0, 0, 0, 0, 0, 0, 0, 0, 0, 0, 0, 0, 0, 0, 0, 0, 0, 0, 0, 0, 0, 0, 0, 0, 0, 0, 0, 0, 0, 0, 0, 0, 0, 0, 0, 0, 0, 0, 0, 0, 0, 0, 0, 0, 0, 0, 0, 0, 0, 0, 0, 0, 0, 0, 0, 0, 0, 0, 0, 0, 0, 0, 0, 0, 0, 0, 0, 0, 0, 0, 0, 0, 0, 0, 0, 0, 0, 0, 0, 0, 0, 0, 0, 0, 0, 0, 0, 0, 0, 0, 0, 0, 0, 0, 0, 0, 0, 0, 0, 0, 0, 0, 0, 0, 0, 0, 0, 0, 0, 0, 0, 0, 0, 0, 0, 0, 0, 0, 0, 0, 0, 0, 0, 0, 0, 0, 0, 0, 0, 0, 0, 0, 0, 0, 0, 0, 0, 0, 0, 0, 0, 0, 0, 0, 0, 0, 0, 0, 0, 0, 0, 0, 0, 0, 0, 0, 0, 0, 0, 0, 0, 0, 0, 0, 0, 0, 0, 0, 0, 0, 0, 0, 0, 0, 0, 0, 0, 0, 0, 0, 0, 0, 0, 0, 0, 0, 0, 0, 0, 0, 0, 0, 0, 0, 0, 0, 0, 0, 0, 0, 0, 0, 0, 0, 0, 0, 0, 0, 0, 0, 0, 0, 0, 0, 0, 0, 0, 0, 0, 0, 0, 0, 0, 0, 0, 0, 0, 0, 0, 0, 0, 0, 0, 0, 0, 0, 0, 0, 0, 0, 0, 0, 0, 0, 0, 0, 0, 0, 0, 0, 0, 0, 0, 0, 0, 0, 0, 0, 0, 0, 0, 0, 0, 0, 0, 0, 0, 0, 0, 0, 0, 0, 0, 0, 0, 0, 0, 0, 0, 0, 0, 0, 0, 0, 0, 0, 0, 0, 0, 0, 0, 0, 0, 0, 0, 0, 0, 0, 0, 0, 0, 0, 0, 0, 0, 0, 0, 0, 0, 0, 0, 0, 0, 0, 0, 0, 0, 0, 0, 0, 0, 0, 0, 0, 0, 0, 0, 0, 0, 0, 0, 0, 0, 0, 0, 0, 0, 0, 0, 0, 0, 0, 0, 0, 0, 0, 0, 0, 0, 0, 0, 0, 0, 0, 0, 0, 0, 0, 0, 0, 0, 0, 0, 0, 0, 0, 0, 0, 0, 0, 0, 0, 0, 0, 0, 0, 0, 0, 0, 0, 0, 0, 0, 0, 0, 0, 0, 0, 0, 0, 0, 0, 0, 0, 0, 0, 0, 0, 0, 0, 0, 0, 0, 0, 0, 0, 0, 0, 0, 0, 0, 0, 0, 0, 0, 0, 0, 0, 0, 0, 0, 0, 0, 0, 0, 0, 0, 0, 0, 0, 0, 0, 0, 0, 0, 0, 0, 0, 0, 0, 0, 0, 0, 0, 0, 0, 0, 0, 0, 0, 0, 0, 0, 0, 0, 0, 0, 0, 0, 0, 0, 0, 0, 0, 0, 0, 0, 0, 0, 0, 0, 0, 0, 0, 0, 0, 0, 0, 0, 0, 0, 0, 0, 0, 0, 0, 0, 0, 0, 0, 0, 0, 0, 0, 0, 0, 0, 0, 0, 0, 0, 0, 0, 0, 0, 0, 0, 0, 0, 0, 0, 0, 0, 0, 0, 0, 0, 0, 0, 0, 0, 0, 0, 0, 0, 0, 0, 0, 0, 0, 0, 0, 0, 0, 0, 0, 0, 0, 0, 0, 0, 0, 0, 0, 0, 0, 0, 0, 0, 0, 0, 0, 0, 0, 0, 0, 0, 0, 0, 0, 0, 0, 0, 0, 0, 0, 0, 0, 0, 0, 0, 0, 0, 0, 0, 0, 0, 0, 0, 0, 0, 0, 0, 0, 0, 0, 0, 0, 0, 0, 0, 0, 0, 0, 0, 0, 0, 0, 0, 0, 0, 0, 0, 0, 0, 0, 0, 0, 0, 0, 0, 0, 0, 0, 0, 0, 0, 0, 0, 0, 0, 0, 0, 0, 0, 0, 0, 0, 0, 0, 0, 0, 0, 0, 0, 0, 0, 0, 0, 0, 0, 0, 0, 0, 0, 0, 0, 0, 0, 0, 0, 0, 0, 0, 0, 0, 0, 0, 0, 0, 0, 0, 0, 0, 0, 0, 0, 0, 0, 0, 0, 0, 0, 0, 0, 0, 0, 0, 0, 0, 0, 0, 0, 0, 0, 0, 0, 0, 0, 0, 0, 0, 0, 0, 0, 0, 0, 0, 0, 0, 0, 0, 0, 0, 0, 0, 0, 0, 0, 0, 0, 0, 0, 0, 0, 0, 0, 0, 0, 0, 0, 0, 0, 0, 0, 0, 0, 0, 0, 0, 0, 0, 0, 0, 0, 0, 0, 0, 0, 0, 0, 0, 0, 0, 0, 0, 0, 0, 0, 0, 0, 0, 0, 0, 0, 0, 0, 0, 0, 0, 0, 0, 0, 0, 0, 0, 0, 0, 0, 0, 0, 0, 0, 0, 0, 0, 0, 0, 0, 0, 0, 0, 0, 0, 0, 0, 0, 0, 0, 0, 0, 0, 0, 0, 0, 0, 0, 0, 0, 0, 0, 0, 0, 0, 0, 0, 0, 0, 0, 0, 0, 0, 0, 0, 0, 0, 0, 0, 0, 0, 0, 0, 0, 0, 0, 0, 0, 0, 0, 0, 0, 0
0, 0.00397374094127447, 0.00795014743856726, 0.0119292194918784, 0.0159109571012078, 0.0198953602665556, 0.0238824289879217, 0.0278721632653061, 0.0318645630987089, 0.03585962848813, 0.0398573594335694, 0.0438577559350271, 0.0478608179925031, 0.0518665456059975, 0.0558749387755102, 0.0598859975010413, 0.0638997217825906, 0.0679161116201583, 0.0719351670137443, 0.0759568879633486, 0.0799812744689713, 0.0840083265306123, 0.0880380441482716, 0.0920704273219492, 0.0961054760516452, 0.100143190337359, 0.104183570179092, 0.108226615576843, 0.112272326530612, 0.1163207030404, 0.120371745106206, 0.12442545272803, 0.128481825905873, 0.132540864639734, 0.136602568929613, 0.14066693877551, 0.144733974177426, 0.14880367513536, 0.152876041649313, 0.156951073719284, 0.161028771345273, 0.16510913452728, 0.169192163265306, 0.17327785755935, 0.177366217409413, 0.181457242815494, 0.185550933777593, 0.18964729029571, 0.193746312369846, 0.197848, 0, -0.00118384520510712, -0.00244635768738459, -0.00377500371878373, -0.0051577116761202, -0.00658286285543443, -0.00803928228747051, -0.00951622955413311, -0.0110033896057591, -0.0124908635790193, -0.0139691596152483, -0.0154291836789842, -0.0168622303764911, -0.0182599737740297, -0.0196144582156391, -0.0209180891401985, -0.0221636238975434, -0.0233441625634244, -0.0244531387531161, -0.0254843104335018, -0.0264317507334882, -0.0272898387526283, -0.0280532503678643, -0.0287169490383283, -0.0292761766081752, -0.0297264441074465, -0.0300635225509979, -0.0302834337355488, -0.0303824410349344, -0.0303570401936668, -0.0302039501189259, -0.0299201036711172, -0.0295026384531441, -0.0289488875985492, -0.0282563705586826, -0.0274227838890565, -0.0264459920350409, -0.0253240181170517, -0.024055034715374, -0.0226373546547542, -0.0210694217888837, -0.0193498017848846, -0.0174771729078981, -0.0154503168058587, -0.0132681092945299, -0.0109295111428619, -0.00843355885871908, -0.00577935547501812, -0.00296606133630221, 7.11511422849106e-06, 0, -0.00118359261460155, -0.00244587483966529, -0.00377431343921699, -0.00515683722440123, -0.00658182786981037, -0.00803811073093197, -0.00951494566257451, -0.0110020178381078, -0.0124894285693337, -0.0139676861267856, -0.0154276965602371, -0.0168607545191951, -0.01825853407314, -0.0196130795312788, -0.0209167962615771, -0.0221624415088472, -0.0233431152116787, -0.0244522508180193, -0.0254836060992329, -0.0264312539624864, -0.0272895732613471, -0.0280532396044981, -0.0287172161625146, -0.0292767444726698, -0.0297273352417745, -0.0300647591470788, -0.0302850376352967, -0.0303844337198336, -0.0303594427763227, -0.0302067833365909, -0.0299233878811922, -0.0295063936306551, -0.0289531333355995, -0.0282611260658798, -0.027428067998915, -0.0264518232073594, -0.0253304144462655, -0.0240620139398824, -0.0226449341682223, -0.0210776186535185, -0.0193586327466867, -0.017486654413886, -0.0154604650232689, -0.01327894013199, -0.0109410402735377, -0.00844580174543612, -0.00579232739735636, -0.00297977741966446, -7.36013242543746e-06, 0, -0.0011835926115443, -0.00244587483198494, -0.00377431342535942, -0.00515683720282947, -0.00658182783900982, -0.00803811068941551, -0.00951494560888732, -0.011002017770832, -0.0124894284870932, -0.0139676860282497, -0.0154276964441255, -0.0168607543842811, -0.0182585339182547, -0.0196130793553145, -0.0209167960634907, -0.0221624412876634, -0.023343114966493, -0.0244522505480011, -0.0254836058036277, -0.0264312536406185, -0.0272895729126218, -0.028053239228404, -0.0287172157586252, -0.0292767440406455, -0.0297273347813638, -0.03006475865812, -0.030285037117719, -0.0303844331736579, -0.0303594422016625, -0.030206782733653, -0.0299233872502771, -0.0295063929721573, -0.0289531326500073, -0.0282611253537756, -0.0274280672609749, -0.0264518224443525, -0.0253304136590534, -0.0240620131294184, -0.0226449333355503, -0.0210776177997718, -0.0193586318730867, -0.0174866535217405, -0.0154604641139704, -0.0132789392070139, -0.0109410393344399, -0.00844580079385094, -0.00579232643499393, -0.00297977644830812, -7.35915392884512e-06, 0, -0.00118359261155034, -0.0024458748319963, -0.00377431342537539, -0.00515683720284937, -0.00658182783903302, -0.00803811068944144, -0.00951494560891547, -0.011002017770862, -0.0124894284871246, -0.0139676860282823, -0.0154276964441591, -0.0168607543843157, -0.0182585339182904, -0.0196130793553513, -0.0209167960635289, -0.0221624412877033, -0.023343114966535, -0.0244522505480457, -0.0254836058036753, -0.0264312536406698, -0.0272895729126773, -0.0280532392284643, -0.028717215758691, -0.0292767440407175, -0.0297273347814426, -0.0300647586582062, -0.0302850371178131, -0.0303844331737605, -0.030359442201774, -0.0302067827337739, -0.0299233872504076, -0.0295063929722977, -0.0289531326501578, -0.0282611253539363, -0.0274280672611457, -0.0264518224445333, -0.0253304136592441, -0.0240620131296186, -0.0226449333357595, -0.0210776177999898, -0.0193586318733126, -0.0174866535219739, -0.0154604641142105, -0.0132789392072598, -0.0109410393346908, -0.00844580079410587, -0.00579232643525184, -0.00297977644856791, -7.35915418936892e-06, 0, -0.00118359261155495, -0.0024458748320045, -0.00377431342538619, -0.00515683720286182, -0.00658182783904623, -0.00803811068945457, -0.00951494560892778, -0.0110020177708728, -0.0124894284871334, -0.0139676860282886, -0.0154276964441624, -0.0168607543843159, -0.0182585339182873, -0.0196130793553448, -0.0209167960635192, -0.0221624412876904, -0.0233431149665193, -0.0244522505480273, -0.0254836058036547, -0.0264312536406474, -0.0272895729126536, -0.0280532392284399, -0.0287172157586664, -0.0292767440406932, -0.0297273347814191, -0.030064758658184, -0.0302850371177927, -0.0303844331737424, -0.0303594422017586, -0.0302067827337615, -0.0299233872503985, -0.029506392972292, -0.0289531326501556, -0.0282611253539378, -0.0274280672611507, -0.0264518224445417, -0.0253304136592556, -0.0240620131296329, -0.0226449333357763, -0.0210776178000084, -0.0193586318733325, -0.0174866535219944, -0.0154604641142308, -0.0132789392072791, -0.0109410393347082, -0.00844580079412033, -0.00579232643526232, -0.00297977644857329, -7.35915418846123e-06, 0, -0.00118359261155958, -0.00244587483201274, -0.00377431342539704, -0.00515683720287434, -0.00658182783905951, -0.00803811068946779, -0.00951494560894018, -0.0110020177708837, -0.0124894284871422, -0.0139676860282949, -0.0154276964441659, -0.0168607543843163, -0.0182585339182844, -0.0196130793553386, -0.0209167960635097, -0.0221624412876778, -0.0233431149665037, -0.0244522505480092, -0.0254836058036344, -0.0264312536406254, -0.0272895729126303, -0.0280532392284158, -0.0287172157586421, -0.0292767440406691, -0.0297273347813959, -0.0300647586581622, -0.0302850371177728, -0.0303844331737247, -0.0303594422017436, -0.0302067827337495, -0.0299233872503897, -0.0295063929722867, -0.0289531326501539, -0.0282611253539397, -0.0274280672611561, -0.0264518224445505, -0.0253304136592676, -0.0240620131296477, -0.0226449333357934, -0.0210776178000274, -0.0193586318733529, -0.0174866535220154, -0.0154604641142516, -0.0132789392072989, -0.010941039334726, -0.0084458007941352, -0.00579232643527321, -0.00297977644857908, -7.3591541879664e-06, 0, -0.00118359261156418, -0.00244587483202092, -0.00377431342540783, -0.00515683720288678, -0.00658182783907271, -0.00803811068948092, -0.0095149456089525, -0.0110020177708946, -0.012489428487151, -0.0139676860283012, -0.0154276964441694, -0.0168607543843166, -0.0182585339182814, -0.0196130793553323, -0.0209167960635002, -0.0221624412876652, -0.0233431149664883, -0.0244522505479912, -0.0254836058036143, -0.0264312536406035, -0.0272895729126072, -0.028053239228392, -0.0287172157586181, -0.0292767440406455, -0.0297273347813732, -0.0300647586581409, -0.0302850371177534, -0.0303844331737076, -0.0303594422017293, -0.0302067827337382, -0.0299233872503818, -0.0295063929722824, -0.0289531326501533, -0.0282611253539426, -0.0274280672611628, -0.0264518224445606, -0.0253304136592809, -0.024062013129664, -0.0226449333358122, -0.0210776178000482, -0.019358631873375, -0.0174866535220382, -0.0154604641142744, -0.0132789392073208, -0.0109410393347461, -0.00844580079415256, -0.00579232643528674, -0.00297977644858765, -7.35915419040629e-06, 0, -0.00118359261156881, -0.00244587483202918, -0.00377431342541871, -0.00515683720289933, -0.00658182783908605, -0.00803811068949421, -0.00951494560896499, -0.0110020177709056, -0.01248942848716, -0.0139676860283077, -0.015427696444173, -0.0168607543843171, -0.0182585339182787, -0.0196130793553263, -0.0209167960634909, -0.0221624412876528, -0.023343114966473, -0.0244522505479734, -0.0254836058035943, -0.0264312536405817, -0.0272895729125842, -0.0280532392283682, -0.0287172157585941, -0.0292767440406218, -0.0297273347813504, -0.0300647586581195, -0.0302850371177337, -0.0303844331736903, -0.0303594422017146, -0.0302067827337266, -0.0299233872503735, -0.0295063929722775, -0.0289531326501519, -0.0282611253539449, -0.0274280672611686, -0.0264518224445698, -0.0253304136592933, -0.0240620131296791, -0.0226449333358298, -0.0210776178000676, -0.0193586318733957, -0.0174866535220595, -0.0154604641142955, -0.0132789392073408, -0.0109410393347642, -0.0084458007941677, -0.00579232643529787, -0.00297977644859365, -7.3591541900923e-06, 0, -0.00118359261157345, -0.00244587483203743, -0.00377431342542959, -0.00515683720291189, -0.0065818278390994, -0.00803811068950752, -0.00951494560897751, -0.0110020177709167, -0.0124894284871691, -0.0139676860283143, -0.0154276964441768, -0.0168607543843178, -0.0182585339182761, -0.0196130793553204, -0.0209167960634817, -0.0221624412876406, -0.023343114966458, -0.0244522505479558, -0.0254836058035745, -0.0264312536405603, -0.0272895729125615, -0.0280532392283448, -0.0287172157585705, -0.0292767440405986, -0.029727334781328, -0.0300647586580986, -0.0302850371177147, -0.0303844331736737, -0.0303594422017007, -0.0302067827337157, -0.029923387250366, -0.0295063929722735, -0.0289531326501516, -0.0282611253539482, -0.0274280672611755, -0.0264518224445802, -0.0253304136593068, -0.0240620131296956, -0.0226449333358487, -0.0210776178000885, -0.0193586318734179, -0.0174866535220824, -0.0154604641143183, -0.0132789392073627, -0.0109410393347842, -0.00844580079418491, -0.00579232643531118, -0.00297977644860195, -7.3591541922052e-06, 0, -0.00118359261157806, -0.00244587483204564, -0.00377431342544041, -0.00515683720292437, -0.00658182783911264, -0.0080381106895207, -0.00951494560898987, -0.0110020177709276, -0.0124894284871779, -0.0139676860283206, -0.0154276964441802, -0.0168607543843181, -0.0182585339182731, -0.0196130793553141, -0.0209167960634722, -0.0221624412876279, -0.0233431149664424, -0.0244522505479376, -0.0254836058035542, -0.0264312536405382, -0.0272895729125382, -0.0280532392283207, -0.0287172157585462, -0.0292767440405746, -0.0297273347813048, -0.0300647586580767, -0.0302850371176947, -0.0303844331736559, -0.0303594422016857, -0.0302067827337037, -0.0299233872503572, -0.0295063929722682, -0.0289531326501499, -0.0282611253539501, -0.0274280672611809, -0.026451822444589, -0.0253304136593188, -0.0240620131297104, -0.0226449333358659, -0.0210776178001076, -0.0193586318734383, -0.0174866535221034, -0.0154604641143392, -0.0132789392073826, -0.0109410393348022, -0.00844580079419995, -0.00579232643532226, -0.00297977644860795, -7.35915419193588e-06, 0, -0.0011835926115827, -0.0024458748320539, -0.00377431342545129, -0.00515683720293693, -0.00658182783912598, -0.008038110689534, -0.00951494560900238, -0.0110020177709386, -0.012489428487187, -0.0139676860283272, -0.0154276964441839, -0.0168607543843187, -0.0182585339182704, -0.0196130793553081, -0.0209167960634629, -0.0221624412876156, -0.0233431149664272, -0.0244522505479199, -0.0254836058035343, -0.0264312536405166, -0.0272895729125153, -0.0280532392282971, -0.0287172157585224, -0.0292767440405511, -0.0297273347812823, -0.0300647586580555, -0.0302850371176754, -0.0303844331736389, -0.0303594422016714, -0.0302067827336924, -0.0299233872503492, -0.0295063929722637, -0.028953132650149, -0.0282611253539529, -0.0274280672611872, -0.0264518224445987, -0.0253304136593317, -0.0240620131297261, -0.022644933335884, -0.0210776178001276, -0.0193586318734596, -0.0174866535221253, -0.0154604641143609, -0.0132789392074034, -0.0109410393348211, -0.00844580079421591, -0.00579232643533426, -0.00297977644861486, -7.3591541925825e-06, 0, -0.0011835926115873, -0.00244587483206208, -0.00377431342546208, -0.00515683720294936, -0.00658182783913915, -0.00803811068954708, -0.00951494560901462, -0.0110020177709493, -0.0124894284871956, -0.0139676860283333, -0.0154276964441871, -0.0168607543843187, -0.0182585339182672, -0.0196130793553015, -0.020916796063453, -0.0221624412876025, -0.0233431149664112, -0.0244522505479013, -0.0254836058035135, -0.026431253640494, -0.0272895729124914, -0.0280532392282724, -0.0287172157584974, -0.0292767440405264, -0.0297273347812583, -0.0300647586580329, -0.0302850371176546, -0.0303844331736203, -0.0303594422016554, -0.0302067827336794, -0.0299233872503395, -0.0295063929722574, -0.0289531326501462, -0.0282611253539536, -0.0274280672611914, -0.0264518224446063, -0.0253304136593424, -0.0240620131297395, -0.0226449333358998, -0.0210776178001452, -0.0193586318734785, -0.0174866535221447, -0.0154604641143801, -0.0132789392074215, -0.0109410393348372, -0.00844580079422903, -0.00579232643534335, -0.0029797764486188, -7.359154190176e-06, 0, -0.00118359261159196, -0.00244587483207039, -0.00377431342547303, -0.00515683720296202, -0.00658182783915262, -0.00803811068956052, -0.00951494560902729, -0.0110020177709606, -0.0124894284872049, -0.0139676860283401, -0.015427696444191, -0.0168607543843196, -0.0182585339182648, -0.0196130793552958, -0.0209167960634441, -0.0221624412875905, -0.0233431149663963, -0.0244522505478839, -0.0254836058034939, -0.0264312536404726, -0.0272895729124688, -0.0280532392282491, -0.0287172157584738, -0.0292767440405032, -0.029727334781236, -0.0300647586580119, -0.0302850371176354, -0.0303844331736035, -0.0303594422016412, -0.0302067827336683, -0.0299233872503316, -0.0295063929722529, -0.0289531326501453, -0.0282611253539563, -0.0274280672611977, -0.0264518224446159, -0.0253304136593551, -0.0240620131297551, -0.0226449333359177, -0.0210776178001649, -0.0193586318734994, -0.0174866535221662, -0.0154604641144014, -0.0132789392074417, -0.0109410393348554, -0.00844580079424434, -0.00579232643535462, -0.0029797764486249, -7.35915418993531e-06, 0, -0.00118359261159655, -0.00244587483207856, -0.00377431342548379, -0.00515683720297441, -0.00658182783916576, -0.00803811068957359, -0.00951494560903953, -0.0110020177709713, -0.0124894284872136, -0.0139676860283462, -0.0154276964441943, -0.0168607543843197, -0.0182585339182617, -0.0196130793552894, -0.0209167960634344, -0.0221624412875777, -0.0233431149663807, -0.0244522505478657, -0.0254836058034735, -0.0264312536404505, -0.0272895729124454, -0.028053239228225, -0.0287172157584496, -0.0292767440404793, -0.0297273347812129, -0.0300647586579903, -0.0302850371176157, -0.0303844331735861, -0.0303594422016265, -0.0302067827336566, -0.0299233872503233, -0.0295063929722481, -0.0289531326501441, -0.0282611253539588, -0.0274280672612038, -0.0264518224446255, -0.0253304136593679, -0.0240620131297708, -0.0226449333359359, -0.0210776178001851, -0.0193586318735211, -0.0174866535221886, -0.0154604641144237, -0.0132789392074631, -0.010941039334875, -0.00844580079426115, -0.0057923264353676, -0.00297977644863294, -7.35915419184221e-06, 0, -0.00118359261160118, -0.0024458748320868, -0.00377431342549466, -0.00515683720298696, -0.00658182783917908, -0.00803811068958686, -0.00951494560905199, -0.0110020177709823, -0.0124894284872225, -0.0139676860283527, -0.0154276964441979, -0.0168607543843202, -0.0182585339182589, -0.0196130793552833, -0.020916796063425, -0.0221624412875652, -0.0233431149663653, -0.0244522505478477, -0.0254836058034534, -0.0264312536404286, -0.0272895729124223, -0.0280532392282011, -0.0287172157584254, -0.0292767440404554, -0.0297273347811899, -0.0300647586579686, -0.0302850371175958, -0.0303844331735685, -0.0303594422016116, -0.0302067827336447, -0.0299233872503146, -0.0295063929722429, -0.0289531326501424, -0.0282611253539607, -0.0274280672612092, -0.0264518224446342, -0.0253304136593798, -0.0240620131297854, -0.0226449333359529, -0.0210776178002039, -0.0193586318735411, -0.0174866535222091, -0.0154604641144441, -0.0132789392074824, -0.0109410393348924, -0.00844580079427549, -0.00579232643537789, -0.00297977644863806, -7.35915419061792e-06, 0, -0.00118359261160578, -0.002445874832095, -0.00377431342550545, -0.00515683720299941, -0.00658182783919229, -0.0080381106896, -0.00951494560906433, -0.0110020177709932, -0.0124894284872313, -0.013967686028359, -0.0154276964442014, -0.0168607543843205, -0.0182585339182559, -0.0196130793552771, -0.0209167960634156, -0.0221624412875526, -0.0233431149663499, -0.0244522505478297, -0.0254836058034332, -0.0264312536404068, -0.0272895729123991, -0.0280532392281772, -0.0287172157584013, -0.0292767440404317, -0.0297273347811671, -0.0300647586579472, -0.0302850371175763, -0.0303844331735513, -0.0303594422015971, -0.0302067827336333, -0.0299233872503065, -0.0295063929722383, -0.0289531326501415, -0.0282611253539634, -0.0274280672612155, -0.026451822444644, -0.0253304136593928, -0.0240620131298013, -0.0226449333359712, -0.0210776178002243, -0.0193586318735628, -0.0174866535222315, -0.0154604641144664, -0.0132789392075038, -0.0109410393349119, -0.00844580079429222, -0.00579232643539075, -0.00297977644864594, -7.35915419232836e-06, 0, -0.00118359261161043, -0.00244587483210326, -0.00377431342551635, -0.00515683720301198, -0.00658182783920564, -0.00803811068961329, -0.00951494560907681, -0.0110020177710042, -0.0124894284872403, -0.0139676860283655, -0.0154276964442049, -0.016860754384321, -0.0182585339182531, -0.0196130793552708, -0.020916796063406, -0.02216244128754, -0.0233431149663343, -0.0244522505478116, -0.0254836058034128, -0.0264312536403845, -0.0272895729123756, -0.0280532392281529, -0.0287172157583767, -0.0292767440404073, -0.0297273347811435, -0.0300647586579249, -0.0302850371175558, -0.030384433173533, -0.0303594422015814, -0.0302067827336205, -0.0299233872502969, -0.0295063929722321, -0.0289531326501388, -0.0282611253539642, -0.0274280672612197, -0.0264518224446515, -0.0253304136594033, -0.0240620131298146, -0.0226449333359868, -0.0210776178002415, -0.0193586318735812, -0.0174866535222504, -0.015460464114485, -0.0132789392075213, -0.0109410393349273, -0.00844580079430457, -0.00579232643539898, -0.00297977644864892, -7.35915418887886e-06, 0, -0.00118359261161505, -0.00244587483211149, -0.0037743134255272, -0.00515683720302449, -0.00658182783921894, -0.00803811068962654, -0.00951494560908927, -0.0110020177710152, -0.0124894284872493, -0.013967686028372, -0.0154276964442086, -0.0168607543843215, -0.0182585339182504, -0.0196130793552648, -0.0209167960633968, -0.0221624412875277, -0.0233431149663191, -0.0244522505477939, -0.0254836058033929, -0.026431253640363, -0.0272895729123528, -0.0280532392281294, -0.028717215758353, -0.029276744040384, -0.029727334781121, -0.0300647586579038, -0.0302850371175366, -0.0303844331735161, -0.0303594422015673, -0.0302067827336094, -0.0299233872502891, -0.0295063929722279, -0.0289531326501381, -0.0282611253539672, -0.0274280672612263, -0.0264518224446615, -0.0253304136594165, -0.0240620131298306, -0.0226449333360053, -0.021077617800262, -0.019358631873603, -0.0174866535222728, -0.0154604641145073, -0.0132789392075426, -0.0109410393349467, -0.00844580079432112, -0.0057923264354116, -0.00297977644865648, -7.35915419020636e-06, 0, -0.00118359261161968, -0.00244587483211974, -0.00377431342553807, -0.00515683720303705, -0.00658182783923227, -0.00803811068963984, -0.00951494560910176, -0.0110020177710262, -0.0124894284872583, -0.0139676860283785, -0.0154276964442123, -0.0168607543843221, -0.0182585339182477, -0.0196130793552588, -0.0209167960633876, -0.0221624412875153, -0.0233431149663039, -0.0244522505477761, -0.025483605803373, -0.0264312536403413, -0.0272895729123298, -0.0280532392281056, -0.0287172157583291, -0.0292767440403604, -0.0297273347810983, -0.0300647586578824, -0.030285037117517, -0.0303844331734988, -0.0303594422015527, -0.0302067827335978, -0.0299233872502808, -0.029506392972223, -0.0289531326501368, -0.0282611253539695, -0.0274280672612322, -0.0264518224446708, -0.0253304136594289, -0.0240620131298458, -0.0226449333360229, -0.0210776178002815, -0.0193586318736237, -0.0174866535222942, -0.0154604641145284, -0.0132789392075628, -0.010941039334965, -0.00844580079433645, -0.00579232643542295, -0.00297977644866274, -7.35915419018771e-06, 0, -0.00118359261162432, -0.002445874832128, -0.00377431342554897, -0.00515683720304964, -0.00658182783924565, -0.00803811068965318, -0.00951494560911431, -0.0110020177710373, -0.0124894284872674, -0.0139676860283851, -0.015427696444216, -0.0168607543843227, -0.0182585339182451, -0.0196130793552529, -0.0209167960633784, -0.0221624412875031, -0.0233431149662888, -0.0244522505477584, -0.0254836058033532, -0.0264312536403197, -0.0272895729123071, -0.0280532392280821, -0.0287172157583053, -0.029276744040337, -0.0297273347810757, -0.0300647586578612, -0.0302850371174977, -0.0303844331734818, -0.0303594422015384, -0.0302067827335865, -0.0299233872502728, -0.0295063929722185, -0.0289531326501359, -0.0282611253539722, -0.0274280672612384, -0.0264518224446804, -0.0253304136594417, -0.0240620131298614, -0.0226449333360409, -0.0210776178003013, -0.0193586318736449, -0.017486653522316, -0.0154604641145501, -0.0132789392075834, -0.0109410393349837, -0.00844580079435226, -0.0057923264354348, -0.0029797764486695, -7.35915419068124e-06, 0, -0.00118359261162893, -0.0024458748321362, -0.00377431342555977, -0.00515683720306209, -0.00658182783925887, -0.00803811068966633, -0.00951494560912666, -0.0110020177710482, -0.0124894284872762, -0.0139676860283914, -0.0154276964442195, -0.0168607543843231, -0.0182585339182422, -0.0196130793552467, -0.020916796063369, -0.0221624412874905, -0.0233431149662734, -0.0244522505477405, -0.0254836058033331, -0.0264312536402979, -0.027289572912284, -0.0280532392280583, -0.0287172157582813, -0.0292767440403133, -0.0297273347810529, -0.0300647586578399, -0.0302850371174782, -0.0303844331734647, -0.0303594422015239, -0.0302067827335751, -0.0299233872502647, -0.0295063929722139, -0.028953132650135, -0.028261125353975, -0.0274280672612448, -0.0264518224446902, -0.0253304136594548, -0.0240620131298774, -0.0226449333360593, -0.0210776178003217, -0.0193586318736667, -0.0174866535223384, -0.0154604641145725, -0.0132789392076049, -0.0109410393350034, -0.00844580079436913, -0.00579232643544782, -0.00297977644867756, -7.35915419260462e-06, 0, -0.00118359261163353, -0.0024458748321444, -0.00377431342557057, -0.00515683720307453, -0.00658182783927206, -0.00803811068967944, -0.00951494560913894, -0.011002017771059, -0.0124894284872849, -0.0139676860283976, -0.0154276964442228, -0.0168607543843232, -0.018258533918239, -0.0196130793552402, -0.0209167960633592, -0.0221624412874776, -0.0233431149662576, -0.024452250547722, -0.0254836058033124, -0.0264312536402755, -0.0272895729122602, -0.0280532392280338, -0.0287172157582565, -0.0292767440402888, -0.0297273347810292, -0.0300647586578175, -0.0302850371174576, -0.0303844331734463, -0.0303594422015082, -0.0302067827335624, -0.0299233872502552, -0.0295063929722078, -0.0289531326501324, -0.0282611253539758, -0.0274280672612491, -0.0264518224446979, -0.0253304136594655, -0.0240620131298909, -0.0226449333360751, -0.0210776178003394, -0.0193586318736855, -0.0174866535223578, -0.0154604641145916, -0.0132789392076229, -0.0109410393350194, -0.00844580079438209, -0.00579232643545671, -0.00297977644868124, -7.35915418990018e-06, 0, -0.0011835926116381, -0.00244587483215253, -0.00377431342558128, -0.00515683720308688, -0.00658182783928515, -0.00803811068969245, -0.00951494560915112, -0.0110020177710697, -0.0124894284872936, -0.0139676860284037, -0.0154276964442261, -0.0168607543843234, -0.0182585339182359, -0.0196130793552338, -0.0209167960633495, -0.0221624412874648, -0.023343114966242, -0.0244522505477039, -0.0254836058032921, -0.0264312536402535, -0.027289572912237, -0.0280532392280098, -0.0287172157582324, -0.0292767440402651, -0.0297273347810064, -0.0300647586577961, -0.0302850371174382, -0.0303844331734292, -0.0303594422014938, -0.0302067827335511, -0.0299233872502473, -0.0295063929722034, -0.0289531326501317, -0.0282611253539789, -0.0274280672612559, -0.0264518224447081, -0.025330413659479, -0.0240620131299074, -0.0226449333360941, -0.0210776178003604, -0.019358631873708, -0.017486653522381, -0.0154604641146148, -0.0132789392076453, -0.01094103933504, -0.00844580079440001, -0.00579232643547085, -0.0029797764486905, -7.35915419309381e-06, 0, -0.00118359261164277, -0.00244587483216084, -0.00377431342559224, -0.00515683720309954, -0.00658182783929862, -0.0080381106897059, -0.0095149456091638, -0.0110020177710809, -0.0124894284873028, -0.0139676860284105, -0.01542769644423, -0.0168607543843242, -0.0182585339182335, -0.0196130793552281, -0.0209167960633406, -0.0221624412874528, -0.0233431149662271, -0.0244522505476865, -0.0254836058032725, -0.0264312536402321, -0.0272895729122144, -0.0280532392279865, -0.0287172157582089, -0.0292767440402418, -0.029727334780984, -0.030064758657775, -0.0302850371174189, -0.0303844331734122, -0.0303594422014796, -0.0302067827335398, -0.0299233872502393, -0.0295063929721989, -0.0289531326501307, -0.0282611253539814, -0.0274280672612619, -0.0264518224447176, -0.0253304136594915, -0.0240620131299227, -0.0226449333361118, -0.0210776178003799, -0.0193586318737287, -0.0174866535224023, -0.0154604641146359, -0.0132789392076653, -0.010941039335058, -0.00844580079441509, -0.0057923264354819, -0.00297977644869639, -7.35915419265449e-06, 0, -0.00118359261164739, -0.00244587483216906, -0.00377431342560308, -0.00515683720311204, -0.00658182783931189, -0.0080381106897191, -0.00951494560917619, -0.0110020177710918, -0.0124894284873117, -0.0139676860284169, -0.0154276964442335, -0.0168607543843246, -0.0182585339182306, -0.0196130793552219, -0.0209167960633311, -0.0221624412874401, -0.0233431149662115, -0.0244522505476683, -0.0254836058032522, -0.02643125364021, -0.027289572912191, -0.0280532392279623, -0.0287172157581845, -0.0292767440402177, -0.0297273347809607, -0.030064758657753, -0.0302850371173988, -0.0303844331733943, -0.0303594422014643, -0.0302067827335275, -0.0299233872502302, -0.0295063929721932, -0.0289531326501285, -0.0282611253539829, -0.0274280672612668, -0.0264518224447258, -0.0253304136595029, -0.0240620131299367, -0.0226449333361281, -0.0210776178003981, -0.0193586318737481, -0.0174866535224222, -0.0154604641146556, -0.0132789392076839, -0.0109410393350746, -0.00844580079442868, -0.00579232643549143, -0.00297977644870074, -7.3591541906253e-06, 0, -0.00118359261165201, -0.00244587483217728, -0.00377431342561391, -0.00515683720312454, -0.00658182783932516, -0.00803811068973232, -0.0095149456091886, -0.0110020177711028, -0.0124894284873206, -0.0139676860284233, -0.015427696444237, -0.016860754384325, -0.0182585339182277, -0.0196130793552157, -0.0209167960633216, -0.0221624412874276, -0.0233431149661961, -0.0244522505476504, -0.025483605803232, -0.0264312536401881, -0.0272895729121678, -0.0280532392279384, -0.0287172157581603, -0.0292767440401938, -0.0297273347809377, -0.0300647586577314, -0.030285037117379, -0.0303844331733768, -0.0303594422014495, -0.0302067827335157, -0.0299233872502216, -0.0295063929721881, -0.028953132650127, -0.028261125353985, -0.0274280672612724, -0.0264518224447348, -0.025330413659515, -0.0240620131299517, -0.0226449333361456, -0.0210776178004174, -0.0193586318737687, -0.0174866535224434, -0.0154604641146766, -0.0132789392077039, -0.0109410393350928, -0.00844580079444391, -0.0057923264355027, -0.00297977644870693, -7.35915419056892e-06, 0, -0.00118359261165664, -0.00244587483218554, -0.0037743134256248, -0.00515683720313711, -0.00658182783933851, -0.00803811068974563, -0.00951494560920112, -0.0110020177711139, -0.0124894284873296, -0.0139676860284298, -0.0154276964442407, -0.0168607543843256, -0.0182585339182251, -0.0196130793552097, -0.0209167960633124, -0.0221624412874153, -0.0233431149661809, -0.0244522505476326, -0.025483605803212, -0.0264312536401664, -0.0272895729121448, -0.0280532392279146, -0.0287172157581363, -0.0292767440401701, -0.0297273347809148, -0.0300647586577099, -0.0302850371173593, -0.0303844331733594, -0.0303594422014347, -0.0302067827335039, -0.0299233872502131, -0.029506392972183, -0.0289531326501255, -0.0282611253539869, -0.0274280672612779, -0.0264518224447436, -0.025330413659527, -0.0240620131299664, -0.0226449333361626, -0.0210776178004363, -0.0193586318737888, -0.0174866535224641, -0.015460464114697, -0.0132789392077233, -0.0109410393351101, -0.00844580079445831, -0.00579232643551307, -0.00297977644871214, -7.35915418942617e-06, 0, -0.00118359261166124, -0.00244587483219373, -0.00377431342563559, -0.00515683720314955, -0.00658182783935171, -0.00803811068975876, -0.00951494560921343, -0.0110020177711247, -0.0124894284873384, -0.0139676860284361, -0.0154276964442441, -0.0168607543843259, -0.0182585339182221, -0.0196130793552034, -0.0209167960633028, -0.0221624412874026, -0.0233431149661654, -0.0244522505476145, -0.0254836058031918, -0.0264312536401444, -0.0272895729121216, -0.0280532392278906, -0.0287172157581121, -0.0292767440401462, -0.0297273347808918, -0.0300647586576882, -0.0302850371173395, -0.0303844331733419, -0.0303594422014199, -0.0302067827334921, -0.0299233872502046, -0.029506392972178, -0.0289531326501241, -0.0282611253539892, -0.0274280672612838, -0.0264518224447529, -0.0253304136595394, -0.0240620131299818, -0.0226449333361804, -0.021077617800456, -0.0193586318738099, -0.0174866535224858, -0.0154604641147186, -0.013278939207744, -0.010941039335129, -0.00844580079447429, -0.00579232643552516, -0.00297977644871923, -7.35915419034254e-06, 0, -0.00118359261166589, -0.002445874832202, -0.0037743134256465, -0.00515683720316216, -0.00658182783936512, -0.00803811068977214, -0.00951494560922603, -0.0110020177711359, -0.0124894284873476, -0.0139676860284428, -0.015427696444248, -0.0168607543843267, -0.0182585339182196, -0.0196130793551977, -0.0209167960632939, -0.0221624412873906, -0.0233431149661505, -0.0244522505475971, -0.0254836058031722, -0.0264312536401231, -0.0272895729120991, -0.0280532392278674, -0.0287172157580887, -0.0292767440401232, -0.0297273347808696, -0.0300647586576674, -0.0302850371173205, -0.0303844331733253, -0.0303594422014059, -0.0302067827334812, -0.029923387250197, -0.0295063929721739, -0.0289531326501236, -0.0282611253539923, -0.0274280672612904, -0.026451822444763, -0.0253304136595527, -0.0240620131299978, -0.0226449333361988, -0.0210776178004763, -0.0193586318738315, -0.017486653522508, -0.0154604641147407, -0.0132789392077651, -0.0109410393351481, -0.00844580079449055, -0.00579232643553745, -0.00297977644872644, -7.35915419128406e-06, 0, -0.00118359261167046, -0.00244587483221014, -0.00377431342565721, -0.0051568372031745, -0.00658182783937819, -0.00803811068978513, -0.00951494560923818, -0.0110020177711465, -0.0124894284873562, -0.0139676860284489, -0.0154276964442512, -0.0168607543843267, -0.0182585339182164, -0.0196130793551911, -0.020916796063284, -0.0221624412873776, -0.0233431149661346, -0.0244522505475787, -0.0254836058031516, -0.0264312536401007, -0.0272895729120754, -0.028053239227843, -0.0287172157580641, -0.0292767440400989, -0.0297273347808462, -0.0300647586576454, -0.0302850371173004, -0.0303844331733074, -0.0303594422013908, -0.0302067827334691, -0.0299233872501882, -0.0295063929721685, -0.0289531326501218, -0.0282611253539941, -0.0274280672612958, -0.0264518224447718, -0.0253304136595647, -0.0240620131300127, -0.0226449333362161, -0.0210776178004955, -0.019358631873852, -0.0174866535225292, -0.0154604641147618, -0.0132789392077852, -0.0109410393351664, -0.00844580079450593, -0.00579232643554891, -0.00297977644873287, -7.35915419150437e-06, 0, -0.00118359261167508, -0.00244587483221837, -0.00377431342566807, -0.00515683720318702, -0.00658182783939149, -0.00803811068979838, -0.00951494560925064, -0.0110020177711575, -0.0124894284873651, -0.0139676860284553, -0.0154276964442548, -0.0168607543843272, -0.0182585339182136, -0.0196130793551851, -0.0209167960632747, -0.0221624412873652, -0.0233431149661193, -0.0244522505475608, -0.0254836058031316, -0.0264312536400789, -0.0272895729120524, -0.0280532392278192, -0.02871721575804, -0.0292767440400752, -0.0297273347808233, -0.0300647586576238, -0.0302850371172807, -0.03038443317329, -0.030359442201376, -0.0302067827334573, -0.0299233872501797, -0.0295063929721635, -0.0289531326501203, -0.0282611253539963, -0.0274280672613015, -0.0264518224447809, -0.0253304136595769, -0.0240620131300277, -0.0226449333362335, -0.0210776178005148, -0.0193586318738726, -0.0174866535225504, -0.0154604641147828, -0.0132789392078051, -0.0109410393351844, -0.00844580079452106, -0.00579232643556008, -0.00297977644873895, -7.35915419131702e-06, 0, -0.00118359261167967, -0.00244587483222654, -0.00377431342567882, -0.00515683720319942, -0.00658182783940464, -0.00803811068981145, -0.00951494560926289, -0.0110020177711683, -0.0124894284873739, -0.0139676860284615, -0.0154276964442581, -0.0168607543843274, -0.0182585339182106, -0.0196130793551787, -0.0209167960632651, -0.0221624412873524, -0.0233431149661037, -0.0244522505475426, -0.0254836058031112, -0.0264312536400569, -0.027289572912029, -0.0280532392277951, -0.0287172157580157, -0.0292767440400512, -0.0297273347808002, -0.0300647586576021, -0.0302850371172608, -0.0303844331732724, -0.0303594422013612, -0.0302067827334455, -0.0299233872501712, -0.0295063929721585, -0.0289531326501189, -0.0282611253539985, -0.0274280672613073, -0.02645182244479, -0.0253304136595892, -0.0240620131300429, -0.0226449333362511, -0.0210776178005343, -0.0193586318738935, -0.0174866535225719, -0.0154604641148042, -0.0132789392078256, -0.010941039335203, -0.00844580079453678, -0.00579232643557189, -0.00297977644874573, -7.35915419188774e-06, 0, -0.00118359261168432, -0.00244587483223483, -0.00377431342568976, -0.00515683720321205, -0.00658182783941808, -0.00803811068982486, -0.00951494560927552, -0.0110020177711795, -0.0124894284873831, -0.0139676860284683, -0.015427696444262, -0.0168607543843282, -0.0182585339182081, -0.0196130793551729, -0.0209167960632561, -0.0221624412873404, -0.0233431149660888, -0.0244522505475252, -0.0254836058030916, -0.0264312536400355, -0.0272895729120064, -0.0280532392277717, -0.0287172157579921, -0.0292767440400279, -0.0297273347807778, -0.030064758657581, -0.0302850371172416, -0.0303844331732554, -0.0303594422013469, -0.0302067827334342, -0.0299233872501631, -0.0295063929721539, -0.0289531326501178, -0.028261125354001, -0.0274280672613133, -0.0264518224447994, -0.0253304136596017, -0.0240620131300582, -0.0226449333362688, -0.0210776178005538, -0.0193586318739142, -0.0174866535225932, -0.0154604641148253, -0.0132789392078456, -0.010941039335221, -0.00844580079455184, -0.00579232643558292, -0.00297977644875161, -7.35915419144625e-06, 0, -0.00118359261168893, -0.00244587483224303, -0.00377431342570057, -0.00515683720322453, -0.00658182783943133, -0.00803811068983806, -0.00951494560928792, -0.0110020177711904, -0.012489428487392, -0.0139676860284747, -0.0154276964442656, -0.0168607543843287, -0.0182585339182053, -0.0196130793551669, -0.0209167960632468, -0.022162441287328, -0.0233431149660735, -0.0244522505475074, -0.0254836058030716, -0.0264312536400138, -0.0272895729119835, -0.0280532392277481, -0.0287172157579683, -0.0292767440400045, -0.0297273347807552, -0.0300647586575599, -0.0302850371172223, -0.0303844331732385, -0.0303594422013326, -0.030206782733423, -0.0299233872501552, -0.0295063929721495, -0.0289531326501171, -0.0282611253540039, -0.0274280672613198, -0.0264518224448093, -0.0253304136596148, -0.0240620131300741, -0.0226449333362872, -0.0210776178005742, -0.0193586318739359, -0.0174866535226156, -0.0154604641148476, -0.013278939207867, -0.0109410393352406, -0.00844580079456862, -0.00579232643559583, -0.00297977644875953, -7.35915419320266e-06, 0, -0.00118359261169354, -0.00244587483225123, -0.00377431342571138, -0.00515683720323699, -0.00658182783944455, -0.00803811068985122, -0.00951494560930026, -0.0110020177712013, -0.0124894284874008, -0.013967686028481, -0.015427696444269, -0.016860754384329, -0.0182585339182024, -0.0196130793551606, -0.0209167960632372, -0.0221624412873153, -0.023343114966058, -0.0244522505474892, -0.0254836058030513, -0.0264312536399917, -0.0272895729119601, -0.028053239227724, -0.028717215757944, -0.0292767440399804, -0.0297273347807319, -0.0300647586575379, -0.0302850371172022, -0.0303844331732206, -0.0303594422013174, -0.0302067827334108, -0.0299233872501463, -0.029506392972144, -0.0289531326501151, -0.0282611253540055, -0.0274280672613249, -0.0264518224448178, -0.0253304136596264, -0.0240620131300885, -0.0226449333363039, -0.0210776178005928, -0.0193586318739557, -0.017486653522636, -0.0154604641148678, -0.0132789392078861, -0.0109410393352578, -0.0084458007945828, -0.005792326435606, -0.00297977644876457, -7.35915419192244e-06, 0, -0.00118359261169815, -0.00244587483225943, -0.00377431342572219, -0.00515683720324946, -0.00658182783945779, -0.00803811068986441, -0.00951494560931265, -0.0110020177712122, -0.0124894284874097, -0.0139676860284874, -0.0154276964442726, -0.0168607543843295, -0.0182585339181996, -0.0196130793551545, -0.020916796063228, -0.0221624412873029, -0.0233431149660428, -0.0244522505474715, -0.0254836058030314, -0.0264312536399701, -0.0272895729119373, -0.0280532392277004, -0.0287172157579202, -0.029276744039957, -0.0297273347807095, -0.0300647586575169, -0.030285037117183, -0.0303844331732038, -0.0303594422013033, -0.0302067827333997, -0.0299233872501385, -0.0295063929721398, -0.0289531326501145, -0.0282611253540086, -0.0274280672613316, -0.0264518224448279, -0.0253304136596398, -0.0240620131301047, -0.0226449333363226, -0.0210776178006134, -0.0193586318739777, -0.0174866535226586, -0.0154604641148903, -0.0132789392079078, -0.0109410393352776, -0.00844580079459981, -0.00579232643561913, -0.0029797764487727, -7.35915419388614e-06, 0, -0.00118359261170279, -0.00244587483226771, -0.0037743134257331, -0.00515683720326206, -0.00658182783947117, -0.00803811068987774, -0.00951494560932518, -0.0110020177712233, -0.0124894284874187, -0.0139676860284939, -0.0154276964442762, -0.01686075438433, -0.0182585339181968, -0.0196130793551484, -0.0209167960632185, -0.0221624412872904, -0.0233431149660273, -0.0244522505474534, -0.0254836058030111, -0.026431253639948, -0.0272895729119139, -0.0280532392276762, -0.0287172157578957, -0.0292767440399327, -0.0297273347806859, -0.0300647586574946, -0.0302850371171625, -0.0303844331731855, -0.0303594422012875, -0.0302067827333869, -0.0299233872501288, -0.0295063929721334, -0.0289531326501116, -0.0282611253540091, -0.0274280672613355, -0.0264518224448351, -0.0253304136596499, -0.0240620131301176, -0.0226449333363377, -0.0210776178006302, -0.0193586318739957, -0.017486653522677, -0.0154604641149084, -0.0132789392079246, -0.0109410393352923, -0.00844580079461145, -0.00579232643562662, -0.00297977644877491, -7.35915418962913e-06, 0, -0.00118359261170736, -0.00244587483227584, -0.0037743134257438, -0.00515683720327439, -0.00658182783948425, -0.00803811068989074, -0.00951494560933736, -0.011002017771234, -0.0124894284874274, -0.0139676860285001, -0.0154276964442795, -0.0168607543843301, -0.0182585339181937, -0.019613079355142, -0.0209167960632089, -0.0221624412872777, -0.0233431149660117, -0.0244522505474353, -0.0254836058029909, -0.0264312536399261, -0.0272895729118907, -0.0280532392276523, -0.0287172157578716, -0.029276744039909, -0.0297273347806631, -0.0300647586574732, -0.030285037117143, -0.0303844331731683, -0.0303594422012732, -0.0302067827333756, -0.0299233872501209, -0.029506392972129, -0.0289531326501109, -0.0282611253540121, -0.0274280672613421, -0.0264518224448452, -0.0253304136596633, -0.0240620131301339, -0.0226449333363565, -0.021077617800651, -0.0193586318740179, -0.0174866535227, -0.0154604641149313, -0.0132789392079467, -0.0109410393353126, -0.008445800794629, -0.00579232643564036, -0.00297977644878374, -7.35915419236349e-06, 0, -0.00118359261171199, -0.00244587483228408, -0.00377431342575467, -0.00515683720328695, -0.00658182783949759, -0.00803811068990404, -0.00951494560934988, -0.011002017771245, -0.0124894284874364, -0.0139676860285067, -0.0154276964442833, -0.0168607543843308, -0.0182585339181911, -0.0196130793551362, -0.0209167960631998, -0.0221624412872655, -0.0233431149659967, -0.0244522505474177, -0.0254836058029711, -0.0264312536399046, -0.027289572911868, -0.0280532392276288, -0.028717215757848, -0.0292767440398857, -0.0297273347806407, -0.0300647586574522, -0.0302850371171238, -0.0303844331731514, -0.030359442201259, -0.0302067827333644, -0.029923387250113, -0.0295063929721246, -0.02895313265011, -0.0282611253540149, -0.0274280672613484, -0.026451822444855, -0.0253304136596762, -0.0240620131301496, -0.0226449333363747, -0.0210776178006711, -0.0193586318740392, -0.0174866535227219, -0.0154604641149531, -0.0132789392079676, -0.0109410393353316, -0.00844580079464505, -0.00579232643565247, -0.00297977644879079, -7.35915419317707e-06, 0, -0.00118359261171667, -0.00244587483229242, -0.00377431342576568, -0.00515683720329967, -0.00658182783951114, -0.00803811068991758, -0.00951494560936265, -0.0110020177712564, -0.0124894284874458, -0.0139676860285135, -0.0154276964442873, -0.0168607543843317, -0.0182585339181888, -0.0196130793551306, -0.020916796063191, -0.0221624412872535, -0.0233431149659819, -0.0244522505474004, -0.0254836058029515, -0.0264312536398833, -0.0272895729118454, -0.0280532392276054, -0.0287172157578243, -0.0292767440398623, -0.0297273347806181, -0.0300647586574309, -0.0302850371171043, -0.0303844331731342, -0.0303594422012443, -0.0302067827333527, -0.0299233872501044, -0.0295063929721194, -0.0289531326501083, -0.0282611253540166, -0.0274280672613536, -0.0264518224448634, -0.0253304136596877, -0.0240620131301638, -0.0226449333363911, -0.0210776178006892, -0.0193586318740585, -0.0174866535227417, -0.0154604641149725, -0.0132789392079858, -0.0109410393353477, -0.00844580079465809, -0.00579232643566136, -0.00297977644879439, -7.35915419031652e-06, 0, -0.00118359261172124, -0.00244587483230055, -0.00377431342577638, -0.00515683720331199, -0.00658182783952419, -0.00803811068993054, -0.00951494560937477, -0.011002017771267, -0.0124894284874543, -0.0139676860285196, -0.0154276964442905, -0.0168607543843317, -0.0182585339181856, -0.0196130793551239, -0.0209167960631811, -0.0221624412872405, -0.023343114965966, -0.0244522505473819, -0.0254836058029309, -0.0264312536398608, -0.0272895729118217, -0.028053239227581, -0.0287172157577996, -0.0292767440398379, -0.0297273347805946, -0.0300647586574087, -0.030285037117084, -0.0303844331731161, -0.0303594422012289, -0.0302067827333403, -0.0299233872500953, -0.0295063929721138, -0.0289531326501063, -0.0282611253540182, -0.0274280672613588, -0.026451822444872, -0.0253304136596994, -0.0240620131301784, -0.0226449333364081, -0.0210776178007082, -0.0193586318740788, -0.0174866535227625, -0.0154604641149933, -0.0132789392080056, -0.0109410393353657, -0.00844580079467321, -0.00579232643567257, -0.00297977644880059, -7.35915419032562e-06, 0, -0.00118359261172583, -0.00244587483230872, -0.00377431342578715, -0.00515683720332442, -0.00658182783953738, -0.00803811068994367, -0.0095149456093871, -0.0110020177712779, -0.0124894284874632, -0.013967686028526, -0.015427696444294, -0.0168607543843322, -0.0182585339181828, -0.0196130793551179, -0.0209167960631718, -0.0221624412872282, -0.0233431149659508, -0.0244522505473642, -0.0254836058029111, -0.0264312536398394, -0.027289572911799, -0.0280532392275576, -0.0287172157577761, -0.0292767440398148, -0.0297273347805724, -0.030064758657388, -0.0302850371170652, -0.0303844331730997, -0.0303594422012152, -0.0302067827333297, -0.0299233872500882, -0.0295063929721102, -0.0289531326501064, -0.028261125354022, -0.0274280672613662, -0.0264518224448829, -0.0253304136597137, -0.0240620131301955, -0.0226449333364278, -0.0210776178007299, -0.0193586318741019, -0.0174866535227865, -0.0154604641150172, -0.0132789392080287, -0.010941039335387, -0.00844580079469182, -0.00579232643568741, -0.00297977644881055, -7.35915419422268e-06, 0, -0.00118359261173043, -0.00244587483231691, -0.00377431342579794, -0.00515683720333686, -0.00658182783955058, -0.00803811068995681, -0.00951494560939942, -0.0110020177712887, -0.012489428487472, -0.0139676860285322, -0.0154276964442974, -0.0168607543843325, -0.0182585339181798, -0.0196130793551116, -0.0209167960631622, -0.0221624412872155, -0.0233431149659352, -0.024452250547346, -0.0254836058028907, -0.0264312536398172, -0.0272895729117755, -0.0280532392275334, -0.0287172157577517, -0.0292767440397907, -0.029727334780549, -0.0300647586573659, -0.030285037117045, -0.0303844331730817, -0.0303594422011999, -0.0302067827333174, -0.0299233872500791, -0.0295063929721045, -0.0289531326501042, -0.0282611253540234, -0.0274280672613712, -0.0264518224448912, -0.0253304136597251, -0.0240620131302097, -0.0226449333364443, -0.0210776178007483, -0.0193586318741216, -0.0174866535228066, -0.0154604641150372, -0.0132789392080476, -0.010941039335404, -0.00844580079470583, -0.00579232643569742, -0.00297977644881543, -7.35915419279544e-06, 0, -0.00118359261173504, -0.00244587483232512, -0.00377431342580876, -0.00515683720334934, -0.00658182783956384, -0.00803811068997, -0.00951494560941181, -0.0110020177712996, -0.0124894284874809, -0.0139676860285386, -0.0154276964443009, -0.0168607543843329, -0.0182585339181769, -0.0196130793551054, -0.0209167960631528, -0.0221624412872029, -0.0233431149659198, -0.0244522505473281, -0.0254836058028706, -0.0264312536397953, -0.0272895729117524, -0.0280532392275095, -0.0287172157577275, -0.0292767440397669, -0.0297273347805261, -0.0300647586573443, -0.0302850371170252, -0.0303844331730642, -0.0303594422011851, -0.0302067827333056, -0.0299233872500705, -0.0295063929720994, -0.0289531326501027, -0.0282611253540255, -0.0274280672613767, -0.0264518224449002, -0.0253304136597371, -0.0240620131302246, -0.0226449333364616, -0.0210776178007674, -0.019358631874142, -0.0174866535228277, -0.0154604641150581, -0.0132789392080675, -0.0109410393354219, -0.0084458007947209, -0.00579232643570853, -0.00297977644882146, -7.3591541925838e-06, 0, -0.00118359261173966, -0.00244587483233334, -0.0037743134258196, -0.00515683720336185, -0.00658182783957713, -0.00803811068998325, -0.00951494560942427, -0.0110020177713106, -0.0124894284874899, -0.0139676860285451, -0.0154276964443046, -0.0168607543843335, -0.0182585339181743, -0.0196130793550995, -0.0209167960631436, -0.0221624412871907, -0.0233431149659047, -0.0244522505473104, -0.0254836058028508, -0.0264312536397738, -0.0272895729117297, -0.028053239227486, -0.0287172157577039, -0.0292767440397436, -0.0297273347805036, -0.0300647586573233, -0.030285037117006, -0.0303844331730474, -0.030359442201171, -0.0302067827332944, -0.0299233872500627, -0.029506392972095, -0.0289531326501019, -0.0282611253540283, -0.0274280672613832, -0.02645182244491, -0.0253304136597501, -0.0240620131302404, -0.0226449333364798, -0.0210776178007876, -0.0193586318741635, -0.0174866535228498, -0.01546046411508, -0.0132789392080885, -0.010941039335441, -0.00844580079473706, -0.00579232643572074, -0.00297977644882862, -7.35915419349366e-06, 0, -0.00118359261174425, -0.0024458748323415, -0.00377431342583034, -0.00515683720337424, -0.00658182783959026, -0.0080381106899963, -0.00951494560943649, -0.0110020177713214, -0.0124894284874985, -0.0139676860285513, -0.0154276964443079, -0.0168607543843336, -0.0182585339181711, -0.019613079355093, -0.0209167960631339, -0.0221624412871778, -0.0233431149658889, -0.0244522505472921, -0.0254836058028302, -0.0264312536397515, -0.027289572911706, -0.0280532392274616, -0.0287172157576792, -0.0292767440397192, -0.0297273347804801, -0.0300647586573011, -0.0302850371169856, -0.0303844331730292, -0.0303594422011555, -0.030206782733282, -0.0299233872500534, -0.0295063929720892, -0.0289531326500997, -0.0282611253540297, -0.027428067261388, -0.0264518224449182, -0.0253304136597615, -0.0240620131302545, -0.0226449333364963, -0.0210776178008059, -0.0193586318741831, -0.01748665352287, -0.0154604641151001, -0.0132789392081075, -0.0109410393354581, -0.00844580079475126, -0.00579232643573098, -0.00297977644883378, -7.35915419239775e-06, 0, -0.00118359261174886, -0.00244587483234972, -0.00377431342584118, -0.00515683720338675, -0.00658182783960355, -0.00803811069000955, -0.00951494560944895, -0.0110020177713324, -0.0124894284875076, -0.0139676860285578, -0.0154276964443116, -0.0168607543843342, -0.0182585339181685, -0.0196130793550871, -0.0209167960631247, -0.0221624412871656, -0.0233431149658739, -0.0244522505472745, -0.0254836058028105, -0.0264312536397301, -0.0272895729116834, -0.0280532392274383, -0.0287172157576557, -0.029276744039696, -0.0297273347804578, -0.0300647586572802, -0.0302850371169666, -0.0303844331730125, -0.0303594422011415, -0.030206782733271, -0.0299233872500458, -0.0295063929720851, -0.0289531326500991, -0.0282611253540328, -0.0274280672613947, -0.0264518224449283, -0.0253304136597748, -0.0240620131302707, -0.022644933336515, -0.0210776178008265, -0.019358631874205, -0.0174866535228925, -0.0154604641151225, -0.013278939208129, -0.0109410393354778, -0.00844580079476808, -0.00579232643574391, -0.0029797764488417, -7.35915419413464e-06, 0, -0.00118359261175347, -0.00244587483235793, -0.003774313425852, -0.00515683720339922, -0.00658182783961679, -0.00803811069002273, -0.00951494560946132, -0.0110020177713433, -0.0124894284875164, -0.0139676860285642, -0.0154276964443151, -0.0168607543843346, -0.0182585339181656, -0.0196130793550808, -0.0209167960631152, -0.0221624412871529, -0.0233431149658583, -0.0244522505472564, -0.0254836058027902, -0.026431253639708, -0.02728957291166, -0.0280532392274141, -0.0287172157576313, -0.0292767440396718, -0.0297273347804344, -0.0300647586572581, -0.0302850371169464, -0.0303844331729945, -0.0303594422011261, -0.0302067827332586, -0.0299233872500366, -0.0295063929720793, -0.0289531326500969, -0.0282611253540341, -0.0274280672613995, -0.0264518224449364, -0.025330413659786, -0.0240620131302847, -0.0226449333365312, -0.0210776178008446, -0.0193586318742243, -0.0174866535229124, -0.0154604641151421, -0.0132789392081476, -0.0109410393354943, -0.00844580079478166, -0.00579232643575346, -0.0029797764488461, -7.35915419220606e-06, 0, -0.0011835926117581, -0.00244587483236617, -0.00377431342586287, -0.00515683720341179, -0.00658182783963015, -0.00803811069003606, -0.00951494560947387, -0.0110020177713544, -0.0124894284875255, -0.0139676860285708, -0.0154276964443189, -0.0168607543843353, -0.0182585339181631, -0.0196130793550751, -0.0209167960631063, -0.0221624412871409, -0.0233431149658435, -0.024452250547239, -0.0254836058027707, -0.0264312536396868, -0.0272895729116376, -0.028053239227391, -0.028717215757608, -0.0292767440396489, -0.0297273347804124, -0.0300647586572375, -0.0302850371169276, -0.0303844331729781, -0.0303594422011124, -0.0302067827332479, -0.0299233872500292, -0.0295063929720755, -0.0289531326500966, -0.0282611253540374, -0.0274280672614064, -0.0264518224449468, -0.0253304136597995, -0.0240620131303011, -0.0226449333365501, -0.0210776178008654, -0.0193586318742464, -0.0174866535229351, -0.0154604641151648, -0.0132789392081693, -0.0109410393355141, -0.00844580079479865, -0.00579232643576654, -0.00297977644885416, -7.35915419406916e-06
0, 0.00397374094127447, 0.00795014743856726, 0.0119292194918784, 0.0159109571012078, 0.0198953602665556, 0.0238824289879217, 0.0278721632653061, 0.0318645630987089, 0.03585962848813, 0.0398573594335694, 0.0438577559350271, 0.0478608179925031, 0.0518665456059975, 0.0558749387755102, 0.0598859975010413, 0.0638997217825906, 0.0679161116201583, 0.0719351670137443, 0.0759568879633486, 0.0799812744689713, 0.0840083265306123, 0.0880380441482716, 0.0920704273219492, 0.0961054760516452, 0.100143190337359, 0.104183570179092, 0.108226615576843, 0.112272326530612, 0.1163207030404, 0.120371745106206, 0.12442545272803, 0.128481825905873, 0.132540864639734, 0.136602568929613, 0.14066693877551, 0.144733974177426, 0.14880367513536, 0.152876041649313, 0.156951073719284, 0.161028771345273, 0.16510913452728, 0.169192163265306, 0.17327785755935, 0.177366217409413, 0.181457242815494, 0.185550933777593, 0.18964729029571, 0.193746312369846, 0.197848, 0, -0.00118384520510713, -0.00244635768738461, -0.00377500371878376, -0.00515771167612024, -0.00658286285543448, -0.00803928228747057, -0.00951622955413317, -0.0110033896057592, -0.0124908635790194, -0.0139691596152484, -0.0154291836789842, -0.0168622303764912, -0.0182599737740297, -0.0196144582156391, -0.0209180891401986, -0.0221636238975434, -0.0233441625634245, -0.0244531387531161, -0.0254843104335018, -0.0264317507334882, -0.0272898387526283, -0.0280532503678643, -0.0287169490383283, -0.0292761766081752, -0.0297264441074464, -0.0300635225509978, -0.0302834337355487, -0.0303824410349343, -0.0303570401936667, -0.0302039501189257, -0.0299201036711169, -0.0295026384531438, -0.0289488875985488, -0.0282563705586822, -0.0274227838890561, -0.0264459920350405, -0.0253240181170512, -0.0240550347153735, -0.0226373546547537, -0.0210694217888831, -0.019349801784884, -0.0174771729078974, -0.0154503168058579, -0.0132681092945291, -0.010929511142861, -0.00843355885871814, -0.00577935547501711, -0.00296606133630114, 7.11511422962514e-06, 0, -0.00118359261460156, -0.0024458748396653, -0.003774313439217, -0.00515683722440125, -0.00658182786981038, -0.00803811073093199, -0.00951494566257453, -0.0110020178381078, -0.0124894285693337, -0.0139676861267856, -0.0154276965602371, -0.0168607545191951, -0.01825853407314, -0.0196130795312788, -0.0209167962615771, -0.0221624415088472, -0.0233431152116786, -0.0244522508180192, -0.0254836060992328, -0.0264312539624863, -0.0272895732613469, -0.0280532396044979, -0.0287172161625144, -0.0292767444726696, -0.0297273352417743, -0.0300647591470786, -0.0302850376352964, -0.0303844337198333, -0.0303594427763224, -0.0302067833365906, -0.0299233878811918, -0.0295063936306547, -0.028953133335599, -0.0282611260658792, -0.0274280679989144, -0.0264518232073588, -0.0253304144462649, -0.0240620139398817, -0.0226449341682215, -0.0210776186535177, -0.0193586327466858, -0.0174866544138851, -0.0154604650232679, -0.013278940131989, -0.0109410402735366, -0.00844580174543501, -0.00579232739735518, -0.00297977741966322, -7.36013242412731e-06, 0, -0.00118359261154431, -0.00244587483198496, -0.00377431342535943, -0.00515683720282947, -0.0065818278390098, -0.00803811068941546, -0.00951494560888724, -0.0110020177708319, -0.012489428487093, -0.0139676860282495, -0.0154276964441252, -0.0168607543842808, -0.0182585339182543, -0.019613079355314, -0.0209167960634901, -0.0221624412876628, -0.0233431149664923, -0.0244522505480003, -0.0254836058036268, -0.0264312536406175, -0.0272895729126207, -0.0280532392284027, -0.0287172157586238, -0.029276744040644, -0.0297273347813622, -0.0300647586581183, -0.030285037117717, -0.0303844331736558, -0.0303594422016602, -0.0302067827336506, -0.0299233872502745, -0.0295063929721545, -0.0289531326500043, -0.0282611253537725, -0.0274280672609716, -0.026451822444349, -0.0253304136590497, -0.0240620131294145, -0.0226449333355461, -0.0210776177997675, -0.0193586318730821, -0.0174866535217357, -0.0154604641139654, -0.0132789392070085, -0.0109410393344343, -0.00844580079384506, -0.00579232643498778, -0.00297977644830168, -7.35915392211656e-06, 0, -0.00118359261155033, -0.00244587483199628, -0.00377431342537535, -0.00515683720284931, -0.00658182783903294, -0.00803811068944134, -0.00951494560891534, -0.0110020177708618, -0.0124894284871244, -0.0139676860282821, -0.0154276964441588, -0.0168607543843154, -0.01825853391829, -0.0196130793553509, -0.0209167960635285, -0.0221624412877028, -0.0233431149665345, -0.0244522505480451, -0.0254836058036747, -0.0264312536406691, -0.0272895729126765, -0.0280532392284635, -0.0287172157586902, -0.0292767440407166, -0.0297273347814416, -0.0300647586582051, -0.0302850371178119, -0.0303844331737593, -0.0303594422017727, -0.0302067827337725, -0.0299233872504062, -0.0295063929722962, -0.0289531326501562, -0.0282611253539346, -0.0274280672611439, -0.0264518224445314, -0.0253304136592421, -0.0240620131296165, -0.0226449333357573, -0.0210776177999874, -0.0193586318733102, -0.0174866535219714, -0.0154604641142079, -0.013278939207257, -0.0109410393346879, -0.00844580079410283, -0.00579232643524866, -0.00297977644856459, -7.35915418589731e-06, 0, -0.00118359261155495, -0.00244587483200451, -0.0037743134253862, -0.00515683720286183, -0.00658182783904624, -0.00803811068945459, -0.0095149456089278, -0.0110020177708728, -0.0124894284871334, -0.0139676860282886, -0.0154276964441625, -0.016860754384316, -0.0182585339182874, -0.0196130793553449, -0.0209167960635193, -0.0221624412876905, -0.0233431149665194, -0.0244522505480274, -0.0254836058036549, -0.0264312536406476, -0.0272895729126538, -0.0280532392284401, -0.0287172157586666, -0.0292767440406934, -0.0297273347814193, -0.0300647586581843, -0.030285037117793, -0.0303844331737427, -0.0303594422017589, -0.0302067827337618, -0.0299233872503988, -0.0295063929722924, -0.028953132650156, -0.0282611253539382, -0.0274280672611511, -0.0264518224445421, -0.025330413659256, -0.0240620131296334, -0.0226449333357767, -0.0210776178000089, -0.019358631873333, -0.0174866535219949, -0.0154604641142314, -0.0132789392072797, -0.0109410393347087, -0.00844580079412087, -0.00579232643526287, -0.00297977644857385, -7.35915418903022e-06, 0, -0.00118359261155958, -0.00244587483201275, -0.00377431342539706, -0.00515683720287436, -0.00658182783905953, -0.00803811068946781, -0.0095149456089402, -0.0110020177708838, -0.0124894284871423, -0.013967686028295, -0.015427696444166, -0.0168607543843163, -0.0182585339182844, -0.0196130793553386, -0.0209167960635096, -0.0221624412876778, -0.0233431149665037, -0.0244522505480091, -0.0254836058036344, -0.0264312536406253, -0.0272895729126302, -0.0280532392284157, -0.0287172157586419, -0.029276744040669, -0.0297273347813957, -0.030064758658162, -0.0302850371177725, -0.0303844331737244, -0.0303594422017433, -0.0302067827337491, -0.0299233872503894, -0.0295063929722863, -0.0289531326501535, -0.0282611253539392, -0.0274280672611556, -0.02645182244455, -0.025330413659267, -0.0240620131296471, -0.0226449333357928, -0.0210776178000267, -0.0193586318733521, -0.0174866535220146, -0.0154604641142508, -0.013278939207298, -0.010941039334725, -0.0084458007941342, -0.00579232643527215, -0.00297977644857795, -7.35915418677985e-06, 0, -0.0011835926115642, -0.00244587483202097, -0.0037743134254079, -0.00515683720288686, -0.00658182783907281, -0.00803811068948103, -0.00951494560895262, -0.0110020177708947, -0.0124894284871512, -0.0139676860283014, -0.0154276964441695, -0.0168607543843168, -0.0182585339182816, -0.0196130793553325, -0.0209167960635003, -0.0221624412876653, -0.0233431149664884, -0.0244522505479913, -0.0254836058036144, -0.0264312536406036, -0.0272895729126073, -0.028053239228392, -0.0287172157586181, -0.0292767440406455, -0.0297273347813731, -0.0300647586581408, -0.0302850371177532, -0.0303844331737075, -0.0303594422017291, -0.030206782733738, -0.0299233872503815, -0.029506392972282, -0.0289531326501528, -0.0282611253539422, -0.0274280672611622, -0.02645182244456, -0.0253304136592803, -0.0240620131296633, -0.0226449333358114, -0.0210776178000473, -0.0193586318733741, -0.0174866535220372, -0.0154604641142733, -0.0132789392073196, -0.0109410393347448, -0.00844580079415116, -0.00579232643528523, -0.00297977644858604, -7.35915418868024e-06, 0, -0.00118359261156886, -0.00244587483202928, -0.00377431342541885, -0.00515683720289952, -0.00658182783908628, -0.00803811068949449, -0.0095149456089653, -0.011002017770906, -0.0124894284871604, -0.0139676860283082, -0.0154276964441735, -0.0168607543843176, -0.0182585339182792, -0.0196130793553268, -0.0209167960634914, -0.0221624412876534, -0.0233431149664736, -0.024452250547974, -0.0254836058035949, -0.0264312536405824, -0.0272895729125848, -0.0280532392283689, -0.0287172157585947, -0.0292767440406225, -0.029727334781351, -0.0300647586581201, -0.0302850371177344, -0.0303844331736909, -0.0303594422017152, -0.0302067827337272, -0.029923387250374, -0.029506392972278, -0.0289531326501524, -0.0282611253539454, -0.027428067261169, -0.0264518224445702, -0.0253304136592936, -0.0240620131296794, -0.02264493333583, -0.0210776178000678, -0.0193586318733958, -0.0174866535220596, -0.0154604641142955, -0.0132789392073408, -0.0109410393347641, -0.00844580079416753, -0.00579232643529761, -0.00297977644859332, -7.35915418967467e-06, 0, -0.00118359261157343, -0.00244587483203739, -0.00377431342542954, -0.00515683720291183, -0.00658182783909933, -0.00803811068950745, -0.00951494560897743, -0.0110020177709166, -0.012489428487169, -0.0139676860283143, -0.0154276964441767, -0.0168607543843177, -0.0182585339182761, -0.0196130793553204, -0.0209167960634818, -0.0221624412876406, -0.023343114966458, -0.0244522505479559, -0.0254836058035747, -0.0264312536405605, -0.0272895729125618, -0.0280532392283451, -0.0287172157585708, -0.029276744040599, -0.0297273347813285, -0.030064758658099, -0.0302850371177153, -0.0303844331736743, -0.0303594422017014, -0.0302067827337165, -0.0299233872503668, -0.0295063929722744, -0.0289531326501526, -0.0282611253539493, -0.0274280672611766, -0.0264518224445814, -0.0253304136593082, -0.024062013129697, -0.0226449333358502, -0.0210776178000901, -0.0193586318734197, -0.0174866535220843, -0.0154604641143203, -0.0132789392073649, -0.0109410393347865, -0.00844580079418733, -0.00579232643531374, -0.00297977644860467, -7.35915419507053e-06, 0, -0.00118359261157809, -0.00244587483204569, -0.00377431342544048, -0.00515683720292447, -0.00658182783911275, -0.00803811068952083, -0.00951494560899002, -0.0110020177709277, -0.0124894284871781, -0.0139676860283208, -0.0154276964441804, -0.0168607543843183, -0.0182585339182733, -0.0196130793553143, -0.0209167960634724, -0.0221624412876282, -0.0233431149664427, -0.0244522505479379, -0.0254836058035545, -0.0264312536405385, -0.0272895729125384, -0.028053239228321, -0.0287172157585464, -0.0292767440405749, -0.0297273347813051, -0.030064758658077, -0.030285037117695, -0.0303844331736562, -0.0303594422016859, -0.0302067827337039, -0.0299233872503574, -0.0295063929722684, -0.02895313265015, -0.0282611253539502, -0.027428067261181, -0.0264518224445891, -0.0253304136593189, -0.0240620131297104, -0.0226449333358659, -0.0210776178001075, -0.0193586318734382, -0.0174866535221032, -0.015460464114339, -0.0132789392073823, -0.0109410393348019, -0.0084458007941996, -0.00579232643532186, -0.00297977644860749, -7.3591541914198e-06, 0, -0.00118359261158271, -0.00244587483205393, -0.00377431342545134, -0.00515683720293699, -0.00658182783912604, -0.00803811068953406, -0.00951494560900244, -0.0110020177709387, -0.012489428487187, -0.0139676860283272, -0.0154276964441839, -0.0168607543843187, -0.0182585339182704, -0.0196130793553081, -0.0209167960634629, -0.0221624412876155, -0.0233431149664271, -0.0244522505479197, -0.0254836058035341, -0.0264312536405163, -0.027289572912515, -0.0280532392282968, -0.0287172157585219, -0.0292767440405507, -0.0297273347812817, -0.0300647586580549, -0.0302850371176747, -0.0303844331736382, -0.0303594422016705, -0.0302067827336915, -0.0299233872503482, -0.0295063929722626, -0.0289531326501478, -0.0282611253539516, -0.0274280672611858, -0.0264518224445972, -0.0253304136593301, -0.0240620131297244, -0.0226449333358822, -0.0210776178001256, -0.0193586318734576, -0.0174866535221231, -0.0154604641143586, -0.0132789392074009, -0.0109410393348184, -0.00844580079421313, -0.00579232643533132, -0.00297977644861176, -7.35915418931428e-06, 0, -0.00118359261158736, -0.00244587483206221, -0.00377431342546227, -0.0051568372029496, -0.00658182783913945, -0.00803811068954743, -0.00951494560901502, -0.0110020177709498, -0.0124894284871961, -0.0139676860283338, -0.0154276964441877, -0.0168607543843193, -0.0182585339182678, -0.0196130793553022, -0.0209167960634537, -0.0221624412876032, -0.023343114966412, -0.0244522505479021, -0.0254836058035142, -0.0264312536404947, -0.0272895729124921, -0.0280532392282731, -0.0287172157584981, -0.0292767440405271, -0.029727334781259, -0.0300647586580335, -0.0302850371176552, -0.0303844331736209, -0.0303594422016559, -0.0302067827336799, -0.0299233872503399, -0.0295063929722577, -0.0289531326501465, -0.0282611253539538, -0.0274280672611916, -0.0264518224446064, -0.0253304136593424, -0.0240620131297395, -0.0226449333358996, -0.0210776178001449, -0.0193586318734781, -0.0174866535221442, -0.0154604641143795, -0.0132789392074207, -0.0109410393348363, -0.00844580079422803, -0.0057923264353422, -0.00297977644861749, -7.35915418871667e-06, 0, -0.00118359261159196, -0.00244587483207039, -0.00377431342547304, -0.00515683720296203, -0.00658182783915264, -0.00803811068956056, -0.00951494560902734, -0.0110020177709606, -0.0124894284872049, -0.0139676860283402, -0.0154276964441911, -0.0168607543843197, -0.0182585339182649, -0.019613079355296, -0.0209167960634443, -0.0221624412875907, -0.0233431149663966, -0.0244522505478842, -0.0254836058034942, -0.026431253640473, -0.0272895729124692, -0.0280532392282495, -0.0287172157584743, -0.0292767440405037, -0.0297273347812366, -0.0300647586580125, -0.0302850371176361, -0.0303844331736042, -0.030359442201642, -0.0302067827336691, -0.0299233872503324, -0.0295063929722538, -0.0289531326501463, -0.0282611253539573, -0.0274280672611988, -0.026451822444617, -0.0253304136593563, -0.0240620131297563, -0.022644933335919, -0.0210776178001663, -0.0193586318735009, -0.0174866535221678, -0.015460464114403, -0.0132789392074434, -0.0109410393348572, -0.00844580079424619, -0.00579232643535655, -0.00297977644862692, -7.35915419203649e-06, 0, -0.0011835926115966, -0.00244587483207866, -0.00377431342548394, -0.0051568372029746, -0.00658182783916599, -0.00803811068957386, -0.00951494560903983, -0.0110020177709717, -0.0124894284872139, -0.0139676860283466, -0.0154276964441947, -0.0168607543843202, -0.0182585339182621, -0.0196130793552899, -0.0209167960634349, -0.0221624412875782, -0.0233431149663812, -0.0244522505478662, -0.025483605803474, -0.026431253640451, -0.0272895729124459, -0.0280532392282254, -0.0287172157584499, -0.0292767440404796, -0.0297273347812133, -0.0300647586579906, -0.0302850371176159, -0.0303844331735863, -0.0303594422016267, -0.0302067827336567, -0.0299233872503233, -0.0295063929722481, -0.0289531326501441, -0.0282611253539587, -0.0274280672612036, -0.0264518224446252, -0.0253304136593675, -0.0240620131297703, -0.0226449333359353, -0.0210776178001845, -0.0193586318735203, -0.0174866535221877, -0.0154604641144227, -0.013278939207462, -0.0109410393348738, -0.00844580079425975, -0.00579232643536606, -0.00297977644863126, -7.35915419001467e-06, 0, -0.00118359261160122, -0.00244587483208688, -0.00377431342549477, -0.0051568372029871, -0.00658182783917925, -0.00803811068958704, -0.0095149456090522, -0.0110020177709825, -0.0124894284872227, -0.0139676860283529, -0.0154276964441982, -0.0168607543843204, -0.0182585339182591, -0.0196130793552835, -0.0209167960634253, -0.0221624412875654, -0.0233431149663655, -0.0244522505478479, -0.0254836058034535, -0.0264312536404287, -0.0272895729124223, -0.0280532392282011, -0.0287172157584254, -0.0292767440404553, -0.0297273347811898, -0.0300647586579684, -0.0302850371175956, -0.0303844331735682, -0.0303594422016112, -0.0302067827336442, -0.029923387250314, -0.0295063929722423, -0.0289531326501417, -0.0282611253539599, -0.0274280672612083, -0.0264518224446332, -0.0253304136593787, -0.0240620131297842, -0.0226449333359516, -0.0210776178002025, -0.0193586318735395, -0.0174866535222074, -0.0154604641144422, -0.0132789392074804, -0.0109410393348902, -0.0084458007942732, -0.00579232643537545, -0.00297977644863545, -7.3591541878402e-06, 0, -0.00118359261160583, -0.00244587483209509, -0.00377431342550559, -0.00515683720299957, -0.00658182783919249, -0.00803811068960023, -0.00951494560906458, -0.0110020177709935, -0.0124894284872316, -0.0139676860283593, -0.0154276964442017, -0.0168607543843209, -0.0182585339182563, -0.0196130793552774, -0.0209167960634159, -0.0221624412875529, -0.0233431149663502, -0.02445225054783, -0.0254836058034335, -0.026431253640407, -0.0272895729123993, -0.0280532392281774, -0.0287172157584015, -0.0292767440404318, -0.0297273347811671, -0.0300647586579472, -0.0302850371175762, -0.0303844331735512, -0.0303594422015969, -0.030206782733633, -0.0299233872503062, -0.0295063929722379, -0.028953132650141, -0.0282611253539629, -0.0274280672612149, -0.0264518224446433, -0.0253304136593919, -0.0240620131298004, -0.0226449333359702, -0.0210776178002231, -0.0193586318735615, -0.0174866535222301, -0.0154604641144648, -0.0132789392075022, -0.0109410393349101, -0.0084458007942903, -0.0057923264353887, -0.00297977644864373, -7.35915418997694e-06, 0, -0.0011835926116104, -0.00244587483210321, -0.00377431342551628, -0.00515683720301189, -0.00658182783920554, -0.0080381106896132, -0.00951494560907671, -0.0110020177710041, -0.0124894284872402, -0.0139676860283654, -0.0154276964442049, -0.016860754384321, -0.0182585339182531, -0.0196130793552709, -0.0209167960634062, -0.0221624412875401, -0.0233431149663345, -0.0244522505478118, -0.0254836058034131, -0.0264312536403849, -0.0272895729123761, -0.0280532392281534, -0.0287172157583774, -0.0292767440404081, -0.0297273347811443, -0.0300647586579258, -0.0302850371175568, -0.0303844331735341, -0.0303594422015826, -0.0302067827336218, -0.0299233872502984, -0.0295063929722337, -0.0289531326501405, -0.0282611253539661, -0.0274280672612217, -0.0264518224446537, -0.0253304136594056, -0.024062013129817, -0.0226449333359894, -0.0210776178002444, -0.0193586318735842, -0.0174866535222536, -0.0154604641144884, -0.0132789392075249, -0.0109410393349311, -0.00844580079430857, -0.0057923264354032, -0.00297977644865337, -7.35915419356218e-06, 0, -0.00118359261161506, -0.00244587483211151, -0.00377431342552722, -0.00515683720302452, -0.00658182783921897, -0.00803811068962658, -0.0095149456090893, -0.0110020177710152, -0.0124894284872493, -0.013967686028372, -0.0154276964442086, -0.0168607543843215, -0.0182585339182504, -0.0196130793552648, -0.0209167960633968, -0.0221624412875276, -0.0233431149663191, -0.0244522505477938, -0.0254836058033929, -0.0264312536403629, -0.0272895729123527, -0.0280532392281292, -0.0287172157583529, -0.0292767440403838, -0.0297273347811208, -0.0300647586579036, -0.0302850371175363, -0.0303844331735158, -0.030359442201567, -0.0302067827336091, -0.0299233872502887, -0.0295063929722274, -0.0289531326501377, -0.0282611253539667, -0.0274280672612258, -0.026451822444661, -0.025330413659416, -0.02406201312983, -0.0226449333360046, -0.0210776178002613, -0.0193586318736023, -0.0174866535222721, -0.0154604641145065, -0.0132789392075418, -0.0109410393349459, -0.00844580079432029, -0.00579232643541074, -0.0029797764486556, -7.3591541892939e-06, 0, -0.00118359261161963, -0.00244587483211965, -0.00377431342553795, -0.0051568372030369, -0.0065818278392321, -0.00803811068963965, -0.00951494560910157, -0.011002017771026, -0.0124894284872581, -0.0139676860283783, -0.0154276964442121, -0.0168607543843219, -0.0182585339182476, -0.0196130793552588, -0.0209167960633876, -0.0221624412875153, -0.023343114966304, -0.0244522505477763, -0.0254836058033732, -0.0264312536403416, -0.0272895729123303, -0.0280532392281062, -0.0287172157583297, -0.0292767440403611, -0.0297273347810991, -0.0300647586578834, -0.0302850371175182, -0.0303844331735001, -0.0303594422015541, -0.0302067827335994, -0.0299233872502826, -0.0295063929722249, -0.028953132650139, -0.0282611253539718, -0.0274280672612347, -0.0264518224446735, -0.0253304136594319, -0.024062013129849, -0.0226449333360263, -0.0210776178002851, -0.0193586318736277, -0.0174866535222984, -0.0154604641145329, -0.0132789392075675, -0.01094103933497, -0.00844580079434177, -0.00579232643542859, -0.0029797764486687, -7.35915419648433e-06, 0, -0.00118359261162434, -0.00244587483212804, -0.00377431342554902, -0.00515683720304969, -0.00658182783924572, -0.00803811068965325, -0.0095149456091144, -0.0110020177710374, -0.0124894284872675, -0.0139676860283852, -0.0154276964442161, -0.0168607543843228, -0.0182585339182452, -0.019613079355253, -0.0209167960633785, -0.0221624412875031, -0.0233431149662889, -0.0244522505477585, -0.0254836058033532, -0.0264312536403198, -0.0272895729123071, -0.0280532392280821, -0.0287172157583053, -0.0292767440403369, -0.0297273347810757, -0.0300647586578611, -0.0302850371174976, -0.0303844331734817, -0.0303594422015382, -0.0302067827335863, -0.0299233872502725, -0.0295063929722182, -0.0289531326501356, -0.0282611253539718, -0.027428067261238, -0.0264518224446799, -0.0253304136594412, -0.0240620131298609, -0.0226449333360402, -0.0210776178003006, -0.0193586318736442, -0.0174866535223152, -0.0154604641145492, -0.0132789392075824, -0.0109410393349827, -0.00844580079435114, -0.0057923264354336, -0.00297977644866822, -7.35915418932122e-06, 0, -0.00118359261162892, -0.0024458748321362, -0.00377431342555976, -0.00515683720306208, -0.00658182783925885, -0.00803811068966631, -0.00951494560912663, -0.0110020177710482, -0.0124894284872762, -0.0139676860283914, -0.0154276964442194, -0.016860754384323, -0.0182585339182421, -0.0196130793552467, -0.0209167960633689, -0.0221624412874904, -0.0233431149662733, -0.0244522505477404, -0.0254836058033329, -0.0264312536402978, -0.0272895729122838, -0.0280532392280582, -0.0287172157582812, -0.0292767440403132, -0.0297273347810528, -0.0300647586578397, -0.030285037117478, -0.0303844331734645, -0.0303594422015237, -0.0302067827335749, -0.0299233872502645, -0.0295063929722137, -0.0289531326501347, -0.0282611253539746, -0.0274280672612444, -0.0264518224446899, -0.0253304136594544, -0.024062013129877, -0.0226449333360588, -0.0210776178003213, -0.0193586318736662, -0.0174866535223379, -0.0154604641145719, -0.0132789392076043, -0.0109410393350027, -0.00844580079436841, -0.00579232643544705, -0.00297977644867674, -7.35915419172424e-06, 0, -0.0011835926116335, -0.00244587483214434, -0.00377431342557048, -0.00515683720307442, -0.00658182783927194, -0.00803811068967931, -0.0095149456091388, -0.0110020177710589, -0.0124894284872848, -0.0139676860283975, -0.0154276964442227, -0.0168607543843231, -0.0182585339182389, -0.0196130793552402, -0.0209167960633591, -0.0221624412874776, -0.0233431149662576, -0.0244522505477221, -0.0254836058033125, -0.0264312536402756, -0.0272895729122604, -0.028053239228034, -0.0287172157582569, -0.0292767440402892, -0.0297273347810297, -0.030064758657818, -0.0302850371174582, -0.030384433173447, -0.030359442201509, -0.0302067827335632, -0.0299233872502562, -0.0295063929722089, -0.0289531326501336, -0.0282611253539772, -0.0274280672612506, -0.0264518224446995, -0.0253304136594673, -0.0240620131298928, -0.0226449333360771, -0.0210776178003416, -0.0193586318736879, -0.0174866535223603, -0.0154604641145943, -0.0132789392076258, -0.0109410393350224, -0.00844580079438539, -0.00579232643546022, -0.00297977644868498, -7.35915419386099e-06, 0, -0.00118359261163816, -0.00244587483215264, -0.00377431342558144, -0.00515683720308708, -0.0065818278392854, -0.00803811068969274, -0.00951494560915145, -0.0110020177710701, -0.012489428487294, -0.0139676860284042, -0.0154276964442265, -0.0168607543843239, -0.0182585339182364, -0.0196130793552343, -0.02091679606335, -0.0221624412874654, -0.0233431149662425, -0.0244522505477044, -0.0254836058032926, -0.026431253640254, -0.0272895729122375, -0.0280532392280103, -0.0287172157582329, -0.0292767440402655, -0.0297273347810068, -0.0300647586577964, -0.0302850371174385, -0.0303844331734295, -0.0303594422014941, -0.0302067827335513, -0.0299233872502475, -0.0295063929722035, -0.0289531326501317, -0.0282611253539789, -0.0274280672612557, -0.026451822444708, -0.0253304136594787, -0.024062013129907, -0.0226449333360936, -0.0210776178003598, -0.0193586318737073, -0.0174866535223802, -0.0154604641146139, -0.0132789392076442, -0.0109410393350388, -0.00844580079439873, -0.00579232643546943, -0.00297977644868893, -7.35915419137426e-06, 0, -0.00118359261164279, -0.00244587483216088, -0.0037743134255923, -0.00515683720309963, -0.00658182783929872, -0.00803811068970602, -0.00951494560916394, -0.0110020177710811, -0.012489428487303, -0.0139676860284107, -0.0154276964442302, -0.0168607543843245, -0.0182585339182338, -0.0196130793552284, -0.0209167960633409, -0.0221624412874531, -0.0233431149662274, -0.0244522505476868, -0.0254836058032728, -0.0264312536402324, -0.0272895729122147, -0.0280532392279868, -0.0287172157582092, -0.0292767440402421, -0.0297273347809843, -0.0300647586577753, -0.0302850371174193, -0.0303844331734126, -0.0303594422014799, -0.0302067827335401, -0.0299233872502396, -0.0295063929721992, -0.028953132650131, -0.0282611253539817, -0.0274280672612622, -0.0264518224447178, -0.0253304136594918, -0.0240620131299229, -0.0226449333361119, -0.02107761780038, -0.0193586318737289, -0.0174866535224024, -0.0154604641146359, -0.0132789392076653, -0.010941039335058, -0.00844580079441505, -0.00579232643548183, -0.00297977644869628, -7.3591541924988e-06, 0, -0.00118359261164742, -0.00244587483216913, -0.00377431342560317, -0.00515683720311215, -0.00658182783931202, -0.00803811068971925, -0.00951494560917635, -0.011002017771092, -0.0124894284873119, -0.013967686028417, -0.0154276964442337, -0.0168607543843247, -0.0182585339182307, -0.019613079355222, -0.0209167960633312, -0.0221624412874402, -0.0233431149662116, -0.0244522505476684, -0.0254836058032522, -0.02643125364021, -0.0272895729121909, -0.0280532392279622, -0.0287172157581843, -0.0292767440402174, -0.0297273347809604, -0.0300647586577527, -0.0302850371173983, -0.0303844331733938, -0.0303594422014637, -0.0302067827335268, -0.0299233872502294, -0.0295063929721924, -0.0289531326501276, -0.0282611253539818, -0.0274280672612657, -0.0264518224447246, -0.0253304136595015, -0.0240620131299353, -0.0226449333361266, -0.0210776178003964, -0.0193586318737463, -0.0174866535224203, -0.0154604641146535, -0.0132789392076817, -0.0109410393350722, -0.00844580079442613, -0.00579232643548872, -0.00297977644869786, -7.35915418757956e-06, 0, -0.00118359261165201, -0.0024458748321773, -0.00377431342561393, -0.00515683720312458, -0.00658182783932521, -0.0080381106897324, -0.00951494560918871, -0.0110020177711029, -0.0124894284873208, -0.0139676860284235, -0.0154276964442373, -0.0168607543843253, -0.0182585339182281, -0.0196130793552161, -0.0209167960633221, -0.0221624412874281, -0.0233431149661967, -0.024452250547651, -0.0254836058032327, -0.0264312536401889, -0.0272895729121687, -0.0280532392279393, -0.0287172157581613, -0.0292767440401949, -0.0297273347809389, -0.0300647586577326, -0.0302850371173803, -0.0303844331733782, -0.030359442201451, -0.0302067827335173, -0.0299233872502233, -0.0295063929721899, -0.0289531326501289, -0.028261125353987, -0.0274280672612746, -0.026451822444737, -0.0253304136595174, -0.0240620131299542, -0.0226449333361481, -0.0210776178004201, -0.0193586318737715, -0.0174866535224464, -0.0154604641146797, -0.0132789392077072, -0.0109410393350961, -0.0084458007944474, -0.00579232643550633, -0.00297977644871071, -7.35915419449633e-06, 0, -0.00118359261165666, -0.00244587483218558, -0.00377431342562486, -0.00515683720313719, -0.00658182783933861, -0.00803811068974575, -0.00951494560920126, -0.011002017771114, -0.0124894284873298, -0.01396768602843, -0.0154276964442409, -0.0168607543843258, -0.0182585339182253, -0.01961307935521, -0.0209167960633127, -0.0221624412874156, -0.0233431149661812, -0.024452250547633, -0.0254836058032124, -0.0264312536401668, -0.0272895729121453, -0.0280532392279151, -0.0287172157581368, -0.0292767440401707, -0.0297273347809154, -0.0300647586577104, -0.0302850371173599, -0.03038443317336, -0.0303594422014353, -0.0302067827335045, -0.0299233872502138, -0.0295063929721837, -0.0289531326501262, -0.0282611253539877, -0.0274280672612787, -0.0264518224447444, -0.0253304136595278, -0.0240620131299673, -0.0226449333361635, -0.0210776178004371, -0.0193586318737897, -0.017486653522465, -0.015460464114698, -0.0132789392077243, -0.0109410393351112, -0.00844580079445937, -0.00579232643551415, -0.00297977644871326, -7.35915419058496e-06, 0, -0.00118359261166124, -0.00244587483219372, -0.00377431342563558, -0.00515683720314953, -0.00658182783935168, -0.00803811068975873, -0.00951494560921338, -0.0110020177711246, -0.0124894284873384, -0.013967686028436, -0.015427696444244, -0.0168607543843258, -0.018258533918222, -0.0196130793552033, -0.0209167960633027, -0.0221624412874025, -0.0233431149661652, -0.0244522505476143, -0.0254836058031916, -0.0264312536401442, -0.0272895729121213, -0.0280532392278904, -0.0287172157581118, -0.029276744040146, -0.0297273347808915, -0.0300647586576879, -0.0302850371173392, -0.0303844331733415, -0.0303594422014195, -0.0302067827334917, -0.0299233872502042, -0.0295063929721776, -0.0289531326501236, -0.0282611253539887, -0.0274280672612832, -0.0264518224447524, -0.0253304136595389, -0.0240620131299811, -0.0226449333361797, -0.0210776178004553, -0.0193586318738091, -0.017486653522485, -0.0154604641147178, -0.0132789392077431, -0.0109410393351281, -0.00844580079447334, -0.00579232643552416, -0.00297977644871818, -7.35915418923578e-06, 0, -0.00118359261166588, -0.002445874832202, -0.00377431342564649, -0.00515683720316214, -0.0065818278393651, -0.00803811068977212, -0.00951494560922601, -0.0110020177711358, -0.0124894284873475, -0.0139676860284427, -0.0154276964442479, -0.0168607543843266, -0.0182585339182195, -0.0196130793551976, -0.0209167960632938, -0.0221624412873904, -0.0233431149661503, -0.0244522505475969, -0.025483605803172, -0.0264312536401229, -0.0272895729120988, -0.0280532392278671, -0.0287172157580884, -0.0292767440401228, -0.0297273347808692, -0.030064758657667, -0.0302850371173201, -0.0303844331733248, -0.0303594422014055, -0.0302067827334807, -0.0299233872501965, -0.0295063929721733, -0.0289531326501229, -0.0282611253539917, -0.0274280672612897, -0.0264518224447622, -0.0253304136595519, -0.024062013129997, -0.022644933336198, -0.0210776178004754, -0.0193586318738306, -0.017486653522507, -0.0154604641147397, -0.013278939207764, -0.010941039335147, -0.00844580079448935, -0.0057923264355362, -0.00297977644872513, -7.35915418991276e-06, 0, -0.00118359261167045, -0.00244587483221013, -0.0037743134256572, -0.00515683720317448, -0.00658182783937818, -0.00803811068978512, -0.00951494560923819, -0.0110020177711465, -0.0124894284873562, -0.0139676860284489, -0.0154276964442513, -0.0168607543843268, -0.0182585339182165, -0.0196130793551913, -0.0209167960632842, -0.0221624412873778, -0.0233431149661349, -0.024452250547579, -0.025483605803152, -0.0264312536401011, -0.0272895729120759, -0.0280532392278435, -0.0287172157580646, -0.0292767440400995, -0.0297273347808469, -0.0300647586576461, -0.0302850371173012, -0.0303844331733083, -0.0303594422013917, -0.0302067827334701, -0.0299233872501893, -0.0295063929721697, -0.0289531326501231, -0.0282611253539955, -0.0274280672612973, -0.0264518224447734, -0.0253304136595664, -0.0240620131300145, -0.022644933336218, -0.0210776178004976, -0.0193586318738542, -0.0174866535225315, -0.0154604641147643, -0.0132789392077878, -0.0109410393351691, -0.00844580079450883, -0.00579232643555198, -0.0029797764487361, -7.3591541949131e-06, 0, -0.00118359261167511, -0.00244587483221843, -0.00377431342566814, -0.00515683720318711, -0.0065818278393916, -0.00803811068979849, -0.00951494560925075, -0.0110020177711576, -0.0124894284873653, -0.0139676860284554, -0.0154276964442549, -0.0168607543843273, -0.0182585339182137, -0.0196130793551851, -0.0209167960632747, -0.0221624412873651, -0.0233431149661193, -0.0244522505475607, -0.0254836058031314, -0.0264312536400788, -0.0272895729120521, -0.0280532392278189, -0.0287172157580397, -0.0292767440400748, -0.0297273347808228, -0.0300647586576233, -0.03028503711728, -0.0303844331732892, -0.0303594422013752, -0.0302067827334564, -0.0299233872501787, -0.0295063929721624, -0.0289531326501191, -0.028261125353995, -0.0274280672613001, -0.0264518224447793, -0.0253304136595752, -0.0240620131300259, -0.0226449333362316, -0.0210776178005127, -0.0193586318738704, -0.017486653522548, -0.0154604641147803, -0.0132789392078025, -0.0109410393351816, -0.00844580079451811, -0.00579232643555696, -0.00297977644873565, -7.35915418784107e-06, 0, -0.00118359261167966, -0.00244587483222651, -0.00377431342567878, -0.00515683720319937, -0.00658182783940459, -0.0080381106898114, -0.00951494560926284, -0.0110020177711682, -0.0124894284873738, -0.0139676860284615, -0.0154276964442581, -0.0168607543843274, -0.0182585339182106, -0.0196130793551788, -0.0209167960632652, -0.0221624412873526, -0.0233431149661039, -0.0244522505475428, -0.0254836058031115, -0.0264312536400572, -0.0272895729120294, -0.0280532392277955, -0.0287172157580162, -0.0292767440400517, -0.0297273347808008, -0.0300647586576027, -0.0302850371172615, -0.0303844331732732, -0.030359442201362, -0.0302067827334464, -0.0299233872501721, -0.0295063929721595, -0.02895313265012, -0.0282611253539997, -0.0274280672613086, -0.0264518224447915, -0.0253304136595908, -0.0240620131300445, -0.0226449333362529, -0.0210776178005362, -0.0193586318738955, -0.017486653522574, -0.0154604641148064, -0.013278939207828, -0.0109410393352055, -0.00844580079453943, -0.00579232643557468, -0.00297977644874867, -7.35915419498552e-06, 0, -0.00118359261168431, -0.00244587483223479, -0.00377431342568971, -0.005156837203212, -0.00658182783941802, -0.00803811068982481, -0.00951494560927548, -0.0110020177711794, -0.012489428487383, -0.0139676860284683, -0.015427696444262, -0.0168607543843283, -0.0182585339182082, -0.0196130793551731, -0.0209167960632563, -0.0221624412873406, -0.023343114966089, -0.0244522505475255, -0.0254836058030919, -0.0264312536400359, -0.0272895729120069, -0.0280532392277723, -0.0287172157579928, -0.0292767440400287, -0.0297273347807786, -0.0300647586575819, -0.0302850371172426, -0.0303844331732565, -0.0303594422013481, -0.0302067827334355, -0.0299233872501645, -0.0295063929721554, -0.0289531326501195, -0.0282611253540028, -0.0274280672613152, -0.0264518224448015, -0.025330413659604, -0.0240620131300605, -0.0226449333362713, -0.0210776178005565, -0.0193586318739171, -0.0174866535225962, -0.0154604641148285, -0.0132789392078491, -0.0109410393352247, -0.00844580079455573, -0.00579232643558703, -0.00297977644875595, -7.35915419602506e-06, 0, -0.00118359261168892, -0.00244587483224301, -0.00377431342570053, -0.00515683720322448, -0.00658182783943126, -0.00803811068983799, -0.00951494560928784, -0.0110020177711903, -0.0124894284873919, -0.0139676860284746, -0.0154276964442655, -0.0168607543843286, -0.0182585339182052, -0.0196130793551668, -0.0209167960632467, -0.0221624412873279, -0.0233431149660734, -0.0244522505475073, -0.0254836058030715, -0.0264312536400137, -0.0272895729119834, -0.028053239227748, -0.0287172157579683, -0.0292767440400044, -0.0297273347807552, -0.0300647586575598, -0.0302850371172223, -0.0303844331732385, -0.0303594422013326, -0.030206782733423, -0.0299233872501553, -0.0295063929721496, -0.0289531326501172, -0.028261125354004, -0.0274280672613199, -0.0264518224448095, -0.0253304136596151, -0.0240620131300744, -0.0226449333362875, -0.0210776178005745, -0.0193586318739363, -0.017486653522616, -0.015460464114848, -0.0132789392078675, -0.0109410393352411, -0.00844580079456917, -0.00579232643559642, -0.00297977644876018, -7.35915419389482e-06, 0, -0.00118359261169352, -0.0024458748322512, -0.00377431342571132, -0.00515683720323692, -0.00658182783944447, -0.00803811068985113, -0.00951494560930017, -0.0110020177712012, -0.0124894284874007, -0.0139676860284809, -0.0154276964442689, -0.0168607543843289, -0.0182585339182023, -0.0196130793551605, -0.0209167960632372, -0.0221624412873152, -0.0233431149660579, -0.0244522505474892, -0.0254836058030513, -0.0264312536399918, -0.0272895729119602, -0.0280532392277241, -0.0287172157579441, -0.0292767440399806, -0.0297273347807321, -0.0300647586575382, -0.0302850371172025, -0.030384433173221, -0.0303594422013178, -0.0302067827334112, -0.0299233872501468, -0.0295063929721445, -0.0289531326501157, -0.0282611253540062, -0.0274280672613256, -0.0264518224448186, -0.0253304136596273, -0.0240620131300895, -0.022644933336305, -0.0210776178005939, -0.019358631873957, -0.0174866535226373, -0.0154604641148692, -0.0132789392078877, -0.0109410393352594, -0.00844580079458452, -0.00579232643560783, -0.00297977644876651, -7.35915419398632e-06, 0, -0.00118359261169819, -0.00244587483225951, -0.00377431342572229, -0.0051568372032496, -0.00658182783945794, -0.00803811068986457, -0.00951494560931283, -0.0110020177712124, -0.0124894284874099, -0.0139676860284876, -0.0154276964442728, -0.0168607543843296, -0.0182585339181997, -0.0196130793551546, -0.020916796063228, -0.0221624412873029, -0.0233431149660427, -0.0244522505474714, -0.0254836058030312, -0.0264312536399699, -0.027289572911937, -0.0280532392277, -0.0287172157579198, -0.0292767440399565, -0.0297273347807088, -0.0300647586575161, -0.0302850371171821, -0.0303844331732028, -0.0303594422013022, -0.0302067827333985, -0.0299233872501372, -0.0295063929721383, -0.0289531326501129, -0.0282611253540068, -0.0274280672613296, -0.0264518224448258, -0.0253304136596375, -0.0240620131301023, -0.02264493333632, -0.0210776178006106, -0.0193586318739747, -0.0174866535226554, -0.0154604641148869, -0.0132789392079042, -0.0109410393352737, -0.00844580079459573, -0.00579232643561481, -0.00297977644876814, -7.35915418907315e-06, 0, -0.00118359261170283, -0.00244587483226777, -0.00377431342573318, -0.00515683720326217, -0.00658182783947131, -0.00803811068987791, -0.00951494560932538, -0.0110020177712235, -0.012489428487419, -0.0139676860284942, -0.0154276964442765, -0.0168607543843303, -0.0182585339181971, -0.0196130793551487, -0.0209167960632189, -0.0221624412872907, -0.0233431149660276, -0.0244522505474538, -0.0254836058030115, -0.0264312536399484, -0.0272895729119142, -0.0280532392276765, -0.028717215757896, -0.0292767440399331, -0.0297273347806862, -0.0300647586574949, -0.0302850371171628, -0.0303844331731857, -0.0303594422012878, -0.0302067827333871, -0.029923387250129, -0.0295063929721335, -0.0289531326501117, -0.0282611253540092, -0.0274280672613356, -0.0264518224448351, -0.0253304136596499, -0.0240620131301175, -0.0226449333363376, -0.02107761780063, -0.0193586318739954, -0.0174866535226767, -0.015460464114908, -0.0132789392079242, -0.0109410393352918, -0.00844580079461085, -0.00579232643562593, -0.00297977644877413, -7.35915418876004e-06, 0, -0.00118359261170743, -0.00244587483227596, -0.00377431342574397, -0.0051568372032746, -0.0065818278394845, -0.00803811068989102, -0.00951494560933766, -0.0110020177712343, -0.0124894284874277, -0.0139676860285004, -0.0154276964442799, -0.0168607543843305, -0.018258533918194, -0.0196130793551423, -0.0209167960632092, -0.0221624412872779, -0.0233431149660119, -0.0244522505474354, -0.0254836058029909, -0.0264312536399261, -0.0272895729118906, -0.0280532392276521, -0.0287172157578713, -0.0292767440399087, -0.0297273347806627, -0.0300647586574726, -0.0302850371171423, -0.0303844331731675, -0.0303594422012722, -0.0302067827333745, -0.0299233872501196, -0.0295063929721276, -0.0289531326501093, -0.0282611253540103, -0.0274280672613402, -0.0264518224448431, -0.025330413659661, -0.0240620131301313, -0.0226449333363538, -0.0210776178006481, -0.0193586318740147, -0.0174866535226965, -0.0154604641149276, -0.0132789392079428, -0.0109410393353084, -0.00844580079462453, -0.00579232643563561, -0.0029797764487787, -7.35915418703182e-06, 0, -0.00118359261171202, -0.00244587483228414, -0.00377431342575475, -0.00515683720328704, -0.00658182783949769, -0.00803811068990415, -0.00951494560934999, -0.0110020177712451, -0.0124894284874366, -0.0139676860285068, -0.0154276964442834, -0.0168607543843309, -0.0182585339181912, -0.0196130793551362, -0.0209167960631998, -0.0221624412872654, -0.0233431149659966, -0.0244522505474176, -0.025483605802971, -0.0264312536399044, -0.0272895729118678, -0.0280532392276286, -0.0287172157578476, -0.0292767440398853, -0.0297273347806402, -0.0300647586574516, -0.0302850371171232, -0.0303844331731507, -0.0303594422012582, -0.0302067827333635, -0.029923387250112, -0.0295063929721235, -0.0289531326501088, -0.0282611253540135, -0.027428067261347, -0.0264518224448534, -0.0253304136596745, -0.0240620131301478, -0.0226449333363727, -0.021077617800669, -0.019358631874037, -0.0174866535227195, -0.0154604641149505, -0.0132789392079648, -0.0109410393353286, -0.00844580079464191, -0.00579232643564914, -0.00297977644878725, -7.35915418943354e-06, 0, -0.00118359261171663, -0.00244587483229234, -0.00377431342576557, -0.00515683720329952, -0.00658182783951095, -0.00803811068991735, -0.00951494560936239, -0.0110020177712561, -0.0124894284874455, -0.0139676860285132, -0.0154276964442869, -0.0168607543843314, -0.0182585339181884, -0.0196130793551301, -0.0209167960631905, -0.022162441287253, -0.0233431149659814, -0.0244522505473998, -0.025483605802951, -0.0264312536398827, -0.0272895729118448, -0.0280532392276049, -0.0287172157578238, -0.0292767440398618, -0.0297273347806175, -0.0300647586574303, -0.0302850371171037, -0.0303844331731336, -0.0303594422012437, -0.0302067827333521, -0.0299233872501039, -0.0295063929721189, -0.0289531326501078, -0.0282611253540161, -0.0274280672613531, -0.0264518224448629, -0.0253304136596872, -0.0240620131301633, -0.0226449333363907, -0.0210776178006888, -0.0193586318740582, -0.0174866535227413, -0.0154604641149722, -0.0132789392079855, -0.0109410393353474, -0.00844580079465788, -0.00579232643566117, -0.00297977644879425, -7.35915419020463e-06, 0, -0.00118359261172125, -0.00244587483230057, -0.00377431342577641, -0.00515683720331203, -0.00658182783952424, -0.0080381106899306, -0.00951494560937484, -0.0110020177712671, -0.0124894284874544, -0.0139676860285197, -0.0154276964442905, -0.0168607543843318, -0.0182585339181856, -0.019613079355124, -0.0209167960631811, -0.0221624412872406, -0.023343114965966, -0.0244522505473819, -0.0254836058029309, -0.0264312536398608, -0.0272895729118216, -0.0280532392275809, -0.0287172157577996, -0.0292767440398379, -0.0297273347805945, -0.0300647586574086, -0.0302850371170838, -0.030384433173116, -0.0303594422012287, -0.0302067827333401, -0.0299233872500951, -0.0295063929721135, -0.028953132650106, -0.0282611253540179, -0.0274280672613584, -0.0264518224448716, -0.025330413659699, -0.0240620131301779, -0.0226449333364076, -0.0210776178007076, -0.0193586318740782, -0.0174866535227619, -0.0154604641149926, -0.0132789392080049, -0.0109410393353648, -0.00844580079467234, -0.00579232643567165, -0.00297977644879962, -7.35915418929043e-06, 0, -0.0011835926117258, -0.00244587483230866, -0.00377431342578706, -0.0051568372033243, -0.00658182783953724, -0.00803811068994351, -0.00951494560938692, -0.0110020177712777, -0.012489428487463, -0.0139676860285257, -0.0154276964442937, -0.0168607543843319, -0.0182585339181825, -0.0196130793551176, -0.0209167960631715, -0.0221624412872279, -0.0233431149659505, -0.0244522505473639, -0.0254836058029108, -0.0264312536398391, -0.0272895729117987, -0.0280532392275573, -0.0287172157577759, -0.0292767440398146, -0.0297273347805721, -0.0300647586573877, -0.0302850371170649, -0.0303844331730995, -0.0303594422012151, -0.0302067827333296, -0.0299233872500881, -0.0295063929721101, -0.0289531326501063, -0.028261125354022, -0.0274280672613662, -0.026451822444883, -0.0253304136597137, -0.0240620131301957, -0.022644933336428, -0.0210776178007301, -0.0193586318741022, -0.0174866535227868, -0.0154604641150176, -0.0132789392080291, -0.0109410393353875, -0.00844580079469236, -0.00579232643568801, -0.00297977644881121, -7.35915419494693e-06, 0, -0.00118359261173042, -0.0024458748323169, -0.00377431342579792, -0.00515683720333684, -0.00658182783955057, -0.0080381106899568, -0.00951494560939943, -0.0110020177712887, -0.012489428487472, -0.0139676860285323, -0.0154276964442975, -0.0168607543843326, -0.0182585339181799, -0.0196130793551117, -0.0209167960631624, -0.0221624412872157, -0.0233431149659355, -0.0244522505473463, -0.025483605802891, -0.0264312536398176, -0.027289572911776, -0.0280532392275339, -0.0287172157577522, -0.0292767440397913, -0.0297273347805497, -0.0300647586573667, -0.0302850371170457, -0.0303844331730826, -0.0303594422012009, -0.0302067827333184, -0.0299233872500802, -0.0295063929721057, -0.0289531326501055, -0.0282611253540248, -0.0274280672613726, -0.0264518224448927, -0.0253304136597266, -0.0240620131302114, -0.0226449333364461, -0.0210776178007501, -0.0193586318741235, -0.0174866535228087, -0.0154604641150394, -0.0132789392080499, -0.0109410393354064, -0.00844580079470836, -0.00579232643570007, -0.0029797764488182, -7.35915419570066e-06, 0, -0.00118359261173501, -0.00244587483232506, -0.00377431342580868, -0.00515683720334925, -0.00658182783956373, -0.00803811068996988, -0.00951494560941169, -0.0110020177712995, -0.0124894284874808, -0.0139676860285385, -0.0154276964443008, -0.0168607543843328, -0.0182585339181769, -0.0196130793551054, -0.0209167960631528, -0.0221624412872029, -0.0233431149659198, -0.0244522505473281, -0.0254836058028707, -0.0264312536397955, -0.0272895729117526, -0.0280532392275098, -0.0287172157577279, -0.0292767440397672, -0.0297273347805265, -0.0300647586573448, -0.0302850371170258, -0.0303844331730649, -0.0303594422011859, -0.0302067827333064, -0.0299233872500714, -0.0295063929721004, -0.0289531326501038, -0.0282611253540267, -0.027428067261378, -0.0264518224449016, -0.0253304136597387, -0.0240620131302262, -0.0226449333364633, -0.0210776178007693, -0.019358631874144, -0.0174866535228298, -0.0154604641150603, -0.0132789392080699, -0.0109410393354244, -0.00844580079472354, -0.00579232643571131, -0.0029797764488244, -7.35915419566987e-06, 0, -0.00118359261173967, -0.00244587483233336, -0.00377431342581962, -0.00515683720336188, -0.00658182783957716, -0.00803811068998329, -0.00951494560942432, -0.0110020177713107, -0.0124894284874899, -0.0139676860285452, -0.0154276964443047, -0.0168607543843335, -0.0182585339181743, -0.0196130793550995, -0.0209167960631437, -0.0221624412871907, -0.0233431149659048, -0.0244522505473105, -0.0254836058028508, -0.0264312536397739, -0.0272895729117297, -0.0280532392274861, -0.0287172157577039, -0.0292767440397435, -0.0297273347805036, -0.0300647586573233, -0.030285037117006, -0.0303844331730473, -0.0303594422011709, -0.0302067827332944, -0.0299233872500626, -0.0295063929720949, -0.0289531326501018, -0.0282611253540282, -0.027428067261383, -0.0264518224449098, -0.0253304136597499, -0.0240620131302402, -0.0226449333364796, -0.0210776178007873, -0.0193586318741631, -0.0174866535228494, -0.0154604641150797, -0.0132789392080881, -0.0109410393354406, -0.00844580079473665, -0.00579232643572031, -0.00297977644882816, -7.35915419301488e-06, 0, -0.00118359261174428, -0.00244587483234155, -0.00377431342583042, -0.00515683720337433, -0.00658182783959036, -0.00803811068999641, -0.0095149456094366, -0.0110020177713215, -0.0124894284874987, -0.0139676860285514, -0.015427696444308, -0.0168607543843337, -0.0182585339181712, -0.019613079355093, -0.0209167960631339, -0.0221624412871777, -0.0233431149658888, -0.0244522505472919, -0.02548360580283, -0.0264312536397513, -0.0272895729117057, -0.0280532392274613, -0.0287172157576788, -0.0292767440397187, -0.0297273347804795, -0.0300647586573004, -0.0302850371169849, -0.0303844331730284, -0.0303594422011545, -0.0302067827332809, -0.0299233872500523, -0.029506392972088, -0.0289531326500983, -0.0282611253540282, -0.0274280672613864, -0.0264518224449164, -0.0253304136597596, -0.0240620131302525, -0.0226449333364941, -0.0210776178008036, -0.0193586318741806, -0.0174866535228673, -0.0154604641150972, -0.0132789392081045, -0.0109410393354549, -0.00844580079474784, -0.00579232643572736, -0.00297977644882995, -7.35915418836061e-06, 0, -0.00118359261174886, -0.00244587483234971, -0.00377431342584117, -0.00515683720338674, -0.00658182783960355, -0.00803811069000956, -0.00951494560944897, -0.0110020177713324, -0.0124894284875076, -0.0139676860285579, -0.0154276964443116, -0.0168607543843343, -0.0182585339181686, -0.0196130793550872, -0.0209167960631249, -0.0221624412871657, -0.0233431149658741, -0.0244522505472747, -0.0254836058028107, -0.0264312536397303, -0.0272895729116837, -0.0280532392274386, -0.028717215757656, -0.0292767440396964, -0.0297273347804582, -0.0300647586572806, -0.030285037116967, -0.030384433173013, -0.030359442201142, -0.0302067827332716, -0.0299233872500464, -0.0295063929720857, -0.0289531326500998, -0.0282611253540335, -0.0274280672613954, -0.0264518224449291, -0.0253304136597756, -0.0240620131302716, -0.0226449333365159, -0.0210776178008275, -0.019358631874206, -0.0174866535228936, -0.0154604641151237, -0.0132789392081302, -0.010941039335479, -0.00844580079476937, -0.00579232643574525, -0.0029797764488431, -7.35915419559311e-06, 0, -0.0011835926117535, -0.00244587483235799, -0.00377431342585209, -0.00515683720339935, -0.00658182783961696, -0.00803811069002293, -0.00951494560946157, -0.0110020177713436, -0.0124894284875167, -0.0139676860285646, -0.0154276964443155, -0.016860754384335, -0.0182585339181661, -0.0196130793550814, -0.0209167960631158, -0.0221624412871536, -0.0233431149658591, -0.0244522505472571, -0.025483605802791, -0.0264312536397088, -0.0272895729116609, -0.0280532392274151, -0.0287172157576323, -0.0292767440396729, -0.0297273347804356, -0.0300647586572593, -0.0302850371169476, -0.0303844331729958, -0.0303594422011274, -0.03020678273326, -0.029923387250038, -0.0295063929720808, -0.0289531326500984, -0.0282611253540356, -0.027428067261401, -0.026451822444938, -0.0253304136597876, -0.0240620131302864, -0.022644933336533, -0.0210776178008463, -0.0193586318742261, -0.0174866535229142, -0.015460464115144, -0.0132789392081495, -0.0109410393354962, -0.00844580079478361, -0.00579232643575544, -0.0029797764488481, -7.35915419422528e-06, 0, -0.00118359261175806, -0.00244587483236609, -0.00377431342586275, -0.00515683720341162, -0.00658182783962995, -0.00803811069003582, -0.0095149456094736, -0.0110020177713541, -0.0124894284875252, -0.0139676860285704, -0.0154276964443185, -0.0168607543843349, -0.0182585339181626, -0.0196130793550746, -0.0209167960631057, -0.0221624412871403, -0.0233431149658429, -0.0244522505472384, -0.02548360580277, -0.0264312536396861, -0.0272895729116369, -0.0280532392273902, -0.0287172157576072, -0.0292767440396481, -0.0297273347804116, -0.0300647586572366, -0.0302850371169267, -0.0303844331729772, -0.0303594422011115, -0.030206782733247, -0.0299233872500283, -0.0295063929720745, -0.0289531326500957, -0.0282611253540365, -0.0274280672614054, -0.0264518224449458, -0.0253304136597986, -0.0240620131303001, -0.0226449333365491, -0.0210776178008644, -0.0193586318742454, -0.0174866535229342, -0.0154604641151638, -0.0132789392081683, -0.0109410393355132, -0.00844580079479771, -0.00579232643576562, -0.00297977644885325, -7.35915419317317e-06
0, 0, 0, 0, 0, 0, 0, 0, 0, 0, 0, 0, 0, 0, 0, 0, 0, 0, 0, 0, 0, 0, 0, 0, 0, 0, 0, 0, 0, 0, 0, 0, 0, 0, 0, 0, 0, 0, 0, 0, 0, 0, 0, 0, 0, 0, 0, 0, 0, 0, 0, 0, 0, 0, 0, 0, 0, 0, 0, 0, 0, 0, 0, 0, 0, 0, 0, 0, 0, 0, 0, 0, 0, 0, 0, 0, 0, 0, 0, 0, 0, 0, 0, 0, 0, 0, 0, 0, 0, 0, 0, 0, 0, 0, 0, 0, 0, 0, 0, 0, 0, 0, 0, 0, 0, 0, 0, 0, 0, 0, 0, 0, 0, 0, 0, 0, 0, 0, 0, 0, 0, 0, 0, 0, 0, 0, 0, 0, 0, 0, 0, 0, 0, 0, 0, 0, 0, 0, 0, 0, 0, 0, 0, 0, 0, 0, 0, 0, 0, 0, 0, 0, 0, 0, 0, 0, 0, 0, 0, 0, 0, 0, 0, 0, 0, 0, 0, 0, 0, 0, 0, 0, 0, 0, 0, 0, 0, 0, 0, 0, 0, 0, 0, 0, 0, 0, 0, 0, 0, 0, 0, 0, 0, 0, 0, 0, 0, 0, 0, 0, 0, 0, 0, 0, 0, 0, 0, 0, 0, 0, 0, 0, 0, 0, 0, 0, 0, 0, 0, 0, 0, 0, 0, 0, 0, 0, 0, 0, 0, 0, 0, 0, 0, 0, 0, 0, 0, 0, 0, 0, 0, 0, 0, 0, 0, 0, 0, 0, 0, 0, 0, 0, 0, 0, 0, 0, 0, 0, 0, 0, 0, 0, 0, 0, 0, 0, 0, 0, 0, 0, 0, 0, 0, 0, 0, 0, 0, 0, 0, 0, 0, 0, 0, 0, 0, 0, 0, 0, 0, 0, 0, 0, 0, 0, 0, 0, 0, 0, 0, 0, 0, 0, 0, 0, 0, 0, 0, 0, 0, 0, 0, 0, 0, 0, 0, 0, 0, 0, 0, 0, 0, 0, 0, 0, 0, 0, 0, 0, 0, 0, 0, 0, 0, 0, 0, 0, 0, 0, 0, 0, 0, 0, 0, 0, 0, 0, 0, 0, 0, 0, 0, 0, 0, 0, 0, 0, 0, 0, 0, 0, 0, 0, 0, 0, 0, 0, 0, 0, 0, 0, 0, 0, 0, 0, 0, 0, 0, 0, 0, 0, 0, 0, 0, 0, 0, 0, 0, 0, 0, 0, 0, 0, 0, 0, 0, 0, 0, 0, 0, 0, 0, 0, 0, 0, 0, 0, 0, 0, 0, 0, 0, 0, 0, 0, 0, 0, 0, 0, 0, 0, 0, 0, 0, 0, 0, 0, 0, 0, 0, 0, 0, 0, 0, 0, 0, 0, 0, 0, 0, 0, 0, 0, 0, 0, 0, 0, 0, 0, 0, 0, 0, 0, 0, 0, 0, 0, 0, 0, 0, 0, 0, 0, 0, 0, 0, 0, 0, 0, 0, 0, 0, 0, 0, 0, 0, 0, 0, 0, 0, 0, 0, 0, 0, 0, 0, 0, 0, 0, 0, 0, 0, 0, 0, 0, 0, 0, 0, 0, 0, 0, 0, 0, 0, 0, 0, 0, 0, 0, 0, 0, 0, 0, 0, 0, 0, 0, 0, 0, 0, 0, 0, 0, 0, 0, 0, 0, 0, 0, 0, 0, 0, 0, 0, 0, 0, 0, 0, 0, 0, 0, 0, 0, 0, 0, 0, 0, 0, 0, 0, 0, 0, 0, 0, 0, 0, 0, 0, 0, 0, 0, 0, 0, 0, 0, 0, 0, 0, 0, 0, 0, 0, 0, 0, 0, 0, 0, 0, 0, 0, 0, 0, 0, 0, 0, 0, 0, 0, 0, 0, 0, 0, 0, 0, 0, 0, 0, 0, 0, 0, 0, 0, 0, 0, 0, 0, 0, 0, 0, 0, 0, 0, 0, 0, 0, 0, 0, 0, 0, 0, 0, 0, 0, 0, 0, 0, 0, 0, 0, 0, 0, 0, 0, 0, 0, 0, 0, 0, 0, 0, 0, 0, 0, 0, 0, 0, 0, 0, 0, 0, 0, 0, 0, 0, 0, 0, 0, 0, 0, 0, 0, 0, 0, 0, 0, 0, 0, 0, 0, 0, 0, 0, 0, 0, 0, 0, 0, 0, 0, 0, 0, 0, 0, 0, 0, 0, 0, 0, 0, 0, 0, 0, 0, 0, 0, 0, 0, 0, 0, 0, 0, 0, 0, 0, 0, 0, 0, 0, 0, 0, 0, 0, 0, 0, 0, 0, 0, 0, 0, 0, 0, 0, 0, 0, 0, 0, 0, 0, 0, 0, 0, 0, 0, 0, 0, 0, 0, 0, 0, 0, 0, 0, 0, 0, 0, 0, 0, 0, 0, 0, 0, 0, 0, 0, 0, 0, 0, 0, 0, 0, 0, 0, 0, 0, 0, 0, 0, 0, 0, 0, 0, 0, 0, 0, 0, 0, 0, 0, 0, 0, 0, 0, 0, 0, 0, 0, 0, 0, 0, 0, 0, 0, 0, 0, 0, 0, 0, 0, 0, 0, 0, 0, 0, 0, 0, 0, 0, 0, 0, 0, 0, 0, 0, 0, 0, 0, 0, 0, 0, 0, 0, 0, 0, 0, 0, 0, 0, 0, 0, 0, 0, 0, 0, 0, 0, 0, 0, 0, 0, 0, 0, 0, 0, 0, 0, 0, 0, 0, 0, 0, 0, 0, 0, 0, 0, 0, 0, 0, 0, 0, 0, 0, 0, 0, 0, 0, 0, 0, 0, 0, 0, 0, 0, 0, 0, 0, 0, 0, 0, 0, 0, 0, 0, 0, 0, 0, 0, 0, 0, 0, 0, 0, 0, 0, 0, 0, 0, 0, 0, 0, 0, 0, 0, 0, 0, 0, 0, 0, 0, 0, 0, 0, 0, 0, 0, 0, 0, 0, 0, 0, 0, 0, 0, 0, 0, 0, 0, 0, 0, 0, 0, 0, 0, 0, 0, 0, 0, 0, 0, 0, 0, 0, 0, 0, 0, 0, 0, 0, 0, 0, 0, 0, 0, 0, 0, 0, 0, 0, 0, 0, 0, 0, 0, 0, 0, 0, 0, 0, 0, 0, 0, 0, 0, 0, 0, 0, 0, 0, 0, 0, 0, 0, 0, 0, 0, 0, 0, 0, 0, 0, 0, 0, 0, 0, 0, 0, 0, 0, 0, 0, 0, 0, 0, 0, 0, 0, 0, 0, 0, 0, 0, 0, 0, 0, 0, 0, 0, 0, 0, 0, 0, 0, 0, 0, 0, 0, 0, 0, 0, 0, 0, 0, 0, 0, 0, 0, 0, 0, 0, 0, 0, 0, 0, 0, 0, 0, 0, 0, 0, 0, 0, 0, 0, 0, 0, 0, 0, 0, 0, 0, 0, 0, 0, 0, 0, 0, 0, 0, 0, 0, 0, 0, 0, 0, 0, 0, 0, 0, 0, 0, 0, 0, 0, 0, 0, 0, 0, 0, 0, 0, 0, 0, 0, 0, 0, 0, 0, 0, 0, 0, 0, 0, 0, 0, 0, 0, 0, 0, 0, 0, 0, 0, 0, 0, 0, 0, 0, 0, 0, 0, 0, 0, 0, 0, 0, 0, 0, 0, 0, 0, 0, 0, 0, 0, 0, 0, 0, 0, 0, 0, 0, 0, 0, 0, 0, 0, 0, 0, 0, 0, 0, 0, 0, 0, 0, 0, 0, 0, 0, 0, 0, 0, 0, 0, 0, 0, 0, 0, 0, 0, 0, 0, 0, 0, 0, 0, 0, 0, 0, 0, 0, 0, 0, 0, 0, 0, 0, 0, 0, 0, 0, 0, 0, 0, 0, 0, 0, 0, 0, 0, 0, 0, 0, 0, 0, 0, 0, 0, 0, 0, 0, 0, 0, 0, 0, 0, 0, 0, 0, 0, 0, 0, 0, 0, 0, 0, 0, 0, 0, 0, 0, 0, 0, 0, 0, 0, 0, 0, 0, 0, 0, 0, 0, 0, 0, 0, 0, 0, 0, 0, 0, 0, 0, 0, 0, 0, 0, 0, 0, 0, 0, 0, 0, 0, 0, 0, 0, 0, 0, 0, 0, 0, 0, 0, 0, 0, 0, 0, 0, 0, 0, 0, 0, 0, 0, 0, 0, 0, 0, 0, 0, 0, 0, 0, 0, 0, 0, 0, 0, 0, 0, 0, 0, 0, 0, 0, 0, 0, 0, 0, 0, 0, 0, 0, 0, 0, 0, 0, 0, 0, 0, 0, 0, 0, 0, 0, 0, 0, 0, 0, 0, 0, 0, 0, 0, 0, 0, 0, 0, 0, 0, 0, 0, 0, 0, 0, 0, 0, 0, 0, 0, 0, 0, 0, 0, 0, 0, 0, 0, 0, 0, 0, 0, 0, 0, 0, 0, 0, 0, 0, 0, 0, 0, 0, 0, 0, 0, 0, 0, 0, 0, 0, 0, 0, 0, 0, 0, 0, 0, 0, 0, 0, 0, 0, 0, 0, 0, 0, 0, 0, 0, 0, 0, 0, 0, 0, 0, 0, 0, 0, 0, 0, 0, 0, 0, 0, 0, 0, 0, 0, 0, 0, 0, 0, 0, 0, 0, 0, 0, 0, 0, 0, 0, 0, 0, 0, 0, 0, 0, 0, 0, 0, 0, 0, 0, 0, 0, 0, 0, 0, 0, 0, 0, 0, 0, 0, 0, 0, 0, 0, 0, 0, 0, 0, 0, 0, 0, 0, 0, 0, 0, 0, 0, 0, 0, 0, 0, 0, 0, 0, 0, 0, 0, 0, 0, 0, 0, 0, 0, 0, 0, 0, 0, 0, 0, 0, 0, 0, 0, 0, 0, 0, 0, 0, 0, 0, 0, 0, 0, 0, 0, 0, 0, 0, 0, 0, 0, 0, 0, 0, 0, 0, 0, 0, 0, 0, 0, 0, 0, 0, 0, 0, 0, 0, 0, 0, 0, 0, 0, 0, 0, 0, 0, 0, 0, 0, 0, 0, 0, 0, 0, 0, 0, 0, 0, 0, 0, 0, 0, 0, 0, 0, 0, 0, 0, 0, 0, 0, 0, 0, 0, 0, 0, 0, 0, 0, 0, 0, 0, 0, 0, 0, 0, 0, 0, 0, 0, 0, 0, 0, 0, 0, 0, 0, 0, 0, 0, 0, 0, 0, 0, 0, 0, 0, 0, 0, 0, 0, 0, 0, 0, 0, 0, 0, 0, 0, 0, 0, 0, 0, 0, 0, 0, 0, 0, 0, 0, 0, 0, 0, 0, 0, 0, 0, 0, 0, 0, 0, 0, 0, 0, 0, 0, 0, 0, 0, 0, 0, 0, 0, 0, 0, 0, 0, 0, 0, 0, 0, 0, 0, 0, 0, 0, 0, 0, 0, 0, 0, 0, 0, 0, 0, 0, 0, 0, 0, 0, 0, 0, 0, 0, 0, 0, 0, 0, 0, 0, 0, 0, 0, 0, 0, 0, 0, 0, 0, 0, 0, 0, 0, 0, 0, 0, 0, 0, 0, 0, 0, 0, 0, 0, 0, 0, 0, 0, 0, 0, 0, 0, 0, 0, 0, 0, 0, 0, 0, 0, 0, 0, 0, 0, 0, 0, 0, 0, 0, 0, 0, 0, 0, 0, 0, 0, 0, 0, 0, 0, 0, 0, 0, 0, 0, 0, 0, 0, 0, 0, 0, 0, 0, 0, 0, 0, 0, 0, 0, 0, 0, 0, 0, 0, 0, 0, 0, 0, 0, 0, 0, 0, 0, 0, 0, 0, 0, 0, 0, 0, 0, 0, 0, 0, 0, 0, 0, 0, 0, 0, 0, 0, 0, 0, 0, 0, 0, 0, 0, 0, 0, 0, 0, 0, 0, 0, 0, 0, 0, 0, 0, 0, 0, 0, 0, 0, 0, 0, 0, 0, 0, 0, 0, 0, 0, 0, 0, 0, 0, 0, 0, 0, 0, 0, 0, 0, 0, 0, 0, 0, 0, 0, 0, 0, 0, 0, 0, 0, 0, 0, 0, 0, 0, 0, 0, 0, 0, 0, 0, 0, 0, 0, 0, 0, 0, 0, 0, 0, 0, 0, 0, 0, 0, 0, 0, 0, 0, 0, 0, 0, 0, 0, 0, 0, 0, 0, 0, 0, 0, 0, 0, 0, 0, 0, 0, 0, 0, 0, 0, 0, 0, 0, 0, 0, 0, 0, 0, 0, 0, 0, 0, 0, 0, 0, 0, 0, 0, 0, 0, 0, 0, 0, 0, 0, 0, 0, 0, 0, 0, 0, 0, 0, 0, 0, 0, 0, 0, 0, 0, 0, 0, 0, 0, 0, 0, 0, 0, 0, 0, 0, 0, 0, 0, 0, 0, 0, 0, 0, 0, 0, 0, 0, 0, 0, 0, 0, 0, 0, 0, 0, 0, 0, 0, 0, 0, 0, 0, 0, 0, 0, 0, 0, 0, 0, 0, 0, 0, 0, 0, 0, 0, 0, 0, 0, 0, 0, 0, 0, 0, 0, 0, 0, 0, 0, 0, 0, 0, 0, 0, 0, 0, 0, 0, 0, 0, 0, 0, 0, 0, 0, 0, 0, 0, 0, 0, 0, 0, 0, 0, 0, 0, 0, 0, 0, 0, 0, 0, 0, 0, 0, 0, 0, 0, 0, 0, 0, 0, 0, 0, 0, 0, 0, 0, 0, 0, 0, 0, 0, 0, 0, 0, 0, 0, 0, 0, 0, 0, 0, 0, 0, 0, 0, 0, 0, 0, 0, 0, 0, 0, 0, 0, 0, 0, 0, 0, 0, 0, 0, 0, 0, 0, 0, 0, 0, 0, 0, 0, 0, 0, 0, 0, 0, 0, 0, 0, 0, 0, 0, 0, 0, 0, 0, 0, 0, 0, 0, 0, 0, 0, 0, 0, 0, 0, 0, 0, 0, 0, 0, 0, 0, 0, 0, 0, 0, 0, 0, 0, 0, 0, 0, 0, 0, 0, 0, 0, 0, 0, 0, 0, 0, 0, 0, 0, 0, 0, 0, 0, 0, 0, 0, 0, 0, 0, 0, 0, 0, 0, 0, 0, 0, 0, 0, 0, 0, 0, 0, 0, 0, 0, 0, 0, 0, 0, 0, 0, 0, 0, 0, 0, 0, 0, 0, 0, 0, 0, 0, 0, 0, 0, 0, 0, 0, 0, 0, 0, 0, 0, 0, 0, 0, 0, 0, 0, 0, 0, 0, 0, 0, 0, 0, 0, 0, 0, 0, 0, 0, 0, 0, 0, 0, 0, 0, 0, 0, 0, 0, 0, 0, 0, 0, 0, 0, 0, 0, 0, 0, 0, 0, 0, 0, 0, 0, 0, 0, 0, 0, 0, 0, 0, 0, 0, 0, 0, 0, 0, 0, 0, 0, 0, 0, 0, 0, 0, 0, 0, 0, 0, 0, 0, 0, 0, 0, 0, 0, 0, 0, 0, 0, 0, 0, 0, 0, 0, 0, 0, 0, 0, 0, 0, 0, 0, 0, 0, 0, 0, 0, 0, 0, 0, 0, 0, 0, 0, 0, 0, 0, 0, 0, 0, 0, 0, 0, 0, 0, 0, 0, 0, 0, 0, 0, 0, 0, 0, 0, 0, 0, 0, 0, 0, 0, 0, 0, 0, 0, 0, 0, 0, 0, 0, 0, 0, 0, 0, 0, 0, 0, 0, 0, 0, 0, 0, 0, 0, 0, 0, 0, 0, 0, 0, 0, 0, 0, 0, 0, 0, 0, 0, 0, 0, 0, 0, 0, 0, 0, 0, 0, 0, 0, 0, 0, 0, 0, 0, 0, 0, 0, 0, 0, 0, 0, 0, 0, 0, 0, 0, 0, 0, 0, 0, 0, 0, 0, 0, 0, 0, 0, 0, 0, 0, 0, 0, 0, 0, 0, 0, 0, 0, 0, 0, 0, 0, 0, 0, 0, 0, 0, 0, 0, 0, 0, 0, 0, 0, 0, 0, 0, 0, 0, 0, 0, 0, 0, 0, 0, 0, 0, 0, 0, 0, 0, 0, 0, 0, 0, 0, 0, 0, 0, 0, 0, 0, 0, 0, 0, 0, 0, 0, 0, 0, 0, 0, 0, 0, 0, 0, 0, 0, 0, 0, 0, 0, 0, 0, 0
0.24331, 0.243473265306122, 0.243636530612245, 0.243799795918367, 0.24396306122449, 0.244126326530612, 0.244289591836735, 0.244452857142857, 0.24461612244898, 0.244779387755102, 0.244942653061225, 0.245105918367347, 0.245269183673469, 0.245432448979592, 0.245595714285714, 0.245758979591837, 0.245922244897959, 0.246085510204082, 0.246248775510204, 0.246412040816327, 0.246575306122449, 0.246738571428572, 0.246901836734694, 0.247065102040816, 0.247228367346939, 0.247391632653061, 0.247554897959184, 0.247718163265306, 0.247881428571429, 0.248044693877551, 0.248207959183674, 0.248371224489796, 0.248534489795919, 0.248697755102041, 0.248861020408164, 0.249024285714286, 0.249187551020408, 0.249350816326531, 0.249514081632653, 0.249677346938776, 0.249840612244898, 0.250003877551021, 0.250167142857143, 0.250330408163266, 0.250493673469388, 0.25065693877551, 0.250820204081633, 0.250983469387755, 0.251146734693878, 0.25131, 0.24331, 0.236448606103953, 0.230054932704668, 0.224111824228762, 0.218602462935204, 0.213510368910979, 0.208819400069317, 0.204513752150645, 0.20057795872637, 0.196996891205564, 0.193755758844584, 0.190840108759598, 0.18823582594196, 0.185929133276316, 0.183906591561282, 0.182155099532493, 0.180661893887772, 0.179414549314156, 0.178400978516456, 0.177609432247023, 0.177028499336394, 0.176647106724443, 0.176454519491693, 0.176440340890457, 0.176594512375459, 0.17690731363364, 0.177369362612862, 0.177971615549264, 0.178705366993044, 0.179562249832497, 0.180534235316163, 0.181613633072985, 0.18279309113041, 0.184065595930399, 0.185424472343362, 0.186863383680042, 0.188376331701415, 0.189957656626689, 0.191602037139509, 0.193304490392488, 0.195060372010193, 0.196865376090722, 0.198715535206032, 0.200607220401142, 0.202537141192367, 0.204502345564721, 0.206500219968624, 0.208528489316033, 0.210585216976128, 0.212668804770643, 0.24331, 0.236448258623499, 0.2300542190611, 0.224110727898031, 0.218600969479455, 0.213508465906121, 0.208817077032596, 0.204511000468205, 0.200574771580814, 0.196993263503509, 0.193751687144208, 0.190835591198178, 0.188230862163409, 0.18592372435871, 0.183900739944378, 0.182148808945244, 0.180655169275833, 0.179407396767385, 0.178393405196402, 0.177601446314419, 0.177020109878634, 0.176638323683058, 0.176445353589823, 0.176430803560318, 0.176584615685803, 0.176897070217215, 0.177358785593871, 0.177960718470817, 0.178694163744611, 0.179550754577361, 0.18052246241887, 0.181601597026797, 0.182780806484751, 0.184053077218312, 0.185411734008959, 0.18685044000596, 0.188363196736268, 0.189944344112527, 0.191588560439277, 0.193290862417486, 0.195046605147536, 0.196851482130807, 0.198701525270005, 0.200593104868363, 0.202522929627882, 0.204488046646734, 0.206485841415971, 0.208514037815658, 0.210570698110557, 0.212654222945466, 0.24331, 0.236448258618006, 0.230054219049798, 0.224110727880403, 0.218600969454788, 0.213508465873514, 0.208817076990964, 0.204511000416288, 0.200574771517184, 0.196993263426575, 0.193751687052224, 0.190835591089252, 0.188230862035505, 0.185923724209657, 0.183900739771879, 0.18214880874688, 0.180655169049071, 0.179407396509582, 0.178393404904817, 0.177601445986216, 0.17702010951089, 0.176638323272768, 0.176445353133911, 0.176430803055638, 0.176584615129149, 0.176897069605331, 0.177358784923451, 0.177960717738515, 0.17869416294705, 0.179550753711135, 0.180522461480555, 0.181601596012955, 0.182780805391938, 0.184053076043085, 0.185411732747883, 0.186850438655611, 0.188363195293245, 0.189944342573457, 0.19158855880082, 0.193290860676343, 0.195046603300455, 0.196851480174593, 0.198701523201522, 0.200593102684543, 0.202522927325733, 0.204488044223344, 0.206485838868517, 0.208514035141412, 0.210570695306892, 0.212654220009864, 0.24331, 0.236448258617985, 0.230054219049759, 0.224110727880347, 0.218600969454716, 0.213508465873427, 0.208817076990862, 0.204511000416173, 0.200574771517055, 0.196993263426434, 0.19375168705207, 0.190835591089084, 0.188230862035324, 0.185923724209463, 0.183900739771672, 0.182148808746658, 0.180655169048836, 0.179407396509334, 0.178393404904556, 0.177601445985941, 0.177020109510602, 0.176638323272468, 0.176445353133599, 0.176430803055314, 0.176584615128816, 0.176897069604988, 0.177358784923099, 0.177960717738157, 0.178694162946686, 0.179550753710767, 0.180522461480184, 0.181601596012582, 0.182780805391566, 0.184053076042716, 0.185411732747517, 0.186850438655252, 0.188363195292894, 0.189944342573116, 0.191588558800491, 0.193290860676027, 0.195046603300156, 0.196851480174312, 0.19870152320126, 0.200593102684303, 0.202522927325515, 0.204488044223152, 0.206485838868352, 0.208514035141276, 0.210570695306787, 0.212654220009791, 0.24331, 0.236448258617973, 0.230054219049736, 0.224110727880315, 0.218600969454676, 0.21350846587338, 0.208817076990807, 0.20451100041611, 0.200574771516985, 0.196993263426356, 0.193751687051985, 0.190835591088991, 0.188230862035222, 0.185923724209352, 0.183900739771551, 0.182148808746528, 0.180655169048695, 0.179407396509183, 0.178393404904393, 0.177601445985768, 0.177020109510417, 0.176638323272273, 0.176445353133393, 0.176430803055098, 0.17658461512859, 0.176897069604753, 0.177358784922856, 0.177960717737907, 0.17869416294643, 0.179550753710505, 0.180522461479919, 0.181601596012315, 0.182780805391299, 0.184053076042449, 0.185411732747254, 0.186850438654992, 0.188363195292641, 0.18994434257287, 0.191588558800255, 0.193290860675803, 0.195046603299945, 0.196851480174117, 0.198701523201082, 0.200593102684144, 0.202522927325377, 0.204488044223037, 0.206485838868261, 0.208514035141211, 0.21057069530675, 0.212654220009784, 0.24331, 0.236448258617962, 0.230054219049715, 0.224110727880285, 0.218600969454638, 0.213508465873333, 0.208817076990754, 0.20451100041605, 0.200574771516917, 0.196993263426281, 0.193751687051902, 0.1908355910889, 0.188230862035123, 0.185923724209244, 0.183900739771433, 0.1821488087464, 0.180655169048557, 0.179407396509034, 0.178393404904234, 0.177601445985598, 0.177020109510237, 0.176638323272081, 0.176445353133191, 0.176430803054886, 0.176584615128369, 0.176897069604522, 0.177358784922618, 0.177960717737661, 0.178694162946178, 0.17955075371025, 0.18052246147966, 0.181601596012054, 0.182780805391037, 0.184053076042189, 0.185411732746996, 0.186850438654739, 0.188363195292394, 0.189944342572632, 0.191588558800026, 0.193290860675586, 0.195046603299742, 0.196851480173929, 0.198701523200912, 0.200593102683993, 0.202522927325247, 0.204488044222929, 0.206485838868178, 0.208514035141154, 0.210570695306722, 0.212654220009785, 0.24331, 0.23644825861795, 0.230054219049693, 0.224110727880254, 0.218600969454598, 0.213508465873286, 0.208817076990699, 0.204511000415988, 0.200574771516848, 0.196993263426204, 0.193751687051817, 0.190835591088807, 0.188230862035021, 0.185923724209133, 0.183900739771314, 0.182148808746271, 0.180655169048417, 0.179407396508884, 0.178393404904073, 0.177601445985425, 0.177020109510053, 0.176638323271887, 0.176445353132986, 0.176430803054671, 0.176584615128144, 0.176897069604289, 0.177358784922376, 0.177960717737413, 0.178694162945923, 0.17955075370999, 0.180522461479397, 0.181601596011789, 0.182780805390771, 0.184053076041924, 0.185411732746734, 0.186850438654482, 0.188363195292143, 0.189944342572388, 0.191588558799793, 0.193290860675365, 0.195046603299534, 0.196851480173736, 0.198701523200736, 0.200593102683836, 0.202522927325111, 0.204488044222816, 0.20648583886809, 0.208514035141092, 0.210570695306687, 0.212654220009781, 0.24331, 0.236448258617938, 0.230054219049671, 0.224110727880223, 0.218600969454559, 0.213508465873239, 0.208817076990645, 0.204511000415926, 0.20057477151678, 0.196993263426128, 0.193751687051734, 0.190835591088715, 0.188230862034921, 0.185923724209024, 0.183900739771195, 0.182148808746142, 0.180655169048279, 0.179407396508735, 0.178393404903913, 0.177601445985255, 0.177020109509872, 0.176638323271694, 0.176445353132783, 0.176430803054458, 0.176584615127921, 0.176897069604058, 0.177358784922137, 0.177960717737167, 0.178694162945671, 0.179550753709733, 0.180522461479137, 0.181601596011527, 0.182780805390509, 0.184053076041663, 0.185411732746476, 0.186850438654228, 0.188363195291895, 0.189944342572149, 0.191588558799564, 0.193290860675147, 0.19504660329933, 0.196851480173548, 0.198701523200565, 0.200593102683685, 0.202522927324981, 0.204488044222709, 0.206485838868008, 0.208514035141036, 0.21057069530666, 0.212654220009783, 0.24331, 0.236448258617926, 0.230054219049649, 0.224110727880191, 0.218600969454519, 0.213508465873191, 0.208817076990589, 0.204511000415863, 0.200574771516709, 0.19699326342605, 0.193751687051647, 0.190835591088621, 0.188230862034818, 0.185923724208912, 0.183900739771073, 0.18214880874601, 0.180655169048136, 0.179407396508581, 0.178393404903748, 0.177601445985079, 0.177020109509684, 0.176638323271496, 0.176445353132574, 0.176430803054239, 0.176584615127692, 0.176897069603819, 0.17735878492189, 0.177960717736912, 0.178694162945411, 0.179550753709468, 0.180522461478868, 0.181601596011256, 0.182780805390237, 0.184053076041392, 0.185411732746207, 0.186850438653963, 0.188363195291637, 0.189944342571898, 0.191588558799323, 0.193290860674918, 0.195046603299114, 0.196851480173346, 0.198701523200381, 0.200593102683519, 0.202522927324836, 0.204488044222587, 0.206485838867909, 0.208514035140964, 0.210570695306615, 0.212654220009768, 0.24331, 0.236448258617915, 0.230054219049627, 0.224110727880161, 0.21860096945448, 0.213508465873145, 0.208817076990536, 0.204511000415803, 0.200574771516642, 0.196993263425976, 0.193751687051566, 0.190835591088531, 0.18823086203472, 0.185923724208805, 0.183900739770957, 0.182148808745884, 0.180655169048, 0.179407396508435, 0.178393404903591, 0.177601445984911, 0.177020109509506, 0.176638323271307, 0.176445353132375, 0.17643080305403, 0.176584615127474, 0.176897069603592, 0.177358784921656, 0.177960717736671, 0.178694162945164, 0.179550753709216, 0.180522461478612, 0.181601596010999, 0.18278080538998, 0.184053076041136, 0.185411732745954, 0.186850438653715, 0.188363195291395, 0.189944342571665, 0.191588558799099, 0.193290860674706, 0.195046603298916, 0.196851480173165, 0.198701523200217, 0.200593102683374, 0.202522927324713, 0.204488044222486, 0.206485838867834, 0.208514035140915, 0.210570695306594, 0.212654220009777, 0.24331, 0.236448258617904, 0.230054219049606, 0.22411072788013, 0.218600969454442, 0.213508465873099, 0.208817076990483, 0.204511000415743, 0.200574771516575, 0.196993263425901, 0.193751687051483, 0.190835591088441, 0.188230862034621, 0.185923724208697, 0.18390073977084, 0.182148808745758, 0.180655169047863, 0.179407396508287, 0.178393404903433, 0.177601445984742, 0.177020109509327, 0.176638323271117, 0.176445353132174, 0.176430803053819, 0.176584615127254, 0.176897069603363, 0.177358784921419, 0.177960717736427, 0.178694162944914, 0.179550753708962, 0.180522461478355, 0.181601596010739, 0.18278080538972, 0.184053076040877, 0.185411732745699, 0.186850438653465, 0.188363195291151, 0.189944342571429, 0.191588558798873, 0.193290860674492, 0.195046603298716, 0.19685148017298, 0.19870152320005, 0.200593102683227, 0.202522927324586, 0.204488044222383, 0.206485838867755, 0.208514035140863, 0.21057069530657, 0.212654220009783, 0.24331, 0.236448258617892, 0.230054219049584, 0.2241107278801, 0.218600969454403, 0.213508465873052, 0.208817076990429, 0.204511000415682, 0.200574771516506, 0.196993263425826, 0.1937516870514, 0.19083559108835, 0.188230862034522, 0.185923724208589, 0.183900739770722, 0.18214880874563, 0.180655169047725, 0.179407396508139, 0.178393404903274, 0.177601445984572, 0.177020109509146, 0.176638323270925, 0.176445353131972, 0.176430803053607, 0.176584615127032, 0.176897069603133, 0.177358784921181, 0.177960717736182, 0.178694162944663, 0.179550753708706, 0.180522461478096, 0.181601596010478, 0.182780805389459, 0.184053076040617, 0.185411732745441, 0.186850438653212, 0.188363195290904, 0.189944342571191, 0.191588558798645, 0.193290860674276, 0.195046603298513, 0.196851480172793, 0.19870152319988, 0.200593102683076, 0.202522927324457, 0.204488044222276, 0.206485838867673, 0.208514035140807, 0.210570695306543, 0.212654220009786, 0.24331, 0.23644825861788, 0.230054219049562, 0.224110727880068, 0.218600969454363, 0.213508465873005, 0.208817076990374, 0.20451100041562, 0.200574771516437, 0.196993263425749, 0.193751687051315, 0.190835591088257, 0.18823086203442, 0.185923724208478, 0.183900739770602, 0.182148808745499, 0.180655169047584, 0.179407396507987, 0.178393404903112, 0.177601445984399, 0.177020109508961, 0.17663832327073, 0.176445353131766, 0.176430803053391, 0.176584615126807, 0.176897069602898, 0.177358784920938, 0.177960717735932, 0.178694162944407, 0.179550753708445, 0.180522461477831, 0.181601596010212, 0.182780805389192, 0.184053076040351, 0.185411732745178, 0.186850438652953, 0.188363195290652, 0.189944342570946, 0.19158855879841, 0.193290860674053, 0.195046603298303, 0.196851480172599, 0.198701523199703, 0.200593102682918, 0.20252292732432, 0.204488044222161, 0.206485838867583, 0.208514035140743, 0.210570695306507, 0.21265422000978, 0.24331, 0.236448258617869, 0.23005421904954, 0.224110727880038, 0.218600969454324, 0.213508465872959, 0.208817076990321, 0.204511000415559, 0.200574771516369, 0.196993263425673, 0.193751687051232, 0.190835591088166, 0.188230862034321, 0.18592372420837, 0.183900739770484, 0.182148808745372, 0.180655169047447, 0.179407396507839, 0.178393404902953, 0.177601445984229, 0.177020109508781, 0.176638323270539, 0.176445353131565, 0.176430803053179, 0.176584615126585, 0.176897069602668, 0.1773587849207, 0.177960717735687, 0.178694162944156, 0.179550753708189, 0.180522461477572, 0.181601596009951, 0.18278080538893, 0.184053076040091, 0.185411732744921, 0.1868504386527, 0.188363195290405, 0.189944342570708, 0.191588558798182, 0.193290860673836, 0.195046603298101, 0.196851480172411, 0.198701523199533, 0.200593102682767, 0.20252292732419, 0.204488044222054, 0.2064858388675, 0.208514035140687, 0.210570695306479, 0.212654220009782, 0.24331, 0.236448258617857, 0.230054219049519, 0.224110727880007, 0.218600969454286, 0.213508465872913, 0.208817076990267, 0.204511000415499, 0.200574771516302, 0.196993263425599, 0.19375168705115, 0.190835591088076, 0.188230862034222, 0.185923724208262, 0.183900739770367, 0.182148808745246, 0.18065516904731, 0.179407396507692, 0.178393404902795, 0.177601445984061, 0.177020109508602, 0.176638323270349, 0.176445353131364, 0.176430803052969, 0.176584615126366, 0.17689706960244, 0.177358784920463, 0.177960717735444, 0.178694162943907, 0.179550753707936, 0.180522461477315, 0.181601596009692, 0.182780805388671, 0.184053076039833, 0.185411732744666, 0.18685043865245, 0.188363195290161, 0.189944342570472, 0.191588558797956, 0.193290860673622, 0.195046603297901, 0.196851480172227, 0.198701523199366, 0.20059310268262, 0.202522927324064, 0.204488044221951, 0.206485838867422, 0.208514035140635, 0.210570695306456, 0.212654220009788, 0.24331, 0.236448258617845, 0.230054219049497, 0.224110727879976, 0.218600969454246, 0.213508465872865, 0.208817076990213, 0.204511000415437, 0.200574771516232, 0.196993263425522, 0.193751687051065, 0.190835591087983, 0.18823086203412, 0.185923724208152, 0.183900739770247, 0.182148808745115, 0.18065516904717, 0.179407396507541, 0.178393404902633, 0.177601445983888, 0.177020109508417, 0.176638323270154, 0.176445353131159, 0.176430803052753, 0.17658461512614, 0.176897069602205, 0.177358784920221, 0.177960717735194, 0.178694162943651, 0.179550753707675, 0.180522461477051, 0.181601596009425, 0.182780805388404, 0.184053076039567, 0.185411732744402, 0.186850438652191, 0.188363195289908, 0.189944342570227, 0.191588558797721, 0.193290860673399, 0.19504660329769, 0.196851480172032, 0.198701523199188, 0.200593102682461, 0.202522927323925, 0.204488044221836, 0.206485838867331, 0.20851403514057, 0.210570695306419, 0.212654220009781, 0.24331, 0.236448258617834, 0.230054219049475, 0.224110727879945, 0.218600969454207, 0.213508465872818, 0.208817076990158, 0.204511000415374, 0.200574771516163, 0.196993263425445, 0.19375168705098, 0.190835591087889, 0.188230862034018, 0.18592372420804, 0.183900739770126, 0.182148808744985, 0.180655169047029, 0.179407396507389, 0.17839340490247, 0.177601445983714, 0.177020109508232, 0.176638323269958, 0.176445353130952, 0.176430803052536, 0.176584615125913, 0.17689706960197, 0.177358784919977, 0.177960717734943, 0.178694162943394, 0.179550753707413, 0.180522461476785, 0.181601596009158, 0.182780805388135, 0.184053076039299, 0.185411732744137, 0.18685043865193, 0.188363195289654, 0.18994434256998, 0.191588558797484, 0.193290860673173, 0.195046603297479, 0.196851480171835, 0.198701523199009, 0.2005931026823, 0.202522927323786, 0.204488044221719, 0.206485838867238, 0.208514035140504, 0.21057069530638, 0.212654220009771, 0.24331, 0.236448258617822, 0.230054219049453, 0.224110727879914, 0.218600969454168, 0.213508465872772, 0.208817076990105, 0.204511000415315, 0.200574771516096, 0.196993263425371, 0.193751687050899, 0.1908355910878, 0.188230862033921, 0.185923724207934, 0.183900739770011, 0.182148808744859, 0.180655169046893, 0.179407396507243, 0.178393404902314, 0.177601445983547, 0.177020109508055, 0.17663832326977, 0.176445353130754, 0.176430803052328, 0.176584615125696, 0.176897069601743, 0.177358784919743, 0.177960717734702, 0.178694162943147, 0.179550753707161, 0.180522461476531, 0.181601596008901, 0.182780805387879, 0.184053076039044, 0.185411732743885, 0.186850438651683, 0.188363195289413, 0.189944342569748, 0.191588558797262, 0.193290860672963, 0.195046603297282, 0.196851480171655, 0.198701523198846, 0.200593102682157, 0.202522927323663, 0.204488044221619, 0.206485838867163, 0.208514035140456, 0.21057069530636, 0.212654220009782, 0.24331, 0.23644825861781, 0.230054219049431, 0.224110727879883, 0.218600969454128, 0.213508465872724, 0.208817076990049, 0.204511000415251, 0.200574771516025, 0.196993263425292, 0.193751687050812, 0.190835591087705, 0.188230862033817, 0.185923724207821, 0.183900739769888, 0.182148808744727, 0.18065516904675, 0.17940739650709, 0.178393404902149, 0.177601445983371, 0.177020109507867, 0.176638323269572, 0.176445353130545, 0.176430803052108, 0.176584615125466, 0.176897069601505, 0.177358784919496, 0.177960717734448, 0.178694162942887, 0.179550753706896, 0.180522461476262, 0.18160159600863, 0.182780805387607, 0.184053076038773, 0.185411732743617, 0.186850438651419, 0.188363195289155, 0.189944342569498, 0.191588558797021, 0.193290860672734, 0.195046603297066, 0.196851480171454, 0.198701523198662, 0.200593102681992, 0.202522927323519, 0.204488044221498, 0.206485838867066, 0.208514035140385, 0.210570695306317, 0.212654220009768, 0.24331, 0.236448258617799, 0.23005421904941, 0.224110727879853, 0.21860096945409, 0.213508465872679, 0.208817076989997, 0.204511000415193, 0.200574771515959, 0.19699326342522, 0.193751687050732, 0.190835591087618, 0.188230862033721, 0.185923724207717, 0.183900739769775, 0.182148808744604, 0.180655169046617, 0.179407396506946, 0.178393404901995, 0.177601445983207, 0.177020109507693, 0.176638323269387, 0.176445353130349, 0.176430803051904, 0.176584615125252, 0.176897069601283, 0.177358784919266, 0.177960717734211, 0.178694162942645, 0.17955075370665, 0.180522461476013, 0.181601596008379, 0.182780805387356, 0.184053076038524, 0.18541173274337, 0.186850438651177, 0.18836319528892, 0.189944342569271, 0.191588558796805, 0.19329086067253, 0.195046603296877, 0.19685148017128, 0.198701523198506, 0.200593102681856, 0.202522927323404, 0.204488044221406, 0.206485838867, 0.208514035140345, 0.210570695306306, 0.212654220009787, 0.24331, 0.236448258617787, 0.230054219049388, 0.224110727879822, 0.218600969454051, 0.213508465872632, 0.208817076989942, 0.20451100041513, 0.20057477151589, 0.196993263425143, 0.193751687050648, 0.190835591087525, 0.18823086203362, 0.185923724207606, 0.183900739769655, 0.182148808744474, 0.180655169046477, 0.179407396506795, 0.178393404901833, 0.177601445983033, 0.177020109507509, 0.176638323269192, 0.176445353130144, 0.176430803051688, 0.176584615125027, 0.176897069601048, 0.177358784919023, 0.177960717733961, 0.178694162942389, 0.179550753706389, 0.180522461475748, 0.181601596008113, 0.182780805387089, 0.184053076038258, 0.185411732743107, 0.186850438650918, 0.188363195288667, 0.189944342569026, 0.19158855879657, 0.193290860672307, 0.195046603296666, 0.196851480171085, 0.198701523198328, 0.200593102681697, 0.202522927323266, 0.204488044221291, 0.206485838866908, 0.20851403514028, 0.210570695306268, 0.21265422000978, 0.24331, 0.236448258617776, 0.230054219049366, 0.22411072787979, 0.218600969454011, 0.213508465872584, 0.208817076989888, 0.204511000415068, 0.200574771515821, 0.196993263425066, 0.193751687050563, 0.190835591087432, 0.188230862033518, 0.185923724207496, 0.183900739769534, 0.182148808744343, 0.180655169046336, 0.179407396506644, 0.178393404901671, 0.17760144598286, 0.177020109507324, 0.176638323268996, 0.176445353129938, 0.176430803051471, 0.176584615124801, 0.176897069600813, 0.17735878491878, 0.177960717733711, 0.178694162942132, 0.179550753706127, 0.180522461475483, 0.181601596007846, 0.182780805386821, 0.184053076037991, 0.185411732742843, 0.186850438650658, 0.188363195288413, 0.18994434256878, 0.191588558796334, 0.193290860672082, 0.195046603296455, 0.196851480170889, 0.198701523198149, 0.200593102681537, 0.202522927323127, 0.204488044221174, 0.206485838866816, 0.208514035140214, 0.21057069530623, 0.212654220009771, 0.24331, 0.236448258617764, 0.230054219049344, 0.22411072787976, 0.218600969453973, 0.213508465872538, 0.208817076989835, 0.204511000415008, 0.200574771515754, 0.196993263424991, 0.193751687050481, 0.190835591087342, 0.18823086203342, 0.185923724207389, 0.183900739769418, 0.182148808744217, 0.1806551690462, 0.179407396506498, 0.178393404901514, 0.177601445982692, 0.177020109507146, 0.176638323268807, 0.176445353129739, 0.176430803051262, 0.176584615124582, 0.176897069600586, 0.177358784918545, 0.177960717733469, 0.178694162941885, 0.179550753705875, 0.180522461475228, 0.181601596007589, 0.182780805386564, 0.184053076037735, 0.18541173274259, 0.18685043865041, 0.188363195288172, 0.189944342568547, 0.191588558796111, 0.193290860671871, 0.195046603296258, 0.196851480170708, 0.198701523197985, 0.200593102681392, 0.202522927323004, 0.204488044221074, 0.206485838866741, 0.208514035140165, 0.21057069530621, 0.21265422000978, 0.24331, 0.236448258617753, 0.230054219049322, 0.224110727879729, 0.218600969453934, 0.213508465872491, 0.20881707698978, 0.204511000414947, 0.200574771515685, 0.196993263424915, 0.193751687050397, 0.19083559108725, 0.18823086203332, 0.185923724207279, 0.183900739769299, 0.182148808744089, 0.180655169046061, 0.179407396506348, 0.178393404901354, 0.177601445982521, 0.177020109506964, 0.176638323268614, 0.176445353129535, 0.176430803051049, 0.176584615124359, 0.176897069600354, 0.177358784918305, 0.177960717733222, 0.178694162941632, 0.179550753705618, 0.180522461474967, 0.181601596007325, 0.1827808053863, 0.184053076037472, 0.18541173274233, 0.186850438650155, 0.188363195287923, 0.189944342568306, 0.19158855879588, 0.193290860671651, 0.195046603296052, 0.196851480170518, 0.198701523197812, 0.200593102681238, 0.202522927322871, 0.204488044220963, 0.206485838866655, 0.208514035140106, 0.210570695306178, 0.212654220009779, 0.24331, 0.236448258617741, 0.230054219049301, 0.224110727879699, 0.218600969453896, 0.213508465872446, 0.208817076989728, 0.204511000414887, 0.200574771515618, 0.196993263424842, 0.193751687050316, 0.190835591087161, 0.188230862033223, 0.185923724207173, 0.183900739769184, 0.182148808743964, 0.180655169045926, 0.179407396506203, 0.178393404901198, 0.177601445982355, 0.177020109506787, 0.176638323268427, 0.176445353129337, 0.176430803050841, 0.176584615124142, 0.176897069600128, 0.177358784918072, 0.177960717732982, 0.178694162941386, 0.179550753705367, 0.180522461474713, 0.18160159600707, 0.182780805386045, 0.184053076037218, 0.185411732742079, 0.186850438649908, 0.188363195287683, 0.189944342568075, 0.191588558795658, 0.193290860671442, 0.195046603295857, 0.196851480170338, 0.19870152319765, 0.200593102681096, 0.20252292732275, 0.204488044220865, 0.206485838866582, 0.208514035140059, 0.21057069530616, 0.212654220009791, 0.24331, 0.236448258617729, 0.230054219049279, 0.224110727879667, 0.218600969453855, 0.213508465872398, 0.208817076989672, 0.204511000414824, 0.200574771515548, 0.196993263424763, 0.19375168705023, 0.190835591087066, 0.188230862033119, 0.185923724207061, 0.183900739769062, 0.182148808743831, 0.180655169045783, 0.179407396506049, 0.178393404901033, 0.177601445982179, 0.1770201095066, 0.176638323268229, 0.176445353129128, 0.176430803050622, 0.176584615123913, 0.17689706959989, 0.177358784917826, 0.177960717732728, 0.178694162941126, 0.179550753705102, 0.180522461474445, 0.181601596006799, 0.182780805385773, 0.184053076036948, 0.185411732741811, 0.186850438649645, 0.188363195287425, 0.189944342567825, 0.191588558795418, 0.193290860671213, 0.195046603295641, 0.196851480170138, 0.198701523197467, 0.200593102680931, 0.202522927322606, 0.204488044220744, 0.206485838866485, 0.208514035139988, 0.210570695306116, 0.212654220009776, 0.24331, 0.236448258617718, 0.230054219049257, 0.224110727879637, 0.218600969453817, 0.213508465872352, 0.208817076989619, 0.204511000414764, 0.200574771515481, 0.196993263424689, 0.193751687050148, 0.190835591086977, 0.188230862033021, 0.185923724206954, 0.183900739768945, 0.182148808743706, 0.180655169045647, 0.179407396505903, 0.178393404900876, 0.177601445982011, 0.177020109506421, 0.17663832326804, 0.176445353128929, 0.176430803050413, 0.176584615123695, 0.176897069599663, 0.17735878491759, 0.177960717732486, 0.178694162940878, 0.17955075370485, 0.180522461474189, 0.181601596006542, 0.182780805385515, 0.184053076036691, 0.185411732741557, 0.186850438649396, 0.188363195287183, 0.18994434256759, 0.191588558795194, 0.193290860671001, 0.195046603295443, 0.196851480169955, 0.198701523197301, 0.200593102680785, 0.202522927322481, 0.204488044220642, 0.206485838866407, 0.208514035139937, 0.210570695306094, 0.212654220009784, 0.24331, 0.236448258617706, 0.230054219049236, 0.224110727879606, 0.218600969453778, 0.213508465872306, 0.208817076989565, 0.204511000414703, 0.200574771515413, 0.196993263424614, 0.193751687050065, 0.190835591086886, 0.188230862032921, 0.185923724206845, 0.183900739768828, 0.182148808743578, 0.180655169045509, 0.179407396505754, 0.178393404900717, 0.177601445981841, 0.17702010950624, 0.176638323267848, 0.176445353128727, 0.1764308030502, 0.176584615123473, 0.176897069599432, 0.177358784917352, 0.17796071773224, 0.178694162940626, 0.179550753704594, 0.180522461473929, 0.18160159600628, 0.182780805385253, 0.18405307603643, 0.185411732741299, 0.186850438649142, 0.188363195286935, 0.189944342567351, 0.191588558794964, 0.193290860670783, 0.195046603295238, 0.196851480169766, 0.19870152319713, 0.200593102680633, 0.202522927322349, 0.204488044220533, 0.206485838866323, 0.208514035139879, 0.210570695306064, 0.212654220009784, 0.24331, 0.236448258617695, 0.230054219049214, 0.224110727879576, 0.218600969453739, 0.213508465872259, 0.208817076989511, 0.204511000414642, 0.200574771515344, 0.196993263424538, 0.193751687049982, 0.190835591086794, 0.188230862032821, 0.185923724206736, 0.183900739768709, 0.18214880874345, 0.180655169045371, 0.179407396505605, 0.178393404900558, 0.177601445981671, 0.177020109506059, 0.176638323267656, 0.176445353128524, 0.176430803049988, 0.176584615123251, 0.176897069599202, 0.177358784917113, 0.177960717731994, 0.178694162940375, 0.179550753704337, 0.180522461473669, 0.181601596006018, 0.182780805384991, 0.184053076036169, 0.185411732741041, 0.186850438648888, 0.188363195286688, 0.189944342567112, 0.191588558794735, 0.193290860670566, 0.195046603295035, 0.196851480169578, 0.198701523196959, 0.200593102680481, 0.202522927322218, 0.204488044220425, 0.20648583886624, 0.208514035139822, 0.210570695306035, 0.212654220009785, 0.24331, 0.236448258617683, 0.230054219049192, 0.224110727879544, 0.218600969453699, 0.213508465872211, 0.208817076989456, 0.204511000414579, 0.200574771515274, 0.19699326342446, 0.193751687049896, 0.1908355910867, 0.188230862032719, 0.185923724206624, 0.183900739768588, 0.182148808743318, 0.180655169045229, 0.179407396505452, 0.178393404900394, 0.177601445981495, 0.177020109505873, 0.176638323267459, 0.176445353128316, 0.176430803049769, 0.176584615123023, 0.176897069598964, 0.177358784916868, 0.177960717731742, 0.178694162940116, 0.179550753704073, 0.180522461473402, 0.181601596005748, 0.18278080538472, 0.184053076035899, 0.185411732740774, 0.186850438648625, 0.188363195286431, 0.189944342566863, 0.191588558794496, 0.193290860670338, 0.19504660329482, 0.196851480169378, 0.198701523196776, 0.200593102680317, 0.202522927322075, 0.204488044220304, 0.206485838866143, 0.208514035139751, 0.210570695305992, 0.212654220009771, 0.24331, 0.236448258617672, 0.23005421904917, 0.224110727879514, 0.218600969453661, 0.213508465872166, 0.208817076989404, 0.204511000414521, 0.200574771515208, 0.196993263424387, 0.193751687049816, 0.190835591086612, 0.188230862032623, 0.18592372420652, 0.183900739768474, 0.182148808743195, 0.180655169045096, 0.179407396505309, 0.178393404900239, 0.177601445981331, 0.177020109505698, 0.176638323267273, 0.17644535312812, 0.176430803049564, 0.176584615122808, 0.176897069598741, 0.177358784916636, 0.177960717731504, 0.178694162939872, 0.179550753703825, 0.180522461473151, 0.181601596005496, 0.182780805384468, 0.184053076035648, 0.185411732740525, 0.186850438648382, 0.188363195286194, 0.189944342566635, 0.191588558794278, 0.193290860670132, 0.195046603294628, 0.196851480169202, 0.198701523196618, 0.200593102680178, 0.202522927321958, 0.20448804422021, 0.206485838866074, 0.208514035139709, 0.210570695305978, 0.212654220009787, 0.24331, 0.23644825861766, 0.230054219049148, 0.224110727879482, 0.218600969453621, 0.213508465872118, 0.208817076989348, 0.204511000414457, 0.200574771515137, 0.196993263424309, 0.193751687049729, 0.190835591086517, 0.188230862032519, 0.185923724206407, 0.183900739768351, 0.182148808743062, 0.180655169044952, 0.179407396505155, 0.178393404900074, 0.177601445981155, 0.17702010950551, 0.176638323267074, 0.176445353127911, 0.176430803049344, 0.176584615122578, 0.176897069598502, 0.177358784916389, 0.17796071773125, 0.178694162939612, 0.17955075370356, 0.180522461472882, 0.181601596005224, 0.182780805384195, 0.184053076035376, 0.185411732740256, 0.186850438648117, 0.188363195285935, 0.189944342566383, 0.191588558794036, 0.193290860669902, 0.195046603294411, 0.196851480169, 0.198701523196433, 0.200593102680012, 0.202522927321812, 0.204488044220087, 0.206485838865975, 0.208514035139636, 0.210570695305933, 0.212654220009771, 0.24331, 0.236448258617648, 0.230054219049126, 0.224110727879452, 0.218600969453582, 0.213508465872071, 0.208817076989294, 0.204511000414396, 0.200574771515069, 0.196993263424233, 0.193751687049645, 0.190835591086425, 0.188230862032419, 0.185923724206297, 0.183900739768232, 0.182148808742933, 0.180655169044813, 0.179407396505005, 0.178393404899914, 0.177601445980983, 0.177020109505328, 0.176638323266882, 0.176445353127708, 0.176430803049131, 0.176584615122356, 0.176897069598271, 0.17735878491615, 0.177960717731003, 0.178694162939359, 0.179550753703302, 0.180522461472621, 0.181601596004962, 0.182780805383932, 0.184053076035114, 0.185411732739997, 0.186850438647862, 0.188363195285687, 0.189944342566143, 0.191588558793805, 0.193290860669683, 0.195046603294206, 0.19685148016881, 0.198701523196261, 0.200593102679859, 0.20252292732168, 0.204488044219977, 0.20648583886589, 0.208514035139577, 0.210570695305902, 0.21265422000977, 0.24331, 0.236448258617637, 0.230054219049105, 0.224110727879421, 0.218600969453543, 0.213508465872025, 0.208817076989241, 0.204511000414335, 0.200574771515001, 0.196993263424158, 0.193751687049563, 0.190835591086335, 0.18823086203232, 0.18592372420619, 0.183900739768116, 0.182148808742807, 0.180655169044677, 0.179407396504858, 0.178393404899756, 0.177601445980815, 0.177020109505149, 0.176638323266692, 0.176445353127507, 0.17643080304892, 0.176584615122136, 0.176897069598042, 0.177358784915913, 0.177960717730759, 0.17869416293911, 0.179550753703048, 0.180522461472363, 0.181601596004702, 0.182780805383672, 0.184053076034856, 0.185411732739742, 0.186850438647612, 0.188363195285442, 0.189944342565907, 0.191588558793579, 0.193290860669468, 0.195046603294005, 0.196851480168625, 0.198701523196093, 0.20059310267971, 0.202522927321552, 0.204488044219872, 0.20648583886581, 0.208514035139523, 0.210570695305876, 0.212654220009775, 0.24331, 0.236448258617625, 0.230054219049083, 0.22411072787939, 0.218600969453504, 0.213508465871978, 0.208817076989187, 0.204511000414274, 0.200574771514933, 0.196993263424082, 0.19375168704948, 0.190835591086244, 0.18823086203222, 0.185923724206081, 0.183900739767998, 0.182148808742679, 0.180655169044539, 0.179407396504709, 0.178393404899597, 0.177601445980644, 0.177020109504967, 0.1766383232665, 0.176445353127305, 0.176430803048708, 0.176584615121914, 0.176897069597811, 0.177358784915674, 0.177960717730514, 0.178694162938858, 0.179550753702792, 0.180522461472104, 0.181601596004441, 0.18278080538341, 0.184053076034595, 0.185411732739483, 0.186850438647358, 0.188363195285195, 0.189944342565668, 0.19158855879335, 0.193290860669251, 0.195046603293801, 0.196851480168437, 0.198701523195922, 0.200593102679558, 0.202522927321421, 0.204488044219764, 0.206485838865726, 0.208514035139466, 0.210570695305847, 0.212654220009775, 0.24331, 0.236448258617614, 0.230054219049062, 0.22411072787936, 0.218600969453466, 0.213508465871933, 0.208817076989134, 0.204511000414215, 0.200574771514867, 0.196993263424009, 0.193751687049399, 0.190835591086155, 0.188230862032123, 0.185923724205975, 0.183900739767883, 0.182148808742554, 0.180655169044404, 0.179407396504565, 0.178393404899442, 0.177601445980479, 0.177020109504791, 0.176638323266313, 0.176445353127108, 0.176430803048501, 0.176584615121697, 0.176897069597586, 0.177358784915442, 0.177960717730274, 0.178694162938613, 0.179550753702543, 0.180522461471851, 0.181601596004186, 0.182780805383156, 0.184053076034342, 0.185411732739234, 0.186850438647113, 0.188363195284957, 0.189944342565437, 0.19158855879313, 0.193290860669043, 0.195046603293607, 0.196851480168258, 0.198701523195761, 0.200593102679417, 0.202522927321301, 0.204488044219668, 0.206485838865654, 0.208514035139421, 0.210570695305831, 0.212654220009789, 0.24331, 0.236448258617602, 0.23005421904904, 0.22411072787933, 0.218600969453428, 0.213508465871886, 0.208817076989081, 0.204511000414154, 0.200574771514799, 0.196993263423934, 0.193751687049316, 0.190835591086064, 0.188230862032024, 0.185923724205867, 0.183900739767765, 0.182148808742427, 0.180655169044266, 0.179407396504417, 0.178393404899283, 0.177601445980309, 0.177020109504611, 0.176638323266122, 0.176445353126906, 0.176430803048289, 0.176584615121476, 0.176897069597357, 0.177358784915204, 0.17796071773003, 0.178694162938363, 0.179550753702287, 0.180522461471593, 0.181601596003926, 0.182780805382895, 0.184053076034083, 0.185411732738977, 0.186850438646861, 0.188363195284711, 0.1899443425652, 0.191588558792902, 0.193290860668828, 0.195046603293405, 0.196851480168072, 0.198701523195592, 0.200593102679267, 0.202522927321173, 0.204488044219562, 0.206485838865573, 0.208514035139366, 0.210570695305804, 0.212654220009792, 0.24331, 0.236448258617591, 0.230054219049018, 0.224110727879299, 0.218600969453389, 0.21350846587184, 0.208817076989027, 0.204511000414093, 0.200574771514731, 0.196993263423858, 0.193751687049233, 0.190835591085973, 0.188230862031924, 0.185923724205759, 0.183900739767647, 0.182148808742299, 0.180655169044129, 0.179407396504268, 0.178393404899124, 0.177601445980139, 0.17702010950443, 0.17663832326593, 0.176445353126704, 0.176430803048077, 0.176584615121255, 0.176897069597126, 0.177358784914966, 0.177960717729784, 0.178694162938111, 0.179550753702031, 0.180522461471333, 0.181601596003665, 0.182780805382633, 0.184053076033822, 0.185411732738719, 0.186850438646607, 0.188363195284464, 0.189944342564961, 0.191588558792673, 0.19329086066861, 0.195046603293201, 0.196851480167884, 0.198701523195421, 0.200593102679115, 0.202522927321041, 0.204488044219453, 0.206485838865489, 0.208514035139308, 0.210570695305774, 0.212654220009792, 0.24331, 0.236448258617579, 0.230054219048997, 0.224110727879268, 0.21860096945335, 0.213508465871793, 0.208817076988973, 0.204511000414032, 0.200574771514662, 0.196993263423782, 0.193751687049149, 0.190835591085881, 0.188230862031824, 0.185923724205649, 0.183900739767528, 0.18214880874217, 0.18065516904399, 0.179407396504119, 0.178393404898963, 0.177601445979968, 0.177020109504247, 0.176638323265737, 0.176445353126501, 0.176430803047863, 0.176584615121031, 0.176897069596894, 0.177358784914726, 0.177960717729537, 0.178694162937858, 0.179550753701773, 0.180522461471072, 0.181601596003401, 0.182780805382369, 0.184053076033559, 0.185411732738459, 0.186850438646352, 0.188363195284214, 0.189944342564719, 0.191588558792442, 0.19329086066839, 0.195046603292995, 0.196851480167693, 0.198701523195247, 0.200593102678961, 0.202522927320908, 0.204488044219342, 0.206485838865403, 0.208514035139248, 0.210570695305742, 0.212654220009789, 0.24331, 0.236448258617567, 0.230054219048975, 0.224110727879237, 0.21860096945331, 0.213508465871746, 0.208817076988919, 0.204511000413971, 0.200574771514594, 0.196993263423706, 0.193751687049066, 0.19083559108579, 0.188230862031724, 0.18592372420554, 0.18390073976741, 0.182148808742042, 0.180655169043851, 0.179407396503969, 0.178393404898803, 0.177601445979797, 0.177020109504066, 0.176638323265544, 0.176445353126298, 0.17643080304765, 0.176584615120809, 0.176897069596663, 0.177358784914486, 0.177960717729291, 0.178694162937605, 0.179550753701516, 0.180522461470811, 0.181601596003139, 0.182780805382106, 0.184053076033297, 0.1854117327382, 0.186850438646097, 0.188363195283966, 0.189944342564479, 0.191588558792211, 0.193290860668171, 0.19504660329279, 0.196851480167503, 0.198701523195075, 0.200593102678807, 0.202522927320776, 0.204488044219233, 0.206485838865318, 0.208514035139189, 0.210570695305711, 0.212654220009788, 0.24331, 0.236448258617556, 0.230054219048953, 0.224110727879206, 0.218600969453272, 0.2135084658717, 0.208817076988865, 0.20451100041391, 0.200574771514526, 0.196993263423631, 0.193751687048982, 0.190835591085698, 0.188230862031624, 0.185923724205431, 0.183900739767292, 0.182148808741914, 0.180655169043713, 0.179407396503821, 0.178393404898644, 0.177601445979627, 0.177020109503885, 0.176638323265353, 0.176445353126095, 0.176430803047438, 0.176584615120587, 0.176897069596432, 0.177358784914247, 0.177960717729045, 0.178694162937354, 0.17955075370126, 0.180522461470551, 0.181601596002877, 0.182780805381844, 0.184053076033036, 0.185411732737941, 0.186850438645843, 0.188363195283718, 0.189944342564239, 0.191588558791981, 0.193290860667953, 0.195046603292586, 0.196851480167314, 0.198701523194903, 0.200593102678655, 0.202522927320644, 0.204488044219124, 0.206485838865233, 0.208514035139131, 0.210570695305681, 0.212654220009787, 0.24331, 0.236448258617544, 0.230054219048931, 0.224110727879175, 0.218600969453232, 0.213508465871652, 0.208817076988809, 0.204511000413847, 0.200574771514455, 0.196993263423553, 0.193751687048897, 0.190835591085604, 0.188230862031521, 0.18592372420532, 0.18390073976717, 0.182148808741782, 0.180655169043571, 0.179407396503668, 0.17839340489848, 0.177601445979452, 0.177020109503698, 0.176638323265156, 0.176445353125888, 0.17643080304722, 0.176584615120359, 0.176897069596195, 0.177358784914002, 0.177960717728792, 0.178694162937095, 0.179550753700996, 0.180522461470284, 0.181601596002607, 0.182780805381574, 0.184053076032766, 0.185411732737674, 0.186850438645581, 0.188363195283462, 0.189944342563991, 0.191588558791742, 0.193290860667726, 0.195046603292371, 0.196851480167115, 0.198701523194721, 0.200593102678491, 0.202522927320501, 0.204488044219003, 0.206485838865137, 0.208514035139061, 0.210570695305638, 0.212654220009775, 0.24331, 0.236448258617532, 0.230054219048909, 0.224110727879144, 0.218600969453193, 0.213508465871605, 0.208817076988755, 0.204511000413786, 0.200574771514387, 0.196993263423477, 0.193751687048813, 0.190835591085513, 0.188230862031421, 0.185923724205211, 0.183900739767052, 0.182148808741654, 0.180655169043432, 0.179407396503519, 0.17839340489832, 0.177601445979281, 0.177020109503517, 0.176638323264963, 0.176445353125685, 0.176430803047007, 0.176584615120137, 0.176897069595964, 0.177358784913763, 0.177960717728546, 0.178694162936843, 0.179550753700739, 0.180522461470024, 0.181601596002345, 0.182780805381311, 0.184053076032505, 0.185411732737416, 0.186850438645327, 0.188363195283214, 0.189944342563751, 0.191588558791513, 0.193290860667508, 0.195046603292167, 0.196851480166926, 0.198701523194549, 0.200593102678339, 0.202522927320369, 0.204488044218895, 0.206485838865052, 0.208514035139003, 0.210570695305608, 0.212654220009774, 0.24331, 0.236448258617521, 0.230054219048887, 0.224110727879113, 0.218600969453154, 0.213508465871559, 0.208817076988701, 0.204511000413725, 0.200574771514319, 0.196993263423401, 0.19375168704873, 0.190835591085421, 0.188230862031321, 0.185923724205102, 0.183900739766933, 0.182148808741526, 0.180655169043294, 0.17940739650337, 0.178393404898161, 0.17760144597911, 0.177020109503336, 0.176638323264771, 0.176445353125482, 0.176430803046794, 0.176584615119915, 0.176897069595733, 0.177358784913524, 0.1779607177283, 0.178694162936591, 0.179550753700482, 0.180522461469764, 0.181601596002083, 0.182780805381048, 0.184053076032243, 0.185411732737157, 0.186850438645072, 0.188363195282966, 0.189944342563511, 0.191588558791282, 0.193290860667289, 0.195046603291962, 0.196851480166736, 0.198701523194377, 0.200593102678185, 0.202522927320237, 0.204488044218785, 0.206485838864967, 0.208514035138944, 0.210570695305577, 0.212654220009773, 0.24331, 0.236448258617509, 0.230054219048866, 0.224110727879083, 0.218600969453115, 0.213508465871513, 0.208817076988648, 0.204511000413665, 0.200574771514251, 0.196993263423327, 0.193751687048648, 0.190835591085332, 0.188230862031223, 0.185923724204995, 0.183900739766817, 0.1821488087414, 0.180655169043158, 0.179407396503224, 0.178393404898003, 0.177601445978943, 0.177020109503157, 0.176638323264582, 0.176445353125283, 0.176430803046585, 0.176584615119696, 0.176897069595505, 0.177358784913289, 0.177960717728058, 0.178694162936343, 0.17955075370023, 0.180522461469508, 0.181601596001825, 0.182780805380791, 0.184053076031987, 0.185411732736903, 0.186850438644823, 0.188363195282723, 0.189944342563276, 0.191588558791058, 0.193290860667077, 0.195046603291763, 0.196851480166553, 0.198701523194211, 0.200593102678039, 0.202522927320112, 0.204488044218682, 0.20648583886489, 0.208514035138893, 0.210570695305554, 0.21265422000978, 0.24331, 0.236448258617498, 0.230054219048845, 0.224110727879053, 0.218600969453077, 0.213508465871467, 0.208817076988596, 0.204511000413605, 0.200574771514185, 0.196993263423253, 0.193751687048567, 0.190835591085242, 0.188230862031126, 0.185923724204889, 0.183900739766702, 0.182148808741275, 0.180655169043023, 0.179407396503078, 0.178393404897848, 0.177601445978776, 0.17702010950298, 0.176638323264394, 0.176445353125084, 0.176430803046377, 0.176584615119478, 0.176897069595279, 0.177358784913055, 0.177960717727817, 0.178694162936096, 0.179550753699979, 0.180522461469253, 0.181601596001569, 0.182780805380534, 0.184053076031732, 0.185411732736651, 0.186850438644576, 0.188363195282482, 0.189944342563044, 0.191588558790835, 0.193290860666866, 0.195046603291566, 0.196851480166372, 0.198701523194047, 0.200593102677895, 0.202522927319988, 0.204488044218582, 0.206485838864814, 0.208514035138843, 0.210570695305533, 0.212654220009789, 0.24331, 0.236448258617486, 0.230054219048822, 0.224110727879021, 0.218600969453037, 0.213508465871419, 0.20881707698854, 0.204511000413542, 0.200574771514114, 0.196993263423175, 0.19375168704848, 0.190835591085148, 0.188230862031022, 0.185923724204776, 0.18390073976658, 0.182148808741143, 0.18065516904288, 0.179407396502924, 0.178393404897683, 0.1776014459786, 0.177020109502793, 0.176638323264196, 0.176445353124876, 0.176430803046158, 0.17658461511925, 0.176897069595041, 0.177358784912809, 0.177960717727564, 0.178694162935837, 0.179550753699714, 0.180522461468985, 0.181601596001299, 0.182780805380263, 0.184053076031461, 0.185411732736383, 0.186850438644312, 0.188363195282225, 0.189944342562794, 0.191588558790595, 0.193290860666637, 0.195046603291351, 0.196851480166171, 0.198701523193864, 0.20059310267773, 0.202522927319844, 0.20448804421846, 0.206485838864717, 0.208514035138772, 0.21057069530549, 0.212654220009774, 0.24331, 0.236448258617475, 0.230054219048801, 0.224110727878991, 0.218600969452998, 0.213508465871373, 0.208817076988487, 0.204511000413481, 0.200574771514047, 0.1969932634231, 0.193751687048398, 0.190835591085058, 0.188230862030924, 0.185923724204669, 0.183900739766463, 0.182148808741016, 0.180655169042743, 0.179407396502778, 0.178393404897525, 0.177601445978432, 0.177020109502614, 0.176638323264007, 0.176445353124676, 0.176430803045948, 0.17658461511903, 0.176897069594813, 0.177358784912573, 0.177960717727321, 0.178694162935588, 0.179550753699461, 0.180522461468729, 0.181601596001041, 0.182780805380005, 0.184053076031204, 0.185411732736129, 0.186850438644063, 0.188363195281982, 0.189944342562559, 0.191588558790371, 0.193290860666425, 0.195046603291152, 0.196851480165988, 0.198701523193698, 0.200593102677583, 0.202522927319719, 0.204488044218358, 0.206485838864639, 0.208514035138721, 0.210570695305466, 0.212654220009781, 0.24331, 0.236448258617463, 0.230054219048779, 0.22411072787896, 0.218600969452959, 0.213508465871326, 0.208817076988433, 0.20451100041342, 0.200574771513979, 0.196993263423025, 0.193751687048315, 0.190835591084966, 0.188230862030824, 0.18592372420456, 0.183900739766344, 0.182148808740888, 0.180655169042605, 0.179407396502628, 0.178393404897365, 0.177601445978261, 0.177020109502432, 0.176638323263814, 0.176445353124473, 0.176430803045735, 0.176584615118807, 0.176897069594582, 0.177358784912333, 0.177960717727074, 0.178694162935335, 0.179550753699203, 0.180522461468468, 0.181601596000777, 0.182780805379741, 0.184053076030941, 0.185411732735869, 0.186850438643807, 0.188363195281732, 0.189944342562317, 0.191588558790138, 0.193290860666204, 0.195046603290945, 0.196851480165796, 0.198701523193523, 0.200593102677427, 0.202522927319584, 0.204488044218245, 0.20648583886455, 0.208514035138658, 0.210570695305432, 0.212654220009776
0, 0, 0, 0, 0, 0, 0, 0, 0, 0, 0, 0, 0, 0, 0, 0, 0, 0, 0, 0, 0, 0, 0, 0, 0, 0, 0, 0, 0, 0, 0, 0, 0, 0, 0, 0, 0, 0, 0, 0, 0, 0, 0, 0, 0, 0, 0, 0, 0, 0, 0, 0, 0, 0, 0, 0, 0, 0, 0, 0, 0, 0, 0, 0, 0, 0, 0, 0, 0, 0, 0, 0, 0, 0, 0, 0, 0, 0, 0, 0, 0, 0, 0, 0, 0, 0, 0, 0, 0, 0, 0, 0, 0, 0, 0, 0, 0, 0, 0, 0, 0, 0, 0, 0, 0, 0, 0, 0, 0, 0, 0, 0, 0, 0, 0, 0, 0, 0, 0, 0, 0, 0, 0, 0, 0, 0, 0, 0, 0, 0, 0, 0, 0, 0, 0, 0, 0, 0, 0, 0, 0, 0, 0, 0, 0, 0, 0, 0, 0, 0, 0, 0, 0, 0, 0, 0, 0, 0, 0, 0, 0, 0, 0, 0, 0, 0, 0, 0, 0, 0, 0, 0, 0, 0, 0, 0, 0, 0, 0, 0, 0, 0, 0, 0, 0, 0, 0, 0, 0, 0, 0, 0, 0, 0, 0, 0, 0, 0, 0, 0, 0, 0, 0, 0, 0, 0, 0, 0, 0, 0, 0, 0, 0, 0, 0, 0, 0, 0, 0, 0, 0, 0, 0, 0, 0, 0, 0, 0, 0, 0, 0, 0, 0, 0, 0, 0, 0, 0, 0, 0, 0, 0, 0, 0, 0, 0, 0, 0, 0, 0, 0, 0, 0, 0, 0, 0, 0, 0, 0, 0, 0, 0, 0, 0, 0, 0, 0, 0, 0, 0, 0, 0, 0, 0, 0, 0, 0, 0, 0, 0, 0, 0, 0, 0, 0, 0, 0, 0, 0, 0, 0, 0, 0, 0, 0, 0, 0, 0, 0, 0, 0, 0, 0, 0, 0, 0, 0, 0, 0, 0, 0, 0, 0, 0, 0, 0, 0, 0, 0, 0, 0, 0, 0, 0, 0, 0, 0, 0, 0, 0, 0, 0, 0, 0, 0, 0, 0, 0, 0, 0, 0, 0, 0, 0, 0, 0, 0, 0, 0, 0, 0, 0, 0, 0, 0, 0, 0, 0, 0, 0, 0, 0, 0, 0, 0, 0, 0, 0, 0, 0, 0, 0, 0, 0, 0, 0, 0, 0, 0, 0, 0, 0, 0, 0, 0, 0, 0, 0, 0, 0, 0, 0, 0, 0, 0, 0, 0, 0, 0, 0, 0, 0, 0, 0, 0, 0, 0, 0, 0, 0, 0, 0, 0, 0, 0, 0, 0, 0, 0, 0, 0, 0, 0, 0, 0, 0, 0, 0, 0, 0, 0, 0, 0, 0, 0, 0, 0, 0, 0, 0, 0, 0, 0, 0, 0, 0, 0, 0, 0, 0, 0, 0, 0, 0, 0, 0, 0, 0, 0, 0, 0, 0, 0, 0, 0, 0, 0, 0, 0, 0, 0, 0, 0, 0, 0, 0, 0, 0, 0, 0, 0, 0, 0, 0, 0, 0, 0, 0, 0, 0, 0, 0, 0, 0, 0, 0, 0, 0, 0, 0, 0, 0, 0, 0, 0, 0, 0, 0, 0, 0, 0, 0, 0, 0, 0, 0, 0, 0, 0, 0, 0, 0, 0, 0, 0, 0, 0, 0, 0, 0, 0, 0, 0, 0, 0, 0, 0, 0, 0, 0, 0, 0, 0, 0, 0, 0, 0, 0, 0, 0, 0, 0, 0, 0, 0, 0, 0, 0, 0, 0, 0, 0, 0, 0, 0, 0, 0, 0, 0, 0, 0, 0, 0, 0, 0, 0, 0, 0, 0, 0, 0, 0, 0, 0, 0, 0, 0, 0, 0, 0, 0, 0, 0, 0, 0, 0, 0, 0, 0, 0, 0, 0, 0, 0, 0, 0, 0, 0, 0, 0, 0, 0, 0, 0, 0, 0, 0, 0, 0, 0, 0, 0, 0, 0, 0, 0, 0, 0, 0, 0, 0, 0, 0, 0, 0, 0, 0, 0, 0, 0, 0, 0, 0, 0, 0, 0, 0, 0, 0, 0, 0, 0, 0, 0, 0, 0, 0, 0, 0, 0, 0, 0, 0, 0, 0, 0, 0, 0, 0, 0, 0, 0, 0, 0, 0, 0, 0, 0, 0, 0, 0, 0, 0, 0, 0, 0, 0, 0, 0, 0, 0, 0, 0, 0, 0, 0, 0, 0, 0, 0, 0, 0, 0, 0, 0, 0, 0, 0, 0, 0, 0, 0, 0, 0, 0, 0, 0, 0, 0, 0, 0, 0, 0, 0, 0, 0, 0, 0, 0, 0, 0, 0, 0, 0, 0, 0, 0, 0, 0, 0, 0, 0, 0, 0, 0, 0, 0, 0, 0, 0, 0, 0, 0, 0, 0, 0, 0, 0, 0, 0, 0, 0, 0, 0, 0, 0, 0, 0, 0, 0, 0, 0, 0, 0, 0, 0, 0, 0, 0, 0, 0, 0, 0, 0, 0, 0, 0, 0, 0, 0, 0, 0, 0, 0, 0, 0, 0, 0, 0, 0, 0, 0, 0, 0, 0, 0, 0, 0, 0, 0, 0, 0, 0, 0, 0, 0, 0, 0, 0, 0, 0, 0, 0, 0, 0, 0, 0, 0, 0, 0, 0, 0, 0, 0, 0, 0, 0, 0, 0, 0, 0, 0, 0, 0, 0, 0, 0, 0, 0, 0, 0, 0, 0, 0, 0, 0, 0, 0, 0, 0, 0, 0, 0, 0, 0, 0, 0, 0, 0, 0, 0, 0, 0, 0, 0, 0, 0, 0, 0, 0, 0, 0, 0, 0, 0, 0, 0, 0, 0, 0, 0, 0, 0, 0, 0, 0, 0, 0, 0, 0, 0, 0, 0, 0, 0, 0, 0, 0, 0, 0, 0, 0, 0, 0, 0, 0, 0, 0, 0, 0, 0, 0, 0, 0, 0, 0, 0, 0, 0, 0, 0, 0, 0, 0, 0, 0, 0, 0, 0, 0, 0, 0, 0, 0, 0, 0, 0, 0, 0, 0, 0, 0, 0, 0, 0, 0, 0, 0, 0, 0, 0, 0, 0, 0, 0, 0, 0, 0, 0, 0, 0, 0, 0, 0, 0, 0, 0, 0, 0, 0, 0, 0, 0, 0, 0, 0, 0, 0, 0, 0, 0, 0, 0, 0, 0, 0, 0, 0, 0, 0, 0, 0, 0, 0, 0, 0, 0, 0, 0, 0, 0, 0, 0, 0, 0, 0, 0, 0, 0, 0, 0, 0, 0, 0, 0, 0, 0, 0, 0, 0, 0, 0, 0, 0, 0, 0, 0, 0, 0, 0, 0, 0, 0, 0, 0, 0, 0, 0, 0, 0, 0, 0, 0, 0, 0, 0, 0, 0, 0, 0, 0, 0, 0, 0, 0, 0, 0, 0, 0, 0, 0, 0, 0, 0, 0, 0, 0, 0, 0, 0, 0, 0, 0, 0, 0, 0, 0, 0, 0, 0, 0, 0, 0, 0, 0, 0, 0, 0, 0, 0, 0, 0, 0, 0, 0, 0, 0, 0, 0, 0, 0, 0, 0, 0, 0, 0, 0, 0, 0, 0, 0, 0, 0, 0, 0, 0, 0, 0, 0, 0, 0, 0, 0, 0, 0, 0, 0, 0, 0, 0, 0, 0, 0, 0, 0, 0, 0, 0, 0, 0, 0, 0, 0, 0, 0, 0, 0, 0, 0, 0, 0, 0, 0, 0, 0, 0, 0, 0, 0, 0, 0, 0, 0, 0, 0, 0, 0, 0, 0, 0, 0, 0, 0, 0, 0, 0, 0, 0, 0, 0, 0, 0, 0, 0, 0, 0, 0, 0, 0, 0, 0, 0, 0, 0, 0, 0, 0, 0, 0, 0, 0, 0, 0, 0, 0, 0, 0, 0, 0, 0, 0, 0, 0, 0, 0, 0, 0, 0, 0, 0, 0, 0, 0, 0, 0, 0, 0, 0, 0, 0, 0, 0, 0, 0, 0, 0, 0, 0, 0, 0, 0, 0, 0, 0, 0, 0, 0, 0, 0, 0, 0, 0, 0, 0, 0, 0, 0, 0, 0, 0, 0, 0, 0, 0, 0, 0, 0, 0, 0, 0, 0, 0, 0, 0, 0, 0, 0, 0, 0, 0, 0, 0, 0, 0, 0, 0, 0, 0, 0, 0, 0, 0, 0, 0, 0, 0, 0, 0, 0, 0, 0, 0, 0, 0, 0, 0, 0, 0, 0, 0, 0, 0, 0, 0, 0, 0, 0, 0, 0, 0, 0, 0, 0, 0, 0, 0, 0, 0, 0, 0, 0, 0, 0, 0, 0, 0, 0, 0, 0, 0, 0, 0, 0, 0, 0, 0, 0, 0, 0, 0, 0, 0, 0, 0, 0, 0, 0, 0, 0, 0, 0, 0, 0, 0, 0, 0, 0, 0, 0, 0, 0, 0, 0, 0, 0, 0, 0, 0, 0, 0, 0, 0, 0, 0, 0, 0, 0, 0, 0, 0, 0, 0, 0, 0, 0, 0, 0, 0, 0, 0, 0, 0, 0, 0, 0, 0, 0, 0, 0, 0, 0, 0, 0, 0, 0, 0, 0, 0, 0, 0, 0, 0, 0, 0, 0, 0, 0, 0, 0, 0, 0, 0, 0, 0, 0, 0, 0, 0, 0, 0, 0, 0, 0, 0, 0, 0, 0, 0, 0, 0, 0, 0, 0, 0, 0, 0, 0, 0, 0, 0, 0, 0, 0, 0, 0, 0, 0, 0, 0, 0, 0, 0, 0, 0, 0, 0, 0, 0, 0, 0, 0, 0, 0, 0, 0, 0, 0, 0, 0, 0, 0, 0, 0, 0, 0, 0, 0, 0, 0, 0, 0, 0, 0, 0, 0, 0, 0, 0, 0, 0, 0, 0, 0, 0, 0, 0, 0, 0, 0, 0, 0, 0, 0, 0, 0, 0, 0, 0, 0, 0, 0, 0, 0, 0, 0, 0, 0, 0, 0, 0, 0, 0, 0, 0, 0, 0, 0, 0, 0, 0, 0, 0, 0, 0, 0, 0, 0, 0, 0, 0, 0, 0, 0, 0, 0, 0, 0, 0, 0, 0, 0, 0, 0, 0, 0, 0, 0, 0, 0, 0, 0, 0, 0, 0, 0, 0, 0, 0, 0, 0, 0, 0, 0, 0, 0, 0, 0, 0, 0, 0, 0, 0, 0, 0, 0, 0, 0, 0, 0, 0, 0, 0, 0, 0, 0, 0, 0, 0, 0, 0, 0, 0, 0, 0, 0, 0, 0, 0, 0, 0, 0, 0, 0, 0, 0, 0, 0, 0, 0, 0, 0, 0, 0, 0, 0, 0, 0, 0, 0, 0, 0, 0, 0, 0, 0, 0, 0, 0, 0, 0, 0, 0, 0, 0, 0, 0, 0, 0, 0, 0, 0, 0, 0, 0, 0, 0, 0, 0, 0, 0, 0, 0, 0, 0, 0, 0, 0, 0, 0, 0, 0, 0, 0, 0, 0, 0, 0, 0, 0, 0, 0, 0, 0, 0, 0, 0, 0, 0, 0, 0, 0, 0, 0, 0, 0, 0, 0, 0, 0, 0, 0, 0, 0, 0, 0, 0, 0, 0, 0, 0, 0, 0, 0, 0, 0, 0, 0, 0, 0, 0, 0, 0, 0, 0, 0, 0, 0, 0, 0, 0, 0, 0, 0, 0, 0, 0, 0, 0, 0, 0, 0, 0, 0, 0, 0, 0, 0, 0, 0, 0, 0, 0, 0, 0, 0, 0, 0, 0, 0, 0, 0, 0, 0, 0, 0, 0, 0, 0, 0, 0, 0, 0, 0, 0, 0, 0, 0, 0, 0, 0, 0, 0, 0, 0, 0, 0, 0, 0, 0, 0, 0, 0, 0, 0, 0, 0, 0, 0, 0, 0, 0, 0, 0, 0, 0, 0, 0, 0, 0, 0, 0, 0, 0, 0, 0, 0, 0, 0, 0, 0, 0, 0, 0, 0, 0, 0, 0, 0, 0, 0, 0, 0, 0, 0, 0, 0, 0, 0, 0, 0, 0, 0, 0, 0, 0, 0, 0, 0, 0, 0, 0, 0, 0, 0, 0, 0, 0, 0, 0, 0, 0, 0, 0, 0, 0, 0, 0, 0, 0, 0, 0, 0, 0, 0, 0, 0, 0, 0, 0, 0, 0, 0, 0, 0, 0, 0, 0, 0, 0, 0, 0, 0, 0, 0, 0, 0, 0, 0, 0, 0, 0, 0, 0, 0, 0, 0, 0, 0, 0, 0, 0, 0, 0, 0, 0, 0, 0, 0, 0, 0, 0, 0, 0, 0, 0, 0, 0, 0, 0, 0, 0, 0, 0, 0, 0, 0, 0, 0, 0, 0, 0, 0, 0, 0, 0, 0, 0, 0, 0, 0, 0, 0, 0, 0, 0, 0, 0, 0, 0, 0, 0, 0, 0, 0, 0, 0, 0, 0, 0, 0, 0, 0, 0, 0, 0, 0, 0, 0, 0, 0, 0, 0, 0, 0, 0, 0, 0, 0, 0, 0, 0, 0, 0, 0, 0, 0, 0, 0, 0, 0, 0, 0, 0, 0, 0, 0, 0, 0, 0, 0, 0, 0, 0, 0, 0, 0, 0, 0, 0, 0, 0, 0, 0, 0, 0, 0, 0, 0, 0, 0, 0, 0, 0, 0, 0, 0, 0, 0, 0, 0, 0, 0, 0, 0, 0, 0, 0, 0, 0, 0, 0, 0, 0, 0, 0, 0, 0, 0, 0, 0, 0, 0, 0, 0, 0, 0, 0, 0, 0, 0, 0, 0, 0, 0, 0, 0, 0, 0, 0, 0, 0, 0, 0, 0, 0, 0, 0, 0, 0, 0, 0, 0, 0, 0, 0, 0, 0, 0, 0, 0, 0, 0, 0, 0, 0, 0, 0, 0, 0, 0, 0, 0, 0, 0, 0, 0, 0, 0, 0, 0, 0, 0, 0, 0, 0, 0, 0, 0, 0, 0, 0, 0, 0, 0, 0, 0, 0, 0, 0, 0, 0, 0, 0, 0, 0, 0, 0, 0, 0, 0, 0, 0, 0, 0, 0, 0, 0, 0, 0, 0, 0, 0, 0, 0, 0, 0, 0, 0, 0, 0, 0, 0, 0, 0, 0, 0, 0, 0, 0, 0, 0, 0, 0, 0, 0, 0, 0, 0, 0, 0, 0, 0, 0, 0, 0, 0, 0, 0, 0, 0, 0, 0, 0, 0, 0, 0, 0, 0, 0, 0, 0, 0, 0, 0, 0, 0, 0, 0, 0, 0, 0, 0, 0, 0, 0, 0, 0, 0, 0, 0, 0, 0, 0, 0, 0, 0, 0, 0, 0, 0, 0, 0, 0, 0, 0, 0, 0, 0, 0, 0, 0, 0, 0, 0, 0, 0, 0, 0, 0, 0, 0, 0, 0, 0, 0, 0, 0, 0, 0, 0, 0, 0, 0, 0, 0, 0, 0, 0, 0, 0, 0, 0, 0, 0, 0, 0, 0, 0, 0, 0, 0, 0, 0, 0, 0, 0, 0, 0, 0, 0, 0, 0, 0, 0, 0, 0, 0, 0, 0, 0, 0, 0, 0, 0, 0, 0, 0, 0, 0, 0, 0, 0, 0, 0, 0, 0, 0, 0, 0, 0, 0, 0, 0, 0, 0, 0, 0, 0, 0, 0, 0, 0, 0, 0, 0, 0, 0, 0, 0, 0, 0, 0, 0, 0, 0, 0, 0, 0, 0, 0, 0, 0, 0, 0, 0, 0, 0, 0, 0, 0, 0, 0, 0, 0, 0, 0, 0, 0, 0, 0, 0, 0, 0, 0, 0, 0, 0, 0, 0, 0, 0, 0, 0, 0, 0, 0, 0, 0, 0, 0, 0, 0, 0, 0, 0, 0, 0, 0, 0, 0, 0, 0, 0, 0, 0, 0, 0, 0, 0, 0, 0, 0, 0, 0, 0, 0, 0, 0, 0, 0, 0, 0, 0, 0, 0, 0, 0, 0, 0, 0, 0, 0, 0, 0, 0, 0, 0, 0, 0, 0, 0, 0, 0, 0, 0, 0, 0, 0, 0, 0, 0, 0, 0, 0, 0, 0, 0, 0, 0, 0
0, 0, 0, 0, 0, 0, 0, 0, 0, 0, 0, 0, 0, 0, 0, 0, 0, 0, 0, 0, 0, 0, 0, 0, 0, 0, 0, 0, 0, 0, 0, 0, 0, 0, 0, 0, 0, 0, 0, 0, 0, 0, 0, 0, 0, 0, 0, 0, 0, 0, 0, 0, 0, 0, 0, 0, 0, 0, 0, 0, 0, 0, 0, 0, 0, 0, 0, 0, 0, 0, 0, 0, 0, 0, 0, 0, 0, 0, 0, 0, 0, 0, 0, 0, 0, 0, 0, 0, 0, 0, 0, 0, 0, 0, 0, 0, 0, 0, 0, 0, 0, 0, 0, 0, 0, 0, 0, 0, 0, 0, 0, 0, 0, 0, 0, 0, 0, 0, 0, 0, 0, 0, 0, 0, 0, 0, 0, 0, 0, 0, 0, 0, 0, 0, 0, 0, 0, 0, 0, 0, 0, 0, 0, 0, 0, 0, 0, 0, 0, 0, 0, 0, 0, 0, 0, 0, 0, 0, 0, 0, 0, 0, 0, 0, 0, 0, 0, 0, 0, 0, 0, 0, 0, 0, 0, 0, 0, 0, 0, 0, 0, 0, 0, 0, 0, 0, 0, 0, 0, 0, 0, 0, 0, 0, 0, 0, 0, 0, 0, 0, 0, 0, 0, 0, 0, 0, 0, 0, 0, 0, 0, 0, 0, 0, 0, 0, 0, 0, 0, 0, 0, 0, 0, 0, 0, 0, 0, 0, 0, 0, 0, 0, 0, 0, 0, 0, 0, 0, 0, 0, 0, 0, 0, 0, 0, 0, 0, 0, 0, 0, 0, 0, 0, 0, 0, 0, 0, 0, 0, 0, 0, 0, 0, 0, 0, 0, 0, 0, 0, 0, 0, 0, 0, 0, 0, 0, 0, 0, 0, 0, 0, 0, 0, 0, 0, 0, 0, 0, 0, 0, 0, 0, 0, 0, 0, 0, 0, 0, 0, 0, 0, 0, 0, 0, 0, 0, 0, 0, 0, 0, 0, 0, 0, 0, 0, 0, 0, 0, 0, 0, 0, 0, 0, 0, 0, 0, 0, 0, 0, 0, 0, 0, 0, 0, 0, 0, 0, 0, 0, 0, 0, 0, 0, 0, 0, 0, 0, 0, 0, 0, 0, 0, 0, 0, 0, 0, 0, 0, 0, 0, 0, 0, 0, 0, 0, 0, 0, 0, 0, 0, 0, 0, 0, 0, 0, 0, 0, 0, 0, 0, 0, 0, 0, 0, 0, 0, 0, 0, 0, 0, 0, 0, 0, 0, 0, 0, 0, 0, 0, 0, 0, 0, 0, 0, 0, 0, 0, 0, 0, 0, 0, 0, 0, 0, 0, 0, 0, 0, 0, 0, 0, 0, 0, 0, 0, 0, 0, 0, 0, 0, 0, 0, 0, 0, 0, 0, 0, 0, 0, 0, 0, 0, 0, 0, 0, 0, 0, 0, 0, 0, 0, 0, 0, 0, 0, 0, 0, 0, 0, 0, 0, 0, 0, 0, 0, 0, 0, 0, 0, 0, 0, 0, 0, 0, 0, 0, 0, 0, 0, 0, 0, 0, 0, 0, 0, 0, 0, 0, 0, 0, 0, 0, 0, 0, 0, 0, 0, 0, 0, 0, 0, 0, 0, 0, 0, 0, 0, 0, 0, 0, 0, 0, 0, 0, 0, 0, 0, 0, 0, 0, 0, 0, 0, 0, 0, 0, 0, 0, 0, 0, 0, 0, 0, 0, 0, 0, 0, 0, 0, 0, 0, 0, 0, 0, 0, 0, 0, 0, 0, 0, 0, 0, 0, 0, 0, 0, 0, 0, 0, 0, 0, 0, 0, 0, 0, 0, 0, 0, 0, 0, 0, 0, 0, 0, 0, 0, 0, 0, 0, 0, 0, 0, 0, 0, 0, 0, 0, 0, 0, 0, 0, 0, 0, 0, 0, 0, 0, 0, 0, 0, 0, 0, 0, 0, 0, 0, 0, 0, 0, 0, 0, 0, 0, 0, 0, 0, 0, 0, 0, 0, 0, 0, 0, 0, 0, 0, 0, 0, 0, 0, 0, 0, 0, 0, 0, 0, 0, 0, 0, 0, 0, 0, 0, 0, 0, 0, 0, 0, 0, 0, 0, 0, 0, 0, 0, 0, 0, 0, 0, 0, 0, 0, 0, 0, 0, 0, 0, 0, 0, 0, 0, 0, 0, 0, 0, 0, 0, 0, 0, 0, 0, 0, 0, 0, 0, 0, 0, 0, 0, 0, 0, 0, 0, 0, 0, 0, 0, 0, 0, 0, 0, 0, 0, 0, 0, 0, 0, 0, 0, 0, 0, 0, 0, 0, 0, 0, 0, 0, 0, 0, 0, 0, 0, 0, 0, 0, 0, 0, 0, 0, 0, 0, 0, 0, 0, 0, 0, 0, 0, 0, 0, 0, 0, 0, 0, 0, 0, 0, 0, 0, 0, 0, 0, 0, 0, 0, 0, 0, 0, 0, 0, 0, 0, 0, 0, 0, 0, 0, 0, 0, 0, 0, 0, 0, 0, 0, 0, 0, 0, 0, 0, 0, 0, 0, 0, 0, 0, 0, 0, 0, 0, 0, 0, 0, 0, 0, 0, 0, 0, 0, 0, 0, 0, 0, 0, 0, 0, 0, 0, 0, 0, 0, 0, 0, 0, 0, 0, 0, 0, 0, 0, 0, 0, 0, 0, 0, 0, 0, 0, 0, 0, 0, 0, 0, 0, 0, 0, 0, 0, 0, 0, 0, 0, 0, 0, 0, 0, 0, 0, 0, 0, 0, 0, 0, 0, 0, 0, 0, 0, 0, 0, 0, 0, 0, 0, 0, 0, 0, 0, 0, 0, 0, 0, 0, 0, 0, 0, 0, 0, 0, 0, 0, 0, 0, 0, 0, 0, 0, 0, 0, 0, 0, 0, 0, 0, 0, 0, 0, 0, 0, 0, 0, 0, 0, 0, 0, 0, 0, 0, 0, 0, 0, 0, 0, 0, 0, 0, 0, 0, 0, 0, 0, 0, 0, 0, 0, 0, 0, 0, 0, 0, 0, 0, 0, 0, 0, 0, 0, 0, 0, 0, 0, 0, 0, 0, 0, 0, 0, 0, 0, 0, 0, 0, 0, 0, 0, 0, 0, 0, 0, 0, 0, 0, 0, 0, 0, 0, 0, 0, 0, 0, 0, 0, 0, 0, 0, 0, 0, 0, 0, 0, 0, 0, 0, 0, 0, 0, 0, 0, 0, 0, 0, 0, 0, 0, 0, 0, 0, 0, 0, 0, 0, 0, 0, 0, 0, 0, 0, 0, 0, 0, 0, 0, 0, 0, 0, 0, 0, 0, 0, 0, 0, 0, 0, 0, 0, 0, 0, 0, 0, 0, 0, 0, 0, 0, 0, 0, 0, 0, 0, 0, 0, 0, 0, 0, 0, 0, 0, 0, 0, 0, 0, 0, 0, 0, 0, 0, 0, 0, 0, 0, 0, 0, 0, 0, 0, 0, 0, 0, 0, 0, 0, 0, 0, 0, 0, 0, 0, 0, 0, 0, 0, 0, 0, 0, 0, 0, 0, 0, 0, 0, 0, 0, 0, 0, 0, 0, 0, 0, 0, 0, 0, 0, 0, 0, 0, 0, 0, 0, 0, 0, 0, 0, 0, 0, 0, 0, 0, 0, 0, 0, 0, 0, 0, 0, 0, 0, 0, 0, 0, 0, 0, 0, 0, 0, 0, 0, 0, 0, 0, 0, 0, 0, 0, 0, 0, 0, 0, 0, 0, 0, 0, 0, 0, 0, 0, 0, 0, 0, 0, 0, 0, 0, 0, 0, 0, 0, 0, 0, 0, 0, 0, 0, 0, 0, 0, 0, 0, 0, 0, 0, 0, 0, 0, 0, 0, 0, 0, 0, 0, 0, 0, 0, 0, 0, 0, 0, 0, 0, 0, 0, 0, 0, 0, 0, 0, 0, 0, 0, 0, 0, 0, 0, 0, 0, 0, 0, 0, 0, 0, 0, 0, 0, 0, 0, 0, 0, 0, 0, 0, 0, 0, 0, 0, 0, 0, 0, 0, 0, 0, 0, 0, 0, 0, 0, 0, 0, 0, 0, 0, 0, 0, 0, 0, 0, 0, 0, 0, 0, 0, 0, 0, 0, 0, 0, 0, 0, 0, 0, 0, 0, 0, 0, 0, 0, 0, 0, 0, 0, 0, 0, 0, 0, 0, 0, 0, 0, 0, 0, 0, 0, 0, 0, 0, 0, 0, 0, 0, 0, 0, 0, 0, 0, 0, 0, 0, 0, 0, 0, 0, 0, 0, 0, 0, 0, 0, 0, 0, 0, 0, 0, 0, 0, 0, 0, 0, 0, 0, 0, 0, 0, 0, 0, 0, 0, 0, 0, 0, 0, 0, 0, 0, 0, 0, 0, 0, 0, 0, 0, 0, 0, 0, 0, 0, 0, 0, 0, 0, 0, 0, 0, 0, 0, 0, 0, 0, 0, 0, 0, 0, 0, 0, 0, 0, 0, 0, 0, 0, 0, 0, 0, 0, 0, 0, 0, 0, 0, 0, 0, 0, 0, 0, 0, 0, 0, 0, 0, 0, 0, 0, 0, 0, 0, 0, 0, 0, 0, 0, 0, 0, 0, 0, 0, 0, 0, 0, 0, 0, 0, 0, 0, 0, 0, 0, 0, 0, 0, 0, 0, 0, 0, 0, 0, 0, 0, 0, 0, 0, 0, 0, 0, 0, 0, 0, 0, 0, 0, 0, 0, 0, 0, 0, 0, 0, 0, 0, 0, 0, 0, 0, 0, 0, 0, 0, 0, 0, 0, 0, 0, 0, 0, 0, 0, 0, 0, 0, 0, 0, 0, 0, 0, 0, 0, 0, 0, 0, 0, 0, 0, 0, 0, 0, 0, 0, 0, 0, 0, 0, 0, 0, 0, 0, 0, 0, 0, 0, 0, 0, 0, 0, 0, 0, 0, 0, 0, 0, 0, 0, 0, 0, 0, 0, 0, 0, 0, 0, 0, 0, 0, 0, 0, 0, 0, 0, 0, 0, 0, 0, 0, 0, 0, 0, 0, 0, 0, 0, 0, 0, 0, 0, 0, 0, 0, 0, 0, 0, 0, 0, 0, 0, 0, 0, 0, 0, 0, 0, 0, 0, 0, 0, 0, 0, 0, 0, 0, 0, 0, 0, 0, 0, 0, 0, 0, 0, 0, 0, 0, 0, 0, 0, 0, 0, 0, 0, 0, 0, 0, 0, 0, 0, 0, 0, 0, 0, 0, 0, 0, 0, 0, 0, 0, 0, 0, 0, 0, 0, 0, 0, 0, 0, 0, 0, 0, 0, 0, 0, 0, 0, 0, 0, 0, 0, 0, 0, 0, 0, 0, 0, 0, 0, 0, 0, 0, 0, 0, 0, 0, 0, 0, 0, 0, 0, 0, 0, 0, 0, 0, 0, 0, 0, 0, 0, 0, 0, 0, 0, 0, 0, 0, 0, 0, 0, 0, 0, 0, 0, 0, 0, 0, 0, 0, 0, 0, 0, 0, 0, 0, 0, 0, 0, 0, 0, 0, 0, 0, 0, 0, 0, 0, 0, 0, 0, 0, 0, 0, 0, 0, 0, 0, 0, 0, 0, 0, 0, 0, 0, 0, 0, 0, 0, 0, 0, 0, 0, 0, 0, 0, 0, 0, 0, 0, 0, 0, 0, 0, 0, 0, 0, 0, 0, 0, 0, 0, 0, 0, 0, 0, 0, 0, 0, 0, 0, 0, 0, 0, 0, 0, 0, 0, 0, 0, 0, 0, 0, 0, 0, 0, 0, 0, 0, 0, 0, 0, 0, 0, 0, 0, 0, 0, 0, 0, 0, 0, 0, 0, 0, 0, 0, 0, 0, 0, 0, 0, 0, 0, 0, 0, 0, 0, 0, 0, 0, 0, 0, 0, 0, 0, 0, 0, 0, 0, 0, 0, 0, 0, 0, 0, 0, 0, 0, 0, 0, 0, 0, 0, 0, 0, 0, 0, 0, 0, 0, 0, 0, 0, 0, 0, 0, 0, 0, 0, 0, 0, 0, 0, 0, 0, 0, 0, 0, 0, 0, 0, 0, 0, 0, 0, 0, 0, 0, 0, 0, 0, 0, 0, 0, 0, 0, 0, 0, 0, 0, 0, 0, 0, 0, 0, 0, 0, 0, 0, 0, 0, 0, 0, 0, 0, 0, 0, 0, 0, 0, 0, 0, 0, 0, 0, 0, 0, 0, 0, 0, 0, 0, 0, 0, 0, 0, 0, 0, 0, 0, 0, 0, 0, 0, 0, 0, 0, 0, 0, 0, 0, 0, 0, 0, 0, 0, 0, 0, 0, 0, 0, 0, 0, 0, 0, 0, 0, 0, 0, 0, 0, 0, 0, 0, 0, 0, 0, 0, 0, 0, 0, 0, 0, 0, 0, 0, 0, 0, 0, 0, 0, 0, 0, 0, 0, 0, 0, 0, 0, 0, 0, 0, 0, 0, 0, 0, 0, 0, 0, 0, 0, 0, 0, 0, 0, 0, 0, 0, 0, 0, 0, 0, 0, 0, 0, 0, 0, 0, 0, 0, 0, 0, 0, 0, 0, 0, 0, 0, 0, 0, 0, 0, 0, 0, 0, 0, 0, 0, 0, 0, 0, 0, 0, 0, 0, 0, 0, 0, 0, 0, 0, 0, 0, 0, 0, 0, 0, 0, 0, 0, 0, 0, 0, 0, 0, 0, 0, 0, 0, 0, 0, 0, 0, 0, 0, 0, 0, 0, 0, 0, 0, 0, 0, 0, 0, 0, 0, 0, 0, 0, 0, 0, 0, 0, 0, 0, 0, 0, 0, 0, 0, 0, 0, 0, 0, 0, 0, 0, 0, 0, 0, 0, 0, 0, 0, 0, 0, 0, 0, 0, 0, 0, 0, 0, 0, 0, 0, 0, 0, 0, 0, 0, 0, 0, 0, 0, 0, 0, 0, 0, 0, 0, 0, 0, 0, 0, 0, 0, 0, 0, 0, 0, 0, 0, 0, 0, 0, 0, 0, 0, 0, 0, 0, 0, 0, 0, 0, 0, 0, 0, 0, 0, 0, 0, 0, 0, 0, 0, 0, 0, 0, 0, 0, 0, 0, 0, 0, 0, 0, 0, 0, 0, 0, 0, 0, 0, 0, 0, 0, 0, 0, 0, 0, 0, 0, 0, 0, 0, 0, 0, 0, 0, 0, 0, 0, 0, 0, 0, 0, 0, 0, 0, 0, 0, 0, 0, 0, 0, 0, 0, 0, 0, 0, 0, 0, 0, 0, 0, 0, 0, 0, 0, 0, 0, 0, 0, 0, 0, 0, 0, 0, 0, 0, 0, 0, 0, 0, 0, 0, 0, 0, 0, 0, 0, 0, 0, 0, 0, 0, 0, 0, 0, 0, 0, 0, 0, 0, 0, 0, 0, 0, 0, 0, 0, 0, 0, 0, 0, 0, 0, 0, 0, 0, 0, 0, 0, 0, 0, 0, 0, 0, 0, 0, 0, 0, 0, 0, 0, 0, 0, 0, 0, 0, 0, 0, 0, 0, 0, 0, 0, 0, 0, 0, 0, 0, 0, 0, 0, 0, 0, 0, 0, 0, 0, 0, 0, 0, 0, 0, 0, 0, 0, 0, 0, 0, 0, 0, 0, 0, 0, 0, 0, 0, 0, 0, 0, 0, 0, 0, 0, 0, 0, 0, 0, 0, 0, 0, 0, 0, 0, 0, 0, 0, 0, 0, 0, 0, 0, 0, 0, 0, 0, 0, 0, 0, 0, 0, 0, 0, 0, 0, 0, 0, 0, 0, 0, 0, 0, 0, 0, 0, 0, 0, 0, 0, 0, 0, 0, 0, 0, 0, 0, 0, 0, 0, 0, 0, 0, 0, 0, 0, 0, 0, 0, 0, 0, 0, 0, 0, 0, 0, 0, 0, 0, 0, 0, 0, 0, 0, 0, 0, 0, 0, 0, 0, 0, 0, 0, 0, 0, 0, 0, 0, 0, 0, 0, 0, 0, 0, 0, 0, 0, 0, 0, 0, 0, 0, 0, 0, 0, 0, 0, 0, 0, 0, 0, 0, 0, 0, 0, 0, 0, 0, 0, 0, 0, 0, 0, 0, 0, 0, 0, 0, 0, 0, 0, 0, 0, 0, 0, 0, 0, 0, 0, 0, 0, 0, 0, 0, 0, 0, 0, 0, 0, 0, 0, 0, 0
0, 0.00397374094127447, 0.00795014743856726, 0.0119292194918784, 0.0159109571012078, 0.0198953602665556, 0.0238824289879217, 0.0278721632653061, 0.0318645630987089, 0.03585962848813, 0.0398573594335694, 0.0438577559350271, 0.0478608179925031, 0.0518665456059975, 0.0558749387755102, 0.0598859975010413, 0.0638997217825906, 0.0679161116201583, 0.0719351670137443, 0.0759568879633486, 0.0799812744689713, 0.0840083265306123, 0.0880380441482716, 0.0920704273219492, 0.0961054760516452, 0.100143190337359, 0.104183570179092, 0.108226615576843, 0.112272326530612, 0.1163207030404, 0.120371745106206, 0.12442545272803, 0.128481825905873, 0.132540864639734, 0.136602568929613, 0.14066693877551, 0.144733974177426, 0.14880367513536, 0.152876041649313, 0.156951073719284, 0.161028771345273, 0.16510913452728, 0.169192163265306, 0.17327785755935, 0.177366217409413, 0.181457242815494, 0.185550933777593, 0.18964729029571, 0.193746312369846, 0.197848, 0, -0.00118384520510712, -0.00244635768738459, -0.00377500371878373, -0.0051577116761202, -0.00658286285543443, -0.00803928228747051, -0.00951622955413311, -0.0110033896057591, -0.0124908635790193, -0.0139691596152483, -0.0154291836789842, -0.0168622303764911, -0.0182599737740297, -0.0196144582156391, -0.0209180891401985, -0.0221636238975434, -0.0233441625634244, -0.0244531387531161, -0.0254843104335018, -0.0264317507334882, -0.0272898387526283, -0.0280532503678643, -0.0287169490383283, -0.0292761766081752, -0.0297264441074465, -0.0300635225509979, -0.0302834337355488, -0.0303824410349344, -0.0303570401936668, -0.0302039501189259, -0.0299201036711172, -0.0295026384531441, -0.0289488875985492, -0.0282563705586826, -0.0274227838890565, -0.0264459920350409, -0.0253240181170517, -0.024055034715374, -0.0226373546547542, -0.0210694217888837, -0.0193498017848846, -0.0174771729078981, -0.0154503168058587, -0.0132681092945299, -0.0109295111428619, -0.00843355885871908, -0.00577935547501812, -0.00296606133630221, 7.11511422849106e-06, 0, -0.00118359261460155, -0.00244587483966529, -0.00377431343921699, -0.00515683722440123, -0.00658182786981037, -0.00803811073093197, -0.00951494566257451, -0.0110020178381078, -0.0124894285693337, -0.0139676861267856, -0.0154276965602371, -0.0168607545191951, -0.01825853407314, -0.0196130795312788, -0.0209167962615771, -0.0221624415088472, -0.0233431152116787, -0.0244522508180193, -0.0254836060992329, -0.0264312539624864, -0.0272895732613471, -0.0280532396044981, -0.0287172161625146, -0.0292767444726698, -0.0297273352417745, -0.0300647591470788, -0.0302850376352967, -0.0303844337198336, -0.0303594427763227, -0.0302067833365909, -0.0299233878811922, -0.0295063936306551, -0.0289531333355995, -0.0282611260658798, -0.027428067998915, -0.0264518232073594, -0.0253304144462655, -0.0240620139398824, -0.0226449341682223, -0.0210776186535185, -0.0193586327466867, -0.017486654413886, -0.0154604650232689, -0.01327894013199, -0.0109410402735377, -0.00844580174543612, -0.00579232739735636, -0.00297977741966446, -7.36013242543746e-06, 0, -0.0011835926115443, -0.00244587483198494, -0.00377431342535942, -0.00515683720282947, -0.00658182783900982, -0.00803811068941551, -0.00951494560888732, -0.011002017770832, -0.0124894284870932, -0.0139676860282497, -0.0154276964441255, -0.0168607543842811, -0.0182585339182547, -0.0196130793553145, -0.0209167960634907, -0.0221624412876634, -0.023343114966493, -0.0244522505480011, -0.0254836058036277, -0.0264312536406185, -0.0272895729126218, -0.028053239228404, -0.0287172157586252, -0.0292767440406455, -0.0297273347813638, -0.03006475865812, -0.030285037117719, -0.0303844331736579, -0.0303594422016625, -0.030206782733653, -0.0299233872502771, -0.0295063929721573, -0.0289531326500073, -0.0282611253537756, -0.0274280672609749, -0.0264518224443525, -0.0253304136590534, -0.0240620131294184, -0.0226449333355503, -0.0210776177997718, -0.0193586318730867, -0.0174866535217405, -0.0154604641139704, -0.0132789392070139, -0.0109410393344399, -0.00844580079385094, -0.00579232643499393, -0.00297977644830812, -7.35915392884512e-06, 0, -0.00118359261155034, -0.0024458748319963, -0.00377431342537539, -0.00515683720284937, -0.00658182783903302, -0.00803811068944144, -0.00951494560891547, -0.011002017770862, -0.0124894284871246, -0.0139676860282823, -0.0154276964441591, -0.0168607543843157, -0.0182585339182904, -0.0196130793553513, -0.0209167960635289, -0.0221624412877033, -0.023343114966535, -0.0244522505480457, -0.0254836058036753, -0.0264312536406698, -0.0272895729126773, -0.0280532392284643, -0.028717215758691, -0.0292767440407175, -0.0297273347814426, -0.0300647586582062, -0.0302850371178131, -0.0303844331737605, -0.030359442201774, -0.0302067827337739, -0.0299233872504076, -0.0295063929722977, -0.0289531326501578, -0.0282611253539363, -0.0274280672611457, -0.0264518224445333, -0.0253304136592441, -0.0240620131296186, -0.0226449333357595, -0.0210776177999898, -0.0193586318733126, -0.0174866535219739, -0.0154604641142105, -0.0132789392072598, -0.0109410393346908, -0.00844580079410587, -0.00579232643525184, -0.00297977644856791, -7.35915418936892e-06, 0, -0.00118359261155495, -0.0024458748320045, -0.00377431342538619, -0.00515683720286182, -0.00658182783904623, -0.00803811068945457, -0.00951494560892778, -0.0110020177708728, -0.0124894284871334, -0.0139676860282886, -0.0154276964441624, -0.0168607543843159, -0.0182585339182873, -0.0196130793553448, -0.0209167960635192, -0.0221624412876904, -0.0233431149665193, -0.0244522505480273, -0.0254836058036547, -0.0264312536406474, -0.0272895729126536, -0.0280532392284399, -0.0287172157586664, -0.0292767440406932, -0.0297273347814191, -0.030064758658184, -0.0302850371177927, -0.0303844331737424, -0.0303594422017586, -0.0302067827337615, -0.0299233872503985, -0.029506392972292, -0.0289531326501556, -0.0282611253539378, -0.0274280672611507, -0.0264518224445417, -0.0253304136592556, -0.0240620131296329, -0.0226449333357763, -0.0210776178000084, -0.0193586318733325, -0.0174866535219944, -0.0154604641142308, -0.0132789392072791, -0.0109410393347082, -0.00844580079412033, -0.00579232643526232, -0.00297977644857329, -7.35915418846123e-06, 0, -0.00118359261155958, -0.00244587483201274, -0.00377431342539704, -0.00515683720287434, -0.00658182783905951, -0.00803811068946779, -0.00951494560894018, -0.0110020177708837, -0.0124894284871422, -0.0139676860282949, -0.0154276964441659, -0.0168607543843163, -0.0182585339182844, -0.0196130793553386, -0.0209167960635097, -0.0221624412876778, -0.0233431149665037, -0.0244522505480092, -0.0254836058036344, -0.0264312536406254, -0.0272895729126303, -0.0280532392284158, -0.0287172157586421, -0.0292767440406691, -0.0297273347813959, -0.0300647586581622, -0.0302850371177728, -0.0303844331737247, -0.0303594422017436, -0.0302067827337495, -0.0299233872503897, -0.0295063929722867, -0.0289531326501539, -0.0282611253539397, -0.0274280672611561, -0.0264518224445505, -0.0253304136592676, -0.0240620131296477, -0.0226449333357934, -0.0210776178000274, -0.0193586318733529, -0.0174866535220154, -0.0154604641142516, -0.0132789392072989, -0.010941039334726, -0.0084458007941352, -0.00579232643527321, -0.00297977644857908, -7.3591541879664e-06, 0, -0.00118359261156418, -0.00244587483202092, -0.00377431342540783, -0.00515683720288678, -0.00658182783907271, -0.00803811068948092, -0.0095149456089525, -0.0110020177708946, -0.012489428487151, -0.0139676860283012, -0.0154276964441694, -0.0168607543843166, -0.0182585339182814, -0.0196130793553323, -0.0209167960635002, -0.0221624412876652, -0.0233431149664883, -0.0244522505479912, -0.0254836058036143, -0.0264312536406035, -0.0272895729126072, -0.028053239228392, -0.0287172157586181, -0.0292767440406455, -0.0297273347813732, -0.0300647586581409, -0.0302850371177534, -0.0303844331737076, -0.0303594422017293, -0.0302067827337382, -0.0299233872503818, -0.0295063929722824, -0.0289531326501533, -0.0282611253539426, -0.0274280672611628, -0.0264518224445606, -0.0253304136592809, -0.024062013129664, -0.0226449333358122, -0.0210776178000482, -0.019358631873375, -0.0174866535220382, -0.0154604641142744, -0.0132789392073208, -0.0109410393347461, -0.00844580079415256, -0.00579232643528674, -0.00297977644858765, -7.35915419040629e-06, 0, -0.00118359261156881, -0.00244587483202918, -0.00377431342541871, -0.00515683720289933, -0.00658182783908605, -0.00803811068949421, -0.00951494560896499, -0.0110020177709056, -0.01248942848716, -0.0139676860283077, -0.015427696444173, -0.0168607543843171, -0.0182585339182787, -0.0196130793553263, -0.0209167960634909, -0.0221624412876528, -0.023343114966473, -0.0244522505479734, -0.0254836058035943, -0.0264312536405817, -0.0272895729125842, -0.0280532392283682, -0.0287172157585941, -0.0292767440406218, -0.0297273347813504, -0.0300647586581195, -0.0302850371177337, -0.0303844331736903, -0.0303594422017146, -0.0302067827337266, -0.0299233872503735, -0.0295063929722775, -0.0289531326501519, -0.0282611253539449, -0.0274280672611686, -0.0264518224445698, -0.0253304136592933, -0.0240620131296791, -0.0226449333358298, -0.0210776178000676, -0.0193586318733957, -0.0174866535220595, -0.0154604641142955, -0.0132789392073408, -0.0109410393347642, -0.0084458007941677, -0.00579232643529787, -0.00297977644859365, -7.3591541900923e-06, 0, -0.00118359261157345, -0.00244587483203743, -0.00377431342542959, -0.00515683720291189, -0.0065818278390994, -0.00803811068950752, -0.00951494560897751, -0.0110020177709167, -0.0124894284871691, -0.0139676860283143, -0.0154276964441768, -0.0168607543843178, -0.0182585339182761, -0.0196130793553204, -0.0209167960634817, -0.0221624412876406, -0.023343114966458, -0.0244522505479558, -0.0254836058035745, -0.0264312536405603, -0.0272895729125615, -0.0280532392283448, -0.0287172157585705, -0.0292767440405986, -0.029727334781328, -0.0300647586580986, -0.0302850371177147, -0.0303844331736737, -0.0303594422017007, -0.0302067827337157, -0.029923387250366, -0.0295063929722735, -0.0289531326501516, -0.0282611253539482, -0.0274280672611755, -0.0264518224445802, -0.0253304136593068, -0.0240620131296956, -0.0226449333358487, -0.0210776178000885, -0.0193586318734179, -0.0174866535220824, -0.0154604641143183, -0.0132789392073627, -0.0109410393347842, -0.00844580079418491, -0.00579232643531118, -0.00297977644860195, -7.3591541922052e-06, 0, -0.00118359261157806, -0.00244587483204564, -0.00377431342544041, -0.00515683720292437, -0.00658182783911264, -0.0080381106895207, -0.00951494560898987, -0.0110020177709276, -0.0124894284871779, -0.0139676860283206, -0.0154276964441802, -0.0168607543843181, -0.0182585339182731, -0.0196130793553141, -0.0209167960634722, -0.0221624412876279, -0.0233431149664424, -0.0244522505479376, -0.0254836058035542, -0.0264312536405382, -0.0272895729125382, -0.0280532392283207, -0.0287172157585462, -0.0292767440405746, -0.0297273347813048, -0.0300647586580767, -0.0302850371176947, -0.0303844331736559, -0.0303594422016857, -0.0302067827337037, -0.0299233872503572, -0.0295063929722682, -0.0289531326501499, -0.0282611253539501, -0.0274280672611809, -0.026451822444589, -0.0253304136593188, -0.0240620131297104, -0.0226449333358659, -0.0210776178001076, -0.0193586318734383, -0.0174866535221034, -0.0154604641143392, -0.0132789392073826, -0.0109410393348022, -0.00844580079419995, -0.00579232643532226, -0.00297977644860795, -7.35915419193588e-06, 0, -0.0011835926115827, -0.0024458748320539, -0.00377431342545129, -0.00515683720293693, -0.00658182783912598, -0.008038110689534, -0.00951494560900238, -0.0110020177709386, -0.012489428487187, -0.0139676860283272, -0.0154276964441839, -0.0168607543843187, -0.0182585339182704, -0.0196130793553081, -0.0209167960634629, -0.0221624412876156, -0.0233431149664272, -0.0244522505479199, -0.0254836058035343, -0.0264312536405166, -0.0272895729125153, -0.0280532392282971, -0.0287172157585224, -0.0292767440405511, -0.0297273347812823, -0.0300647586580555, -0.0302850371176754, -0.0303844331736389, -0.0303594422016714, -0.0302067827336924, -0.0299233872503492, -0.0295063929722637, -0.028953132650149, -0.0282611253539529, -0.0274280672611872, -0.0264518224445987, -0.0253304136593317, -0.0240620131297261, -0.022644933335884, -0.0210776178001276, -0.0193586318734596, -0.0174866535221253, -0.0154604641143609, -0.0132789392074034, -0.0109410393348211, -0.00844580079421591, -0.00579232643533426, -0.00297977644861486, -7.3591541925825e-06, 0, -0.0011835926115873, -0.00244587483206208, -0.00377431342546208, -0.00515683720294936, -0.00658182783913915, -0.00803811068954708, -0.00951494560901462, -0.0110020177709493, -0.0124894284871956, -0.0139676860283333, -0.0154276964441871, -0.0168607543843187, -0.0182585339182672, -0.0196130793553015, -0.020916796063453, -0.0221624412876025, -0.0233431149664112, -0.0244522505479013, -0.0254836058035135, -0.026431253640494, -0.0272895729124914, -0.0280532392282724, -0.0287172157584974, -0.0292767440405264, -0.0297273347812583, -0.0300647586580329, -0.0302850371176546, -0.0303844331736203, -0.0303594422016554, -0.0302067827336794, -0.0299233872503395, -0.0295063929722574, -0.0289531326501462, -0.0282611253539536, -0.0274280672611914, -0.0264518224446063, -0.0253304136593424, -0.0240620131297395, -0.0226449333358998, -0.0210776178001452, -0.0193586318734785, -0.0174866535221447, -0.0154604641143801, -0.0132789392074215, -0.0109410393348372, -0.00844580079422903, -0.00579232643534335, -0.0029797764486188, -7.359154190176e-06, 0, -0.00118359261159196, -0.00244587483207039, -0.00377431342547303, -0.00515683720296202, -0.00658182783915262, -0.00803811068956052, -0.00951494560902729, -0.0110020177709606, -0.0124894284872049, -0.0139676860283401, -0.015427696444191, -0.0168607543843196, -0.0182585339182648, -0.0196130793552958, -0.0209167960634441, -0.0221624412875905, -0.0233431149663963, -0.0244522505478839, -0.0254836058034939, -0.0264312536404726, -0.0272895729124688, -0.0280532392282491, -0.0287172157584738, -0.0292767440405032, -0.029727334781236, -0.0300647586580119, -0.0302850371176354, -0.0303844331736035, -0.0303594422016412, -0.0302067827336683, -0.0299233872503316, -0.0295063929722529, -0.0289531326501453, -0.0282611253539563, -0.0274280672611977, -0.0264518224446159, -0.0253304136593551, -0.0240620131297551, -0.0226449333359177, -0.0210776178001649, -0.0193586318734994, -0.0174866535221662, -0.0154604641144014, -0.0132789392074417, -0.0109410393348554, -0.00844580079424434, -0.00579232643535462, -0.0029797764486249, -7.35915418993531e-06, 0, -0.00118359261159655, -0.00244587483207856, -0.00377431342548379, -0.00515683720297441, -0.00658182783916576, -0.00803811068957359, -0.00951494560903953, -0.0110020177709713, -0.0124894284872136, -0.0139676860283462, -0.0154276964441943, -0.0168607543843197, -0.0182585339182617, -0.0196130793552894, -0.0209167960634344, -0.0221624412875777, -0.0233431149663807, -0.0244522505478657, -0.0254836058034735, -0.0264312536404505, -0.0272895729124454, -0.028053239228225, -0.0287172157584496, -0.0292767440404793, -0.0297273347812129, -0.0300647586579903, -0.0302850371176157, -0.0303844331735861, -0.0303594422016265, -0.0302067827336566, -0.0299233872503233, -0.0295063929722481, -0.0289531326501441, -0.0282611253539588, -0.0274280672612038, -0.0264518224446255, -0.0253304136593679, -0.0240620131297708, -0.0226449333359359, -0.0210776178001851, -0.0193586318735211, -0.0174866535221886, -0.0154604641144237, -0.0132789392074631, -0.010941039334875, -0.00844580079426115, -0.0057923264353676, -0.00297977644863294, -7.35915419184221e-06, 0, -0.00118359261160118, -0.0024458748320868, -0.00377431342549466, -0.00515683720298696, -0.00658182783917908, -0.00803811068958686, -0.00951494560905199, -0.0110020177709823, -0.0124894284872225, -0.0139676860283527, -0.0154276964441979, -0.0168607543843202, -0.0182585339182589, -0.0196130793552833, -0.020916796063425, -0.0221624412875652, -0.0233431149663653, -0.0244522505478477, -0.0254836058034534, -0.0264312536404286, -0.0272895729124223, -0.0280532392282011, -0.0287172157584254, -0.0292767440404554, -0.0297273347811899, -0.0300647586579686, -0.0302850371175958, -0.0303844331735685, -0.0303594422016116, -0.0302067827336447, -0.0299233872503146, -0.0295063929722429, -0.0289531326501424, -0.0282611253539607, -0.0274280672612092, -0.0264518224446342, -0.0253304136593798, -0.0240620131297854, -0.0226449333359529, -0.0210776178002039, -0.0193586318735411, -0.0174866535222091, -0.0154604641144441, -0.0132789392074824, -0.0109410393348924, -0.00844580079427549, -0.00579232643537789, -0.00297977644863806, -7.35915419061792e-06, 0, -0.00118359261160578, -0.002445874832095, -0.00377431342550545, -0.00515683720299941, -0.00658182783919229, -0.0080381106896, -0.00951494560906433, -0.0110020177709932, -0.0124894284872313, -0.013967686028359, -0.0154276964442014, -0.0168607543843205, -0.0182585339182559, -0.0196130793552771, -0.0209167960634156, -0.0221624412875526, -0.0233431149663499, -0.0244522505478297, -0.0254836058034332, -0.0264312536404068, -0.0272895729123991, -0.0280532392281772, -0.0287172157584013, -0.0292767440404317, -0.0297273347811671, -0.0300647586579472, -0.0302850371175763, -0.0303844331735513, -0.0303594422015971, -0.0302067827336333, -0.0299233872503065, -0.0295063929722383, -0.0289531326501415, -0.0282611253539634, -0.0274280672612155, -0.026451822444644, -0.0253304136593928, -0.0240620131298013, -0.0226449333359712, -0.0210776178002243, -0.0193586318735628, -0.0174866535222315, -0.0154604641144664, -0.0132789392075038, -0.0109410393349119, -0.00844580079429222, -0.00579232643539075, -0.00297977644864594, -7.35915419232836e-06, 0, -0.00118359261161043, -0.00244587483210326, -0.00377431342551635, -0.00515683720301198, -0.00658182783920564, -0.00803811068961329, -0.00951494560907681, -0.0110020177710042, -0.0124894284872403, -0.0139676860283655, -0.0154276964442049, -0.016860754384321, -0.0182585339182531, -0.0196130793552708, -0.020916796063406, -0.02216244128754, -0.0233431149663343, -0.0244522505478116, -0.0254836058034128, -0.0264312536403845, -0.0272895729123756, -0.0280532392281529, -0.0287172157583767, -0.0292767440404073, -0.0297273347811435, -0.0300647586579249, -0.0302850371175558, -0.030384433173533, -0.0303594422015814, -0.0302067827336205, -0.0299233872502969, -0.0295063929722321, -0.0289531326501388, -0.0282611253539642, -0.0274280672612197, -0.0264518224446515, -0.0253304136594033, -0.0240620131298146, -0.0226449333359868, -0.0210776178002415, -0.0193586318735812, -0.0174866535222504, -0.015460464114485, -0.0132789392075213, -0.0109410393349273, -0.00844580079430457, -0.00579232643539898, -0.00297977644864892, -7.35915418887886e-06, 0, -0.00118359261161505, -0.00244587483211149, -0.0037743134255272, -0.00515683720302449, -0.00658182783921894, -0.00803811068962654, -0.00951494560908927, -0.0110020177710152, -0.0124894284872493, -0.013967686028372, -0.0154276964442086, -0.0168607543843215, -0.0182585339182504, -0.0196130793552648, -0.0209167960633968, -0.0221624412875277, -0.0233431149663191, -0.0244522505477939, -0.0254836058033929, -0.026431253640363, -0.0272895729123528, -0.0280532392281294, -0.028717215758353, -0.029276744040384, -0.029727334781121, -0.0300647586579038, -0.0302850371175366, -0.0303844331735161, -0.0303594422015673, -0.0302067827336094, -0.0299233872502891, -0.0295063929722279, -0.0289531326501381, -0.0282611253539672, -0.0274280672612263, -0.0264518224446615, -0.0253304136594165, -0.0240620131298306, -0.0226449333360053, -0.021077617800262, -0.019358631873603, -0.0174866535222728, -0.0154604641145073, -0.0132789392075426, -0.0109410393349467, -0.00844580079432112, -0.0057923264354116, -0.00297977644865648, -7.35915419020636e-06, 0, -0.00118359261161968, -0.00244587483211974, -0.00377431342553807, -0.00515683720303705, -0.00658182783923227, -0.00803811068963984, -0.00951494560910176, -0.0110020177710262, -0.0124894284872583, -0.0139676860283785, -0.0154276964442123, -0.0168607543843221, -0.0182585339182477, -0.0196130793552588, -0.0209167960633876, -0.0221624412875153, -0.0233431149663039, -0.0244522505477761, -0.025483605803373, -0.0264312536403413, -0.0272895729123298, -0.0280532392281056, -0.0287172157583291, -0.0292767440403604, -0.0297273347810983, -0.0300647586578824, -0.030285037117517, -0.0303844331734988, -0.0303594422015527, -0.0302067827335978, -0.0299233872502808, -0.029506392972223, -0.0289531326501368, -0.0282611253539695, -0.0274280672612322, -0.0264518224446708, -0.0253304136594289, -0.0240620131298458, -0.0226449333360229, -0.0210776178002815, -0.0193586318736237, -0.0174866535222942, -0.0154604641145284, -0.0132789392075628, -0.010941039334965, -0.00844580079433645, -0.00579232643542295, -0.00297977644866274, -7.35915419018771e-06, 0, -0.00118359261162432, -0.002445874832128, -0.00377431342554897, -0.00515683720304964, -0.00658182783924565, -0.00803811068965318, -0.00951494560911431, -0.0110020177710373, -0.0124894284872674, -0.0139676860283851, -0.015427696444216, -0.0168607543843227, -0.0182585339182451, -0.0196130793552529, -0.0209167960633784, -0.0221624412875031, -0.0233431149662888, -0.0244522505477584, -0.0254836058033532, -0.0264312536403197, -0.0272895729123071, -0.0280532392280821, -0.0287172157583053, -0.029276744040337, -0.0297273347810757, -0.0300647586578612, -0.0302850371174977, -0.0303844331734818, -0.0303594422015384, -0.0302067827335865, -0.0299233872502728, -0.0295063929722185, -0.0289531326501359, -0.0282611253539722, -0.0274280672612384, -0.0264518224446804, -0.0253304136594417, -0.0240620131298614, -0.0226449333360409, -0.0210776178003013, -0.0193586318736449, -0.017486653522316, -0.0154604641145501, -0.0132789392075834, -0.0109410393349837, -0.00844580079435226, -0.0057923264354348, -0.0029797764486695, -7.35915419068124e-06, 0, -0.00118359261162893, -0.0024458748321362, -0.00377431342555977, -0.00515683720306209, -0.00658182783925887, -0.00803811068966633, -0.00951494560912666, -0.0110020177710482, -0.0124894284872762, -0.0139676860283914, -0.0154276964442195, -0.0168607543843231, -0.0182585339182422, -0.0196130793552467, -0.020916796063369, -0.0221624412874905, -0.0233431149662734, -0.0244522505477405, -0.0254836058033331, -0.0264312536402979, -0.027289572912284, -0.0280532392280583, -0.0287172157582813, -0.0292767440403133, -0.0297273347810529, -0.0300647586578399, -0.0302850371174782, -0.0303844331734647, -0.0303594422015239, -0.0302067827335751, -0.0299233872502647, -0.0295063929722139, -0.028953132650135, -0.028261125353975, -0.0274280672612448, -0.0264518224446902, -0.0253304136594548, -0.0240620131298774, -0.0226449333360593, -0.0210776178003217, -0.0193586318736667, -0.0174866535223384, -0.0154604641145725, -0.0132789392076049, -0.0109410393350034, -0.00844580079436913, -0.00579232643544782, -0.00297977644867756, -7.35915419260462e-06, 0, -0.00118359261163353, -0.0024458748321444, -0.00377431342557057, -0.00515683720307453, -0.00658182783927206, -0.00803811068967944, -0.00951494560913894, -0.011002017771059, -0.0124894284872849, -0.0139676860283976, -0.0154276964442228, -0.0168607543843232, -0.018258533918239, -0.0196130793552402, -0.0209167960633592, -0.0221624412874776, -0.0233431149662576, -0.024452250547722, -0.0254836058033124, -0.0264312536402755, -0.0272895729122602, -0.0280532392280338, -0.0287172157582565, -0.0292767440402888, -0.0297273347810292, -0.0300647586578175, -0.0302850371174576, -0.0303844331734463, -0.0303594422015082, -0.0302067827335624, -0.0299233872502552, -0.0295063929722078, -0.0289531326501324, -0.0282611253539758, -0.0274280672612491, -0.0264518224446979, -0.0253304136594655, -0.0240620131298909, -0.0226449333360751, -0.0210776178003394, -0.0193586318736855, -0.0174866535223578, -0.0154604641145916, -0.0132789392076229, -0.0109410393350194, -0.00844580079438209, -0.00579232643545671, -0.00297977644868124, -7.35915418990018e-06, 0, -0.0011835926116381, -0.00244587483215253, -0.00377431342558128, -0.00515683720308688, -0.00658182783928515, -0.00803811068969245, -0.00951494560915112, -0.0110020177710697, -0.0124894284872936, -0.0139676860284037, -0.0154276964442261, -0.0168607543843234, -0.0182585339182359, -0.0196130793552338, -0.0209167960633495, -0.0221624412874648, -0.023343114966242, -0.0244522505477039, -0.0254836058032921, -0.0264312536402535, -0.027289572912237, -0.0280532392280098, -0.0287172157582324, -0.0292767440402651, -0.0297273347810064, -0.0300647586577961, -0.0302850371174382, -0.0303844331734292, -0.0303594422014938, -0.0302067827335511, -0.0299233872502473, -0.0295063929722034, -0.0289531326501317, -0.0282611253539789, -0.0274280672612559, -0.0264518224447081, -0.025330413659479, -0.0240620131299074, -0.0226449333360941, -0.0210776178003604, -0.019358631873708, -0.017486653522381, -0.0154604641146148, -0.0132789392076453, -0.01094103933504, -0.00844580079440001, -0.00579232643547085, -0.0029797764486905, -7.35915419309381e-06, 0, -0.00118359261164277, -0.00244587483216084, -0.00377431342559224, -0.00515683720309954, -0.00658182783929862, -0.0080381106897059, -0.0095149456091638, -0.0110020177710809, -0.0124894284873028, -0.0139676860284105, -0.01542769644423, -0.0168607543843242, -0.0182585339182335, -0.0196130793552281, -0.0209167960633406, -0.0221624412874528, -0.0233431149662271, -0.0244522505476865, -0.0254836058032725, -0.0264312536402321, -0.0272895729122144, -0.0280532392279865, -0.0287172157582089, -0.0292767440402418, -0.029727334780984, -0.030064758657775, -0.0302850371174189, -0.0303844331734122, -0.0303594422014796, -0.0302067827335398, -0.0299233872502393, -0.0295063929721989, -0.0289531326501307, -0.0282611253539814, -0.0274280672612619, -0.0264518224447176, -0.0253304136594915, -0.0240620131299227, -0.0226449333361118, -0.0210776178003799, -0.0193586318737287, -0.0174866535224023, -0.0154604641146359, -0.0132789392076653, -0.010941039335058, -0.00844580079441509, -0.0057923264354819, -0.00297977644869639, -7.35915419265449e-06, 0, -0.00118359261164739, -0.00244587483216906, -0.00377431342560308, -0.00515683720311204, -0.00658182783931189, -0.0080381106897191, -0.00951494560917619, -0.0110020177710918, -0.0124894284873117, -0.0139676860284169, -0.0154276964442335, -0.0168607543843246, -0.0182585339182306, -0.0196130793552219, -0.0209167960633311, -0.0221624412874401, -0.0233431149662115, -0.0244522505476683, -0.0254836058032522, -0.02643125364021, -0.027289572912191, -0.0280532392279623, -0.0287172157581845, -0.0292767440402177, -0.0297273347809607, -0.030064758657753, -0.0302850371173988, -0.0303844331733943, -0.0303594422014643, -0.0302067827335275, -0.0299233872502302, -0.0295063929721932, -0.0289531326501285, -0.0282611253539829, -0.0274280672612668, -0.0264518224447258, -0.0253304136595029, -0.0240620131299367, -0.0226449333361281, -0.0210776178003981, -0.0193586318737481, -0.0174866535224222, -0.0154604641146556, -0.0132789392076839, -0.0109410393350746, -0.00844580079442868, -0.00579232643549143, -0.00297977644870074, -7.3591541906253e-06, 0, -0.00118359261165201, -0.00244587483217728, -0.00377431342561391, -0.00515683720312454, -0.00658182783932516, -0.00803811068973232, -0.0095149456091886, -0.0110020177711028, -0.0124894284873206, -0.0139676860284233, -0.015427696444237, -0.016860754384325, -0.0182585339182277, -0.0196130793552157, -0.0209167960633216, -0.0221624412874276, -0.0233431149661961, -0.0244522505476504, -0.025483605803232, -0.0264312536401881, -0.0272895729121678, -0.0280532392279384, -0.0287172157581603, -0.0292767440401938, -0.0297273347809377, -0.0300647586577314, -0.030285037117379, -0.0303844331733768, -0.0303594422014495, -0.0302067827335157, -0.0299233872502216, -0.0295063929721881, -0.028953132650127, -0.028261125353985, -0.0274280672612724, -0.0264518224447348, -0.025330413659515, -0.0240620131299517, -0.0226449333361456, -0.0210776178004174, -0.0193586318737687, -0.0174866535224434, -0.0154604641146766, -0.0132789392077039, -0.0109410393350928, -0.00844580079444391, -0.0057923264355027, -0.00297977644870693, -7.35915419056892e-06, 0, -0.00118359261165664, -0.00244587483218554, -0.0037743134256248, -0.00515683720313711, -0.00658182783933851, -0.00803811068974563, -0.00951494560920112, -0.0110020177711139, -0.0124894284873296, -0.0139676860284298, -0.0154276964442407, -0.0168607543843256, -0.0182585339182251, -0.0196130793552097, -0.0209167960633124, -0.0221624412874153, -0.0233431149661809, -0.0244522505476326, -0.025483605803212, -0.0264312536401664, -0.0272895729121448, -0.0280532392279146, -0.0287172157581363, -0.0292767440401701, -0.0297273347809148, -0.0300647586577099, -0.0302850371173593, -0.0303844331733594, -0.0303594422014347, -0.0302067827335039, -0.0299233872502131, -0.029506392972183, -0.0289531326501255, -0.0282611253539869, -0.0274280672612779, -0.0264518224447436, -0.025330413659527, -0.0240620131299664, -0.0226449333361626, -0.0210776178004363, -0.0193586318737888, -0.0174866535224641, -0.015460464114697, -0.0132789392077233, -0.0109410393351101, -0.00844580079445831, -0.00579232643551307, -0.00297977644871214, -7.35915418942617e-06, 0, -0.00118359261166124, -0.00244587483219373, -0.00377431342563559, -0.00515683720314955, -0.00658182783935171, -0.00803811068975876, -0.00951494560921343, -0.0110020177711247, -0.0124894284873384, -0.0139676860284361, -0.0154276964442441, -0.0168607543843259, -0.0182585339182221, -0.0196130793552034, -0.0209167960633028, -0.0221624412874026, -0.0233431149661654, -0.0244522505476145, -0.0254836058031918, -0.0264312536401444, -0.0272895729121216, -0.0280532392278906, -0.0287172157581121, -0.0292767440401462, -0.0297273347808918, -0.0300647586576882, -0.0302850371173395, -0.0303844331733419, -0.0303594422014199, -0.0302067827334921, -0.0299233872502046, -0.029506392972178, -0.0289531326501241, -0.0282611253539892, -0.0274280672612838, -0.0264518224447529, -0.0253304136595394, -0.0240620131299818, -0.0226449333361804, -0.021077617800456, -0.0193586318738099, -0.0174866535224858, -0.0154604641147186, -0.013278939207744, -0.010941039335129, -0.00844580079447429, -0.00579232643552516, -0.00297977644871923, -7.35915419034254e-06, 0, -0.00118359261166589, -0.002445874832202, -0.0037743134256465, -0.00515683720316216, -0.00658182783936512, -0.00803811068977214, -0.00951494560922603, -0.0110020177711359, -0.0124894284873476, -0.0139676860284428, -0.015427696444248, -0.0168607543843267, -0.0182585339182196, -0.0196130793551977, -0.0209167960632939, -0.0221624412873906, -0.0233431149661505, -0.0244522505475971, -0.0254836058031722, -0.0264312536401231, -0.0272895729120991, -0.0280532392278674, -0.0287172157580887, -0.0292767440401232, -0.0297273347808696, -0.0300647586576674, -0.0302850371173205, -0.0303844331733253, -0.0303594422014059, -0.0302067827334812, -0.029923387250197, -0.0295063929721739, -0.0289531326501236, -0.0282611253539923, -0.0274280672612904, -0.026451822444763, -0.0253304136595527, -0.0240620131299978, -0.0226449333361988, -0.0210776178004763, -0.0193586318738315, -0.017486653522508, -0.0154604641147407, -0.0132789392077651, -0.0109410393351481, -0.00844580079449055, -0.00579232643553745, -0.00297977644872644, -7.35915419128406e-06, 0, -0.00118359261167046, -0.00244587483221014, -0.00377431342565721, -0.0051568372031745, -0.00658182783937819, -0.00803811068978513, -0.00951494560923818, -0.0110020177711465, -0.0124894284873562, -0.0139676860284489, -0.0154276964442512, -0.0168607543843267, -0.0182585339182164, -0.0196130793551911, -0.020916796063284, -0.0221624412873776, -0.0233431149661346, -0.0244522505475787, -0.0254836058031516, -0.0264312536401007, -0.0272895729120754, -0.028053239227843, -0.0287172157580641, -0.0292767440400989, -0.0297273347808462, -0.0300647586576454, -0.0302850371173004, -0.0303844331733074, -0.0303594422013908, -0.0302067827334691, -0.0299233872501882, -0.0295063929721685, -0.0289531326501218, -0.0282611253539941, -0.0274280672612958, -0.0264518224447718, -0.0253304136595647, -0.0240620131300127, -0.0226449333362161, -0.0210776178004955, -0.019358631873852, -0.0174866535225292, -0.0154604641147618, -0.0132789392077852, -0.0109410393351664, -0.00844580079450593, -0.00579232643554891, -0.00297977644873287, -7.35915419150437e-06, 0, -0.00118359261167508, -0.00244587483221837, -0.00377431342566807, -0.00515683720318702, -0.00658182783939149, -0.00803811068979838, -0.00951494560925064, -0.0110020177711575, -0.0124894284873651, -0.0139676860284553, -0.0154276964442548, -0.0168607543843272, -0.0182585339182136, -0.0196130793551851, -0.0209167960632747, -0.0221624412873652, -0.0233431149661193, -0.0244522505475608, -0.0254836058031316, -0.0264312536400789, -0.0272895729120524, -0.0280532392278192, -0.02871721575804, -0.0292767440400752, -0.0297273347808233, -0.0300647586576238, -0.0302850371172807, -0.03038443317329, -0.030359442201376, -0.0302067827334573, -0.0299233872501797, -0.0295063929721635, -0.0289531326501203, -0.0282611253539963, -0.0274280672613015, -0.0264518224447809, -0.0253304136595769, -0.0240620131300277, -0.0226449333362335, -0.0210776178005148, -0.0193586318738726, -0.0174866535225504, -0.0154604641147828, -0.0132789392078051, -0.0109410393351844, -0.00844580079452106, -0.00579232643556008, -0.00297977644873895, -7.35915419131702e-06, 0, -0.00118359261167967, -0.00244587483222654, -0.00377431342567882, -0.00515683720319942, -0.00658182783940464, -0.00803811068981145, -0.00951494560926289, -0.0110020177711683, -0.0124894284873739, -0.0139676860284615, -0.0154276964442581, -0.0168607543843274, -0.0182585339182106, -0.0196130793551787, -0.0209167960632651, -0.0221624412873524, -0.0233431149661037, -0.0244522505475426, -0.0254836058031112, -0.0264312536400569, -0.027289572912029, -0.0280532392277951, -0.0287172157580157, -0.0292767440400512, -0.0297273347808002, -0.0300647586576021, -0.0302850371172608, -0.0303844331732724, -0.0303594422013612, -0.0302067827334455, -0.0299233872501712, -0.0295063929721585, -0.0289531326501189, -0.0282611253539985, -0.0274280672613073, -0.02645182244479, -0.0253304136595892, -0.0240620131300429, -0.0226449333362511, -0.0210776178005343, -0.0193586318738935, -0.0174866535225719, -0.0154604641148042, -0.0132789392078256, -0.010941039335203, -0.00844580079453678, -0.00579232643557189, -0.00297977644874573, -7.35915419188774e-06, 0, -0.00118359261168432, -0.00244587483223483, -0.00377431342568976, -0.00515683720321205, -0.00658182783941808, -0.00803811068982486, -0.00951494560927552, -0.0110020177711795, -0.0124894284873831, -0.0139676860284683, -0.015427696444262, -0.0168607543843282, -0.0182585339182081, -0.0196130793551729, -0.0209167960632561, -0.0221624412873404, -0.0233431149660888, -0.0244522505475252, -0.0254836058030916, -0.0264312536400355, -0.0272895729120064, -0.0280532392277717, -0.0287172157579921, -0.0292767440400279, -0.0297273347807778, -0.030064758657581, -0.0302850371172416, -0.0303844331732554, -0.0303594422013469, -0.0302067827334342, -0.0299233872501631, -0.0295063929721539, -0.0289531326501178, -0.028261125354001, -0.0274280672613133, -0.0264518224447994, -0.0253304136596017, -0.0240620131300582, -0.0226449333362688, -0.0210776178005538, -0.0193586318739142, -0.0174866535225932, -0.0154604641148253, -0.0132789392078456, -0.010941039335221, -0.00844580079455184, -0.00579232643558292, -0.00297977644875161, -7.35915419144625e-06, 0, -0.00118359261168893, -0.00244587483224303, -0.00377431342570057, -0.00515683720322453, -0.00658182783943133, -0.00803811068983806, -0.00951494560928792, -0.0110020177711904, -0.012489428487392, -0.0139676860284747, -0.0154276964442656, -0.0168607543843287, -0.0182585339182053, -0.0196130793551669, -0.0209167960632468, -0.022162441287328, -0.0233431149660735, -0.0244522505475074, -0.0254836058030716, -0.0264312536400138, -0.0272895729119835, -0.0280532392277481, -0.0287172157579683, -0.0292767440400045, -0.0297273347807552, -0.0300647586575599, -0.0302850371172223, -0.0303844331732385, -0.0303594422013326, -0.030206782733423, -0.0299233872501552, -0.0295063929721495, -0.0289531326501171, -0.0282611253540039, -0.0274280672613198, -0.0264518224448093, -0.0253304136596148, -0.0240620131300741, -0.0226449333362872, -0.0210776178005742, -0.0193586318739359, -0.0174866535226156, -0.0154604641148476, -0.013278939207867, -0.0109410393352406, -0.00844580079456862, -0.00579232643559583, -0.00297977644875953, -7.35915419320266e-06, 0, -0.00118359261169354, -0.00244587483225123, -0.00377431342571138, -0.00515683720323699, -0.00658182783944455, -0.00803811068985122, -0.00951494560930026, -0.0110020177712013, -0.0124894284874008, -0.013967686028481, -0.015427696444269, -0.016860754384329, -0.0182585339182024, -0.0196130793551606, -0.0209167960632372, -0.0221624412873153, -0.023343114966058, -0.0244522505474892, -0.0254836058030513, -0.0264312536399917, -0.0272895729119601, -0.028053239227724, -0.028717215757944, -0.0292767440399804, -0.0297273347807319, -0.0300647586575379, -0.0302850371172022, -0.0303844331732206, -0.0303594422013174, -0.0302067827334108, -0.0299233872501463, -0.029506392972144, -0.0289531326501151, -0.0282611253540055, -0.0274280672613249, -0.0264518224448178, -0.0253304136596264, -0.0240620131300885, -0.0226449333363039, -0.0210776178005928, -0.0193586318739557, -0.017486653522636, -0.0154604641148678, -0.0132789392078861, -0.0109410393352578, -0.0084458007945828, -0.005792326435606, -0.00297977644876457, -7.35915419192244e-06, 0, -0.00118359261169815, -0.00244587483225943, -0.00377431342572219, -0.00515683720324946, -0.00658182783945779, -0.00803811068986441, -0.00951494560931265, -0.0110020177712122, -0.0124894284874097, -0.0139676860284874, -0.0154276964442726, -0.0168607543843295, -0.0182585339181996, -0.0196130793551545, -0.020916796063228, -0.0221624412873029, -0.0233431149660428, -0.0244522505474715, -0.0254836058030314, -0.0264312536399701, -0.0272895729119373, -0.0280532392277004, -0.0287172157579202, -0.029276744039957, -0.0297273347807095, -0.0300647586575169, -0.030285037117183, -0.0303844331732038, -0.0303594422013033, -0.0302067827333997, -0.0299233872501385, -0.0295063929721398, -0.0289531326501145, -0.0282611253540086, -0.0274280672613316, -0.0264518224448279, -0.0253304136596398, -0.0240620131301047, -0.0226449333363226, -0.0210776178006134, -0.0193586318739777, -0.0174866535226586, -0.0154604641148903, -0.0132789392079078, -0.0109410393352776, -0.00844580079459981, -0.00579232643561913, -0.0029797764487727, -7.35915419388614e-06, 0, -0.00118359261170279, -0.00244587483226771, -0.0037743134257331, -0.00515683720326206, -0.00658182783947117, -0.00803811068987774, -0.00951494560932518, -0.0110020177712233, -0.0124894284874187, -0.0139676860284939, -0.0154276964442762, -0.01686075438433, -0.0182585339181968, -0.0196130793551484, -0.0209167960632185, -0.0221624412872904, -0.0233431149660273, -0.0244522505474534, -0.0254836058030111, -0.026431253639948, -0.0272895729119139, -0.0280532392276762, -0.0287172157578957, -0.0292767440399327, -0.0297273347806859, -0.0300647586574946, -0.0302850371171625, -0.0303844331731855, -0.0303594422012875, -0.0302067827333869, -0.0299233872501288, -0.0295063929721334, -0.0289531326501116, -0.0282611253540091, -0.0274280672613355, -0.0264518224448351, -0.0253304136596499, -0.0240620131301176, -0.0226449333363377, -0.0210776178006302, -0.0193586318739957, -0.017486653522677, -0.0154604641149084, -0.0132789392079246, -0.0109410393352923, -0.00844580079461145, -0.00579232643562662, -0.00297977644877491, -7.35915418962913e-06, 0, -0.00118359261170736, -0.00244587483227584, -0.0037743134257438, -0.00515683720327439, -0.00658182783948425, -0.00803811068989074, -0.00951494560933736, -0.011002017771234, -0.0124894284874274, -0.0139676860285001, -0.0154276964442795, -0.0168607543843301, -0.0182585339181937, -0.019613079355142, -0.0209167960632089, -0.0221624412872777, -0.0233431149660117, -0.0244522505474353, -0.0254836058029909, -0.0264312536399261, -0.0272895729118907, -0.0280532392276523, -0.0287172157578716, -0.029276744039909, -0.0297273347806631, -0.0300647586574732, -0.030285037117143, -0.0303844331731683, -0.0303594422012732, -0.0302067827333756, -0.0299233872501209, -0.029506392972129, -0.0289531326501109, -0.0282611253540121, -0.0274280672613421, -0.0264518224448452, -0.0253304136596633, -0.0240620131301339, -0.0226449333363565, -0.021077617800651, -0.0193586318740179, -0.0174866535227, -0.0154604641149313, -0.0132789392079467, -0.0109410393353126, -0.008445800794629, -0.00579232643564036, -0.00297977644878374, -7.35915419236349e-06, 0, -0.00118359261171199, -0.00244587483228408, -0.00377431342575467, -0.00515683720328695, -0.00658182783949759, -0.00803811068990404, -0.00951494560934988, -0.011002017771245, -0.0124894284874364, -0.0139676860285067, -0.0154276964442833, -0.0168607543843308, -0.0182585339181911, -0.0196130793551362, -0.0209167960631998, -0.0221624412872655, -0.0233431149659967, -0.0244522505474177, -0.0254836058029711, -0.0264312536399046, -0.027289572911868, -0.0280532392276288, -0.028717215757848, -0.0292767440398857, -0.0297273347806407, -0.0300647586574522, -0.0302850371171238, -0.0303844331731514, -0.030359442201259, -0.0302067827333644, -0.029923387250113, -0.0295063929721246, -0.02895313265011, -0.0282611253540149, -0.0274280672613484, -0.026451822444855, -0.0253304136596762, -0.0240620131301496, -0.0226449333363747, -0.0210776178006711, -0.0193586318740392, -0.0174866535227219, -0.0154604641149531, -0.0132789392079676, -0.0109410393353316, -0.00844580079464505, -0.00579232643565247, -0.00297977644879079, -7.35915419317707e-06, 0, -0.00118359261171667, -0.00244587483229242, -0.00377431342576568, -0.00515683720329967, -0.00658182783951114, -0.00803811068991758, -0.00951494560936265, -0.0110020177712564, -0.0124894284874458, -0.0139676860285135, -0.0154276964442873, -0.0168607543843317, -0.0182585339181888, -0.0196130793551306, -0.020916796063191, -0.0221624412872535, -0.0233431149659819, -0.0244522505474004, -0.0254836058029515, -0.0264312536398833, -0.0272895729118454, -0.0280532392276054, -0.0287172157578243, -0.0292767440398623, -0.0297273347806181, -0.0300647586574309, -0.0302850371171043, -0.0303844331731342, -0.0303594422012443, -0.0302067827333527, -0.0299233872501044, -0.0295063929721194, -0.0289531326501083, -0.0282611253540166, -0.0274280672613536, -0.0264518224448634, -0.0253304136596877, -0.0240620131301638, -0.0226449333363911, -0.0210776178006892, -0.0193586318740585, -0.0174866535227417, -0.0154604641149725, -0.0132789392079858, -0.0109410393353477, -0.00844580079465809, -0.00579232643566136, -0.00297977644879439, -7.35915419031652e-06, 0, -0.00118359261172124, -0.00244587483230055, -0.00377431342577638, -0.00515683720331199, -0.00658182783952419, -0.00803811068993054, -0.00951494560937477, -0.011002017771267, -0.0124894284874543, -0.0139676860285196, -0.0154276964442905, -0.0168607543843317, -0.0182585339181856, -0.0196130793551239, -0.0209167960631811, -0.0221624412872405, -0.023343114965966, -0.0244522505473819, -0.0254836058029309, -0.0264312536398608, -0.0272895729118217, -0.028053239227581, -0.0287172157577996, -0.0292767440398379, -0.0297273347805946, -0.0300647586574087, -0.030285037117084, -0.0303844331731161, -0.0303594422012289, -0.0302067827333403, -0.0299233872500953, -0.0295063929721138, -0.0289531326501063, -0.0282611253540182, -0.0274280672613588, -0.026451822444872, -0.0253304136596994, -0.0240620131301784, -0.0226449333364081, -0.0210776178007082, -0.0193586318740788, -0.0174866535227625, -0.0154604641149933, -0.0132789392080056, -0.0109410393353657, -0.00844580079467321, -0.00579232643567257, -0.00297977644880059, -7.35915419032562e-06, 0, -0.00118359261172583, -0.00244587483230872, -0.00377431342578715, -0.00515683720332442, -0.00658182783953738, -0.00803811068994367, -0.0095149456093871, -0.0110020177712779, -0.0124894284874632, -0.013967686028526, -0.015427696444294, -0.0168607543843322, -0.0182585339181828, -0.0196130793551179, -0.0209167960631718, -0.0221624412872282, -0.0233431149659508, -0.0244522505473642, -0.0254836058029111, -0.0264312536398394, -0.027289572911799, -0.0280532392275576, -0.0287172157577761, -0.0292767440398148, -0.0297273347805724, -0.030064758657388, -0.0302850371170652, -0.0303844331730997, -0.0303594422012152, -0.0302067827333297, -0.0299233872500882, -0.0295063929721102, -0.0289531326501064, -0.028261125354022, -0.0274280672613662, -0.0264518224448829, -0.0253304136597137, -0.0240620131301955, -0.0226449333364278, -0.0210776178007299, -0.0193586318741019, -0.0174866535227865, -0.0154604641150172, -0.0132789392080287, -0.010941039335387, -0.00844580079469182, -0.00579232643568741, -0.00297977644881055, -7.35915419422268e-06, 0, -0.00118359261173043, -0.00244587483231691, -0.00377431342579794, -0.00515683720333686, -0.00658182783955058, -0.00803811068995681, -0.00951494560939942, -0.0110020177712887, -0.012489428487472, -0.0139676860285322, -0.0154276964442974, -0.0168607543843325, -0.0182585339181798, -0.0196130793551116, -0.0209167960631622, -0.0221624412872155, -0.0233431149659352, -0.024452250547346, -0.0254836058028907, -0.0264312536398172, -0.0272895729117755, -0.0280532392275334, -0.0287172157577517, -0.0292767440397907, -0.029727334780549, -0.0300647586573659, -0.030285037117045, -0.0303844331730817, -0.0303594422011999, -0.0302067827333174, -0.0299233872500791, -0.0295063929721045, -0.0289531326501042, -0.0282611253540234, -0.0274280672613712, -0.0264518224448912, -0.0253304136597251, -0.0240620131302097, -0.0226449333364443, -0.0210776178007483, -0.0193586318741216, -0.0174866535228066, -0.0154604641150372, -0.0132789392080476, -0.010941039335404, -0.00844580079470583, -0.00579232643569742, -0.00297977644881543, -7.35915419279544e-06, 0, -0.00118359261173504, -0.00244587483232512, -0.00377431342580876, -0.00515683720334934, -0.00658182783956384, -0.00803811068997, -0.00951494560941181, -0.0110020177712996, -0.0124894284874809, -0.0139676860285386, -0.0154276964443009, -0.0168607543843329, -0.0182585339181769, -0.0196130793551054, -0.0209167960631528, -0.0221624412872029, -0.0233431149659198, -0.0244522505473281, -0.0254836058028706, -0.0264312536397953, -0.0272895729117524, -0.0280532392275095, -0.0287172157577275, -0.0292767440397669, -0.0297273347805261, -0.0300647586573443, -0.0302850371170252, -0.0303844331730642, -0.0303594422011851, -0.0302067827333056, -0.0299233872500705, -0.0295063929720994, -0.0289531326501027, -0.0282611253540255, -0.0274280672613767, -0.0264518224449002, -0.0253304136597371, -0.0240620131302246, -0.0226449333364616, -0.0210776178007674, -0.019358631874142, -0.0174866535228277, -0.0154604641150581, -0.0132789392080675, -0.0109410393354219, -0.0084458007947209, -0.00579232643570853, -0.00297977644882146, -7.3591541925838e-06, 0, -0.00118359261173966, -0.00244587483233334, -0.0037743134258196, -0.00515683720336185, -0.00658182783957713, -0.00803811068998325, -0.00951494560942427, -0.0110020177713106, -0.0124894284874899, -0.0139676860285451, -0.0154276964443046, -0.0168607543843335, -0.0182585339181743, -0.0196130793550995, -0.0209167960631436, -0.0221624412871907, -0.0233431149659047, -0.0244522505473104, -0.0254836058028508, -0.0264312536397738, -0.0272895729117297, -0.028053239227486, -0.0287172157577039, -0.0292767440397436, -0.0297273347805036, -0.0300647586573233, -0.030285037117006, -0.0303844331730474, -0.030359442201171, -0.0302067827332944, -0.0299233872500627, -0.029506392972095, -0.0289531326501019, -0.0282611253540283, -0.0274280672613832, -0.02645182244491, -0.0253304136597501, -0.0240620131302404, -0.0226449333364798, -0.0210776178007876, -0.0193586318741635, -0.0174866535228498, -0.01546046411508, -0.0132789392080885, -0.010941039335441, -0.00844580079473706, -0.00579232643572074, -0.00297977644882862, -7.35915419349366e-06, 0, -0.00118359261174425, -0.0024458748323415, -0.00377431342583034, -0.00515683720337424, -0.00658182783959026, -0.0080381106899963, -0.00951494560943649, -0.0110020177713214, -0.0124894284874985, -0.0139676860285513, -0.0154276964443079, -0.0168607543843336, -0.0182585339181711, -0.019613079355093, -0.0209167960631339, -0.0221624412871778, -0.0233431149658889, -0.0244522505472921, -0.0254836058028302, -0.0264312536397515, -0.027289572911706, -0.0280532392274616, -0.0287172157576792, -0.0292767440397192, -0.0297273347804801, -0.0300647586573011, -0.0302850371169856, -0.0303844331730292, -0.0303594422011555, -0.030206782733282, -0.0299233872500534, -0.0295063929720892, -0.0289531326500997, -0.0282611253540297, -0.027428067261388, -0.0264518224449182, -0.0253304136597615, -0.0240620131302545, -0.0226449333364963, -0.0210776178008059, -0.0193586318741831, -0.01748665352287, -0.0154604641151001, -0.0132789392081075, -0.0109410393354581, -0.00844580079475126, -0.00579232643573098, -0.00297977644883378, -7.35915419239775e-06, 0, -0.00118359261174886, -0.00244587483234972, -0.00377431342584118, -0.00515683720338675, -0.00658182783960355, -0.00803811069000955, -0.00951494560944895, -0.0110020177713324, -0.0124894284875076, -0.0139676860285578, -0.0154276964443116, -0.0168607543843342, -0.0182585339181685, -0.0196130793550871, -0.0209167960631247, -0.0221624412871656, -0.0233431149658739, -0.0244522505472745, -0.0254836058028105, -0.0264312536397301, -0.0272895729116834, -0.0280532392274383, -0.0287172157576557, -0.029276744039696, -0.0297273347804578, -0.0300647586572802, -0.0302850371169666, -0.0303844331730125, -0.0303594422011415, -0.030206782733271, -0.0299233872500458, -0.0295063929720851, -0.0289531326500991, -0.0282611253540328, -0.0274280672613947, -0.0264518224449283, -0.0253304136597748, -0.0240620131302707, -0.022644933336515, -0.0210776178008265, -0.019358631874205, -0.0174866535228925, -0.0154604641151225, -0.013278939208129, -0.0109410393354778, -0.00844580079476808, -0.00579232643574391, -0.0029797764488417, -7.35915419413464e-06, 0, -0.00118359261175347, -0.00244587483235793, -0.003774313425852, -0.00515683720339922, -0.00658182783961679, -0.00803811069002273, -0.00951494560946132, -0.0110020177713433, -0.0124894284875164, -0.0139676860285642, -0.0154276964443151, -0.0168607543843346, -0.0182585339181656, -0.0196130793550808, -0.0209167960631152, -0.0221624412871529, -0.0233431149658583, -0.0244522505472564, -0.0254836058027902, -0.026431253639708, -0.02728957291166, -0.0280532392274141, -0.0287172157576313, -0.0292767440396718, -0.0297273347804344, -0.0300647586572581, -0.0302850371169464, -0.0303844331729945, -0.0303594422011261, -0.0302067827332586, -0.0299233872500366, -0.0295063929720793, -0.0289531326500969, -0.0282611253540341, -0.0274280672613995, -0.0264518224449364, -0.025330413659786, -0.0240620131302847, -0.0226449333365312, -0.0210776178008446, -0.0193586318742243, -0.0174866535229124, -0.0154604641151421, -0.0132789392081476, -0.0109410393354943, -0.00844580079478166, -0.00579232643575346, -0.0029797764488461, -7.35915419220606e-06, 0, -0.0011835926117581, -0.00244587483236617, -0.00377431342586287, -0.00515683720341179, -0.00658182783963015, -0.00803811069003606, -0.00951494560947387, -0.0110020177713544, -0.0124894284875255, -0.0139676860285708, -0.0154276964443189, -0.0168607543843353, -0.0182585339181631, -0.0196130793550751, -0.0209167960631063, -0.0221624412871409, -0.0233431149658435, -0.024452250547239, -0.0254836058027707, -0.0264312536396868, -0.0272895729116376, -0.028053239227391, -0.028717215757608, -0.0292767440396489, -0.0297273347804124, -0.0300647586572375, -0.0302850371169276, -0.0303844331729781, -0.0303594422011124, -0.0302067827332479, -0.0299233872500292, -0.0295063929720755, -0.0289531326500966, -0.0282611253540374, -0.0274280672614064, -0.0264518224449468, -0.0253304136597995, -0.0240620131303011, -0.0226449333365501, -0.0210776178008654, -0.0193586318742464, -0.0174866535229351, -0.0154604641151648, -0.0132789392081693, -0.0109410393355141, -0.00844580079479865, -0.00579232643576654, -0.00297977644885416, -7.35915419406916e-06
0, 0, 0, 0, 0, 0, 0, 0, 0, 0, 0, 0, 0, 0, 0, 0, 0, 0, 0, 0, 0, 0, 0, 0, 0, 0, 0, 0, 0, 0, 0, 0, 0, 0, 0, 0, 0, 0, 0, 0, 0, 0, 0, 0, 0, 0, 0, 0, 0, 0, 0, 0, 0, 0, 0, 0, 0, 0, 0, 0, 0, 0, 0, 0, 0, 0, 0, 0, 0, 0, 0, 0, 0, 0, 0, 0, 0, 0, 0, 0, 0, 0, 0, 0, 0, 0, 0, 0, 0, 0, 0, 0, 0, 0, 0, 0, 0, 0, 0, 0, 0, 0, 0, 0, 0, 0, 0, 0, 0, 0, 0, 0, 0, 0, 0, 0, 0, 0, 0, 0, 0, 0, 0, 0, 0, 0, 0, 0, 0, 0, 0, 0, 0, 0, 0, 0, 0, 0, 0, 0, 0, 0, 0, 0, 0, 0, 0, 0, 0, 0, 0, 0, 0, 0, 0, 0, 0, 0, 0, 0, 0, 0, 0, 0, 0, 0, 0, 0, 0, 0, 0, 0, 0, 0, 0, 0, 0, 0, 0, 0, 0, 0, 0, 0, 0, 0, 0, 0, 0, 0, 0, 0, 0, 0, 0, 0, 0, 0, 0, 0, 0, 0, 0, 0, 0, 0, 0, 0, 0, 0, 0, 0, 0, 0, 0, 0, 0, 0, 0, 0, 0, 0, 0, 0, 0, 0, 0, 0, 0, 0, 0, 0, 0, 0, 0, 0, 0, 0, 0, 0, 0, 0, 0, 0, 0, 0, 0, 0, 0, 0, 0, 0, 0, 0, 0, 0, 0, 0, 0, 0, 0, 0, 0, 0, 0, 0, 0, 0, 0, 0, 0, 0, 0, 0, 0, 0, 0, 0, 0, 0, 0, 0, 0, 0, 0, 0, 0, 0, 0, 0, 0, 0, 0, 0, 0, 0, 0, 0, 0, 0, 0, 0, 0, 0, 0, 0, 0, 0, 0, 0, 0, 0, 0, 0, 0, 0, 0, 0, 0, 0, 0, 0, 0, 0, 0, 0, 0, 0, 0, 0, 0, 0, 0, 0, 0, 0, 0, 0, 0, 0, 0, 0, 0, 0, 0, 0, 0, 0, 0, 0, 0, 0, 0, 0, 0, 0, 0, 0, 0, 0, 0, 0, 0, 0, 0, 0, 0, 0, 0, 0, 0, 0, 0, 0, 0, 0, 0, 0, 0, 0, 0, 0, 0, 0, 0, 0, 0, 0, 0, 0, 0, 0, 0, 0, 0, 0, 0, 0, 0, 0, 0, 0, 0, 0, 0, 0, 0, 0, 0, 0, 0, 0, 0, 0, 0, 0, 0, 0, 0, 0, 0, 0, 0, 0, 0, 0, 0, 0, 0, 0, 0, 0, 0, 0, 0, 0, 0, 0, 0, 0, 0, 0, 0, 0, 0, 0, 0, 0, 0, 0, 0, 0, 0, 0, 0, 0, 0, 0, 0, 0, 0, 0, 0, 0, 0, 0, 0, 0, 0, 0, 0, 0, 0, 0, 0, 0, 0, 0, 0, 0, 0, 0, 0, 0, 0, 0, 0, 0, 0, 0, 0, 0, 0, 0, 0, 0, 0, 0, 0, 0, 0, 0, 0, 0, 0, 0, 0, 0, 0, 0, 0, 0, 0, 0, 0, 0, 0, 0, 0, 0, 0, 0, 0, 0, 0, 0, 0, 0, 0, 0, 0, 0, 0, 0, 0, 0, 0, 0, 0, 0, 0, 0, 0, 0, 0, 0, 0, 0, 0, 0, 0, 0, 0, 0, 0, 0, 0, 0, 0, 0, 0, 0, 0, 0, 0, 0, 0, 0, 0, 0, 0, 0, 0, 0, 0, 0, 0, 0, 0, 0, 0, 0, 0, 0, 0, 0, 0, 0, 0, 0, 0, 0, 0, 0, 0, 0, 0, 0, 0, 0, 0, 0, 0, 0, 0, 0, 0, 0, 0, 0, 0, 0, 0, 0, 0, 0, 0, 0, 0, 0, 0, 0, 0, 0, 0, 0, 0, 0, 0, 0, 0, 0, 0, 0, 0, 0, 0, 0, 0, 0, 0, 0, 0, 0, 0, 0, 0, 0, 0, 0, 0, 0, 0, 0, 0, 0, 0, 0, 0, 0, 0, 0, 0, 0, 0, 0, 0, 0, 0, 0, 0, 0, 0, 0, 0, 0, 0, 0, 0, 0, 0, 0, 0, 0, 0, 0, 0, 0, 0, 0, 0, 0, 0, 0, 0, 0, 0, 0, 0, 0, 0, 0, 0, 0, 0, 0, 0, 0, 0, 0, 0, 0, 0, 0, 0, 0, 0, 0, 0, 0, 0, 0, 0, 0, 0, 0, 0, 0, 0, 0, 0, 0, 0, 0, 0, 0, 0, 0, 0, 0, 0, 0, 0, 0, 0, 0, 0, 0, 0, 0, 0, 0, 0, 0, 0, 0, 0, 0, 0, 0, 0, 0, 0, 0, 0, 0, 0, 0, 0, 0, 0, 0, 0, 0, 0, 0, 0, 0, 0, 0, 0, 0, 0, 0, 0, 0, 0, 0, 0, 0, 0, 0, 0, 0, 0, 0, 0, 0, 0, 0, 0, 0, 0, 0, 0, 0, 0, 0, 0, 0, 0, 0, 0, 0, 0, 0, 0, 0, 0, 0, 0, 0, 0, 0, 0, 0, 0, 0, 0, 0, 0, 0, 0, 0, 0, 0, 0, 0, 0, 0, 0, 0, 0, 0, 0, 0, 0, 0, 0, 0, 0, 0, 0, 0, 0, 0, 0, 0, 0, 0, 0, 0, 0, 0, 0, 0, 0, 0, 0, 0, 0, 0, 0, 0, 0, 0, 0, 0, 0, 0, 0, 0, 0, 0, 0, 0, 0, 0, 0, 0, 0, 0, 0, 0, 0, 0, 0, 0, 0, 0, 0, 0, 0, 0, 0, 0, 0, 0, 0, 0, 0, 0, 0, 0, 0, 0, 0, 0, 0, 0, 0, 0, 0, 0, 0, 0, 0, 0, 0, 0, 0, 0, 0, 0, 0, 0, 0, 0, 0, 0, 0, 0, 0, 0, 0, 0, 0, 0, 0, 0, 0, 0, 0, 0, 0, 0, 0, 0, 0, 0, 0, 0, 0, 0, 0, 0, 0, 0, 0, 0, 0, 0, 0, 0, 0, 0, 0, 0, 0, 0, 0, 0, 0, 0, 0, 0, 0, 0, 0, 0, 0, 0, 0, 0, 0, 0, 0, 0, 0, 0, 0, 0, 0, 0, 0, 0, 0, 0, 0, 0, 0, 0, 0, 0, 0, 0, 0, 0, 0, 0, 0, 0, 0, 0, 0, 0, 0, 0, 0, 0, 0, 0, 0, 0, 0, 0, 0, 0, 0, 0, 0, 0, 0, 0, 0, 0, 0, 0, 0, 0, 0, 0, 0, 0, 0, 0, 0, 0, 0, 0, 0, 0, 0, 0, 0, 0, 0, 0, 0, 0, 0, 0, 0, 0, 0, 0, 0, 0, 0, 0, 0, 0, 0, 0, 0, 0, 0, 0, 0, 0, 0, 0, 0, 0, 0, 0, 0, 0, 0, 0, 0, 0, 0, 0, 0, 0, 0, 0, 0, 0, 0, 0, 0, 0, 0, 0, 0, 0, 0, 0, 0, 0, 0, 0, 0, 0, 0, 0, 0, 0, 0, 0, 0, 0, 0, 0, 0, 0, 0, 0, 0, 0, 0, 0, 0, 0, 0, 0, 0, 0, 0, 0, 0, 0, 0, 0, 0, 0, 0, 0, 0, 0, 0, 0, 0, 0, 0, 0, 0, 0, 0, 0, 0, 0, 0, 0, 0, 0, 0, 0, 0, 0, 0, 0, 0, 0, 0, 0, 0, 0, 0, 0, 0, 0, 0, 0, 0, 0, 0, 0, 0, 0, 0, 0, 0, 0, 0, 0, 0, 0, 0, 0, 0, 0, 0, 0, 0, 0, 0, 0, 0, 0, 0, 0, 0, 0, 0, 0, 0, 0, 0, 0, 0, 0, 0, 0, 0, 0, 0, 0, 0, 0, 0, 0, 0, 0, 0, 0, 0, 0, 0, 0, 0, 0, 0, 0, 0, 0, 0, 0, 0, 0, 0, 0, 0, 0, 0, 0, 0, 0, 0, 0, 0, 0, 0, 0, 0, 0, 0, 0, 0, 0, 0, 0, 0, 0, 0, 0, 0, 0, 0, 0, 0, 0, 0, 0, 0, 0, 0, 0, 0, 0, 0, 0, 0, 0, 0, 0, 0, 0, 0, 0, 0, 0, 0, 0, 0, 0, 0, 0, 0, 0, 0, 0, 0, 0, 0, 0, 0, 0, 0, 0, 0, 0, 0, 0, 0, 0, 0, 0, 0, 0, 0, 0, 0, 0, 0, 0, 0, 0, 0, 0, 0, 0, 0, 0, 0, 0, 0, 0, 0, 0, 0, 0, 0, 0, 0, 0, 0, 0, 0, 0, 0, 0, 0, 0, 0, 0, 0, 0, 0, 0, 0, 0, 0, 0, 0, 0, 0, 0, 0, 0, 0, 0, 0, 0, 0, 0, 0, 0, 0, 0, 0, 0, 0, 0, 0, 0, 0, 0, 0, 0, 0, 0, 0, 0, 0, 0, 0, 0, 0, 0, 0, 0, 0, 0, 0, 0, 0, 0, 0, 0, 0, 0, 0, 0, 0, 0, 0, 0, 0, 0, 0, 0, 0, 0, 0, 0, 0, 0, 0, 0, 0, 0, 0, 0, 0, 0, 0, 0, 0, 0, 0, 0, 0, 0, 0, 0, 0, 0, 0, 0, 0, 0, 0, 0, 0, 0, 0, 0, 0, 0, 0, 0, 0, 0, 0, 0, 0, 0, 0, 0, 0, 0, 0, 0, 0, 0, 0, 0, 0, 0, 0, 0, 0, 0, 0, 0, 0, 0, 0, 0, 0, 0, 0, 0, 0, 0, 0, 0, 0, 0, 0, 0, 0, 0, 0, 0, 0, 0, 0, 0, 0, 0, 0, 0, 0, 0, 0, 0, 0, 0, 0, 0, 0, 0, 0, 0, 0, 0, 0, 0, 0, 0, 0, 0, 0, 0, 0, 0, 0, 0, 0, 0, 0, 0, 0, 0, 0, 0, 0, 0, 0, 0, 0, 0, 0, 0, 0, 0, 0, 0, 0, 0, 0, 0, 0, 0, 0, 0, 0, 0, 0, 0, 0, 0, 0, 0, 0, 0, 0, 0, 0, 0, 0, 0, 0, 0, 0, 0, 0, 0, 0, 0, 0, 0, 0, 0, 0, 0, 0, 0, 0, 0, 0, 0, 0, 0, 0, 0, 0, 0, 0, 0, 0, 0, 0, 0, 0, 0, 0, 0, 0, 0, 0, 0, 0, 0, 0, 0, 0, 0, 0, 0, 0, 0, 0, 0, 0, 0, 0, 0, 0, 0, 0, 0, 0, 0, 0, 0, 0, 0, 0, 0, 0, 0, 0, 0, 0, 0, 0, 0, 0, 0, 0, 0, 0, 0, 0, 0, 0, 0, 0, 0, 0, 0, 0, 0, 0, 0, 0, 0, 0, 0, 0, 0, 0, 0, 0, 0, 0, 0, 0, 0, 0, 0, 0, 0, 0, 0, 0, 0, 0, 0, 0, 0, 0, 0, 0, 0, 0, 0, 0, 0, 0, 0, 0, 0, 0, 0, 0, 0, 0, 0, 0, 0, 0, 0, 0, 0, 0, 0, 0, 0, 0, 0, 0, 0, 0, 0, 0, 0, 0, 0, 0, 0, 0, 0, 0, 0, 0, 0, 0, 0, 0, 0, 0, 0, 0, 0, 0, 0, 0, 0, 0, 0, 0, 0, 0, 0, 0, 0, 0, 0, 0, 0, 0, 0, 0, 0, 0, 0, 0, 0, 0, 0, 0, 0, 0, 0, 0, 0, 0, 0, 0, 0, 0, 0, 0, 0, 0, 0, 0, 0, 0, 0, 0, 0, 0, 0, 0, 0, 0, 0, 0, 0, 0, 0, 0, 0, 0, 0, 0, 0, 0, 0, 0, 0, 0, 0, 0, 0, 0, 0, 0, 0, 0, 0, 0, 0, 0, 0, 0, 0, 0, 0, 0, 0, 0, 0, 0, 0, 0, 0, 0, 0, 0, 0, 0, 0, 0, 0, 0, 0, 0, 0, 0, 0, 0, 0, 0, 0, 0, 0, 0, 0, 0, 0, 0, 0, 0, 0, 0, 0, 0, 0, 0, 0, 0, 0, 0, 0, 0, 0, 0, 0, 0, 0, 0, 0, 0, 0, 0, 0, 0, 0, 0, 0, 0, 0, 0, 0, 0, 0, 0, 0, 0, 0, 0, 0, 0, 0, 0, 0, 0, 0, 0, 0, 0, 0, 0, 0, 0, 0, 0, 0, 0, 0, 0, 0, 0, 0, 0, 0, 0, 0, 0, 0, 0, 0, 0, 0, 0, 0, 0, 0, 0, 0, 0, 0, 0, 0, 0, 0, 0, 0, 0, 0, 0, 0, 0, 0, 0, 0, 0, 0, 0, 0, 0, 0, 0, 0, 0, 0, 0, 0, 0, 0, 0, 0, 0, 0, 0, 0, 0, 0, 0, 0, 0, 0, 0, 0, 0, 0, 0, 0, 0, 0, 0, 0, 0, 0, 0, 0, 0, 0, 0, 0, 0, 0, 0, 0, 0, 0, 0, 0, 0, 0, 0, 0, 0, 0, 0, 0, 0, 0, 0, 0, 0, 0, 0, 0, 0, 0, 0, 0, 0, 0, 0, 0, 0, 0, 0, 0, 0, 0, 0, 0, 0, 0, 0, 0, 0, 0, 0, 0, 0, 0, 0, 0, 0, 0, 0, 0, 0, 0, 0, 0, 0, 0, 0, 0, 0, 0, 0, 0, 0, 0, 0, 0, 0, 0, 0, 0, 0, 0, 0, 0, 0, 0, 0, 0, 0, 0, 0, 0, 0, 0, 0, 0, 0, 0, 0, 0, 0, 0, 0, 0, 0, 0, 0, 0, 0, 0, 0, 0, 0, 0, 0, 0, 0, 0, 0, 0, 0, 0, 0, 0, 0, 0, 0, 0, 0, 0, 0, 0, 0, 0, 0, 0, 0, 0, 0, 0, 0, 0, 0, 0, 0, 0, 0, 0, 0, 0, 0, 0, 0, 0, 0, 0, 0, 0, 0, 0, 0, 0, 0, 0, 0, 0, 0, 0, 0, 0, 0, 0, 0, 0, 0, 0, 0, 0, 0, 0, 0, 0, 0, 0, 0, 0, 0, 0, 0, 0, 0, 0, 0, 0, 0, 0, 0, 0, 0, 0, 0, 0, 0, 0, 0, 0, 0, 0, 0, 0, 0, 0, 0, 0, 0, 0, 0, 0, 0, 0, 0, 0, 0, 0, 0, 0, 0, 0, 0, 0, 0, 0, 0, 0, 0, 0, 0, 0, 0, 0, 0, 0, 0, 0, 0, 0, 0, 0, 0, 0, 0, 0, 0, 0, 0, 0, 0, 0, 0, 0, 0, 0, 0, 0, 0, 0, 0, 0, 0, 0, 0, 0, 0, 0, 0, 0, 0, 0, 0, 0, 0, 0, 0, 0, 0, 0, 0, 0, 0, 0, 0, 0, 0, 0, 0, 0, 0, 0, 0, 0, 0, 0, 0, 0, 0, 0, 0, 0, 0, 0, 0, 0, 0, 0, 0, 0, 0, 0, 0, 0, 0, 0, 0, 0, 0, 0, 0, 0, 0, 0, 0, 0, 0, 0, 0, 0, 0, 0, 0, 0, 0, 0, 0, 0, 0, 0, 0, 0, 0, 0, 0, 0, 0, 0, 0, 0, 0, 0, 0, 0, 0, 0, 0, 0, 0, 0, 0, 0, 0, 0, 0, 0, 0, 0, 0, 0, 0, 0, 0, 0, 0, 0, 0, 0, 0, 0, 0, 0, 0, 0, 0, 0, 0, 0, 0, 0, 0, 0, 0, 0, 0, 0, 0, 0, 0, 0, 0, 0, 0, 0, 0, 0, 0, 0, 0, 0, 0, 0, 0, 0, 0, 0, 0, 0, 0, 0, 0, 0, 0, 0, 0, 0, 0, 0, 0, 0, 0, 0, 0, 0, 0, 0, 0, 0, 0, 0, 0, 0, 0, 0, 0, 0, 0, 0, 0, 0, 0, 0, 0, 0, 0, 0, 0, 0, 0, 0
0.24331, 0.243473265306122, 0.243636530612245, 0.243799795918367, 0.24396306122449, 0.244126326530612, 0.244289591836735, 0.244452857142857, 0.24461612244898, 0.244779387755102, 0.244942653061225, 0.245105918367347, 0.245269183673469, 0.245432448979592, 0.245595714285714, 0.245758979591837, 0.245922244897959, 0.246085510204082, 0.246248775510204, 0.246412040816327, 0.246575306122449, 0.246738571428572, 0.246901836734694, 0.247065102040816, 0.247228367346939, 0.247391632653061, 0.247554897959184, 0.247718163265306, 0.247881428571429, 0.248044693877551, 0.248207959183674, 0.248371224489796, 0.248534489795919, 0.248697755102041, 0.248861020408164, 0.249024285714286, 0.249187551020408, 0.249350816326531, 0.249514081632653, 0.249677346938776, 0.249840612244898, 0.250003877551021, 0.250167142857143, 0.250330408163266, 0.250493673469388, 0.25065693877551, 0.250820204081633, 0.250983469387755, 0.251146734693878, 0.25131, 0.24331, 0.236448606103953, 0.230054932704668, 0.224111824228762, 0.218602462935204, 0.213510368910979, 0.208819400069317, 0.204513752150645, 0.200577958726369, 0.196996891205563, 0.193755758844583, 0.190840108759597, 0.18823582594196, 0.185929133276316, 0.183906591561282, 0.182155099532492, 0.180661893887771, 0.179414549314155, 0.178400978516454, 0.177609432247021, 0.177028499336393, 0.176647106724441, 0.176454519491692, 0.176440340890456, 0.176594512375458, 0.176907313633638, 0.177369362612861, 0.177971615549263, 0.178705366993042, 0.179562249832495, 0.180534235316161, 0.181613633072983, 0.182793091130408, 0.184065595930397, 0.18542447234336, 0.18686338368004, 0.188376331701413, 0.189957656626686, 0.191602037139506, 0.193304490392486, 0.19506037201019, 0.196865376090719, 0.19871553520603, 0.20060722040114, 0.202537141192364, 0.204502345564718, 0.206500219968621, 0.20852848931603, 0.210585216976125, 0.212668804770639, 0.24331, 0.236448258623499, 0.2300542190611, 0.22411072789803, 0.218600969479454, 0.213508465906121, 0.208817077032596, 0.204511000468205, 0.200574771580814, 0.196993263503509, 0.193751687144207, 0.190835591198177, 0.188230862163409, 0.185923724358709, 0.183900739944377, 0.182148808945243, 0.180655169275832, 0.179407396767384, 0.178393405196401, 0.177601446314418, 0.177020109878633, 0.176638323683056, 0.176445353589822, 0.176430803560317, 0.176584615685801, 0.176897070217213, 0.17735878559387, 0.177960718470816, 0.17869416374461, 0.179550754577359, 0.180522462418869, 0.181601597026795, 0.182780806484749, 0.18405307721831, 0.185411734008957, 0.186850440005958, 0.188363196736265, 0.189944344112525, 0.191588560439275, 0.193290862417484, 0.195046605147533, 0.196851482130805, 0.198701525270003, 0.20059310486836, 0.202522929627879, 0.204488046646731, 0.206485841415968, 0.208514037815654, 0.210570698110554, 0.212654222945462, 0.24331, 0.236448258618005, 0.230054219049797, 0.224110727880402, 0.218600969454787, 0.213508465873513, 0.208817076990962, 0.204511000416286, 0.200574771517181, 0.196993263426573, 0.193751687052221, 0.190835591089249, 0.188230862035502, 0.185923724209654, 0.183900739771875, 0.182148808746876, 0.180655169049066, 0.179407396509578, 0.178393404904812, 0.177601445986211, 0.177020109510884, 0.176638323272763, 0.176445353133905, 0.176430803055632, 0.176584615129143, 0.176897069605324, 0.177358784923444, 0.177960717738509, 0.178694162947043, 0.179550753711128, 0.180522461480548, 0.181601596012947, 0.18278080539193, 0.184053076043077, 0.185411732747874, 0.186850438655602, 0.188363195293236, 0.189944342573448, 0.191588558800811, 0.193290860676333, 0.195046603300445, 0.196851480174583, 0.198701523201512, 0.200593102684533, 0.202522927325722, 0.204488044223333, 0.206485838868505, 0.2085140351414, 0.21057069530688, 0.212654220009852, 0.24331, 0.236448258617985, 0.230054219049758, 0.224110727880346, 0.218600969454715, 0.213508465873426, 0.208817076990861, 0.204511000416171, 0.200574771517054, 0.196993263426432, 0.193751687052068, 0.190835591089082, 0.188230862035322, 0.185923724209461, 0.183900739771669, 0.182148808746656, 0.180655169048833, 0.179407396509332, 0.178393404904553, 0.177601445985938, 0.177020109510599, 0.176638323272465, 0.176445353133595, 0.176430803055311, 0.176584615128812, 0.176897069604984, 0.177358784923096, 0.177960717738153, 0.178694162946682, 0.179550753710762, 0.18052246148018, 0.181601596012578, 0.182780805391562, 0.184053076042711, 0.185411732747513, 0.186850438655247, 0.188363195292889, 0.18994434257311, 0.191588558800485, 0.193290860676022, 0.19504660330015, 0.196851480174305, 0.198701523201254, 0.200593102684296, 0.202522927325509, 0.204488044223145, 0.206485838868345, 0.208514035141268, 0.210570695306779, 0.212654220009783, 0.24331, 0.236448258617973, 0.230054219049736, 0.224110727880315, 0.218600969454676, 0.21350846587338, 0.208817076990807, 0.20451100041611, 0.200574771516985, 0.196993263426356, 0.193751687051985, 0.190835591088991, 0.188230862035222, 0.185923724209352, 0.183900739771551, 0.182148808746528, 0.180655169048695, 0.179407396509182, 0.178393404904393, 0.177601445985767, 0.177020109510417, 0.176638323272272, 0.176445353133392, 0.176430803055098, 0.17658461512859, 0.176897069604752, 0.177358784922856, 0.177960717737906, 0.178694162946429, 0.179550753710505, 0.180522461479919, 0.181601596012315, 0.182780805391298, 0.184053076042449, 0.185411732747253, 0.186850438654992, 0.18836319529264, 0.18994434257287, 0.191588558800254, 0.193290860675803, 0.195046603299944, 0.196851480174116, 0.198701523201081, 0.200593102684143, 0.202522927325376, 0.204488044223036, 0.20648583886826, 0.20851403514121, 0.210570695306748, 0.212654220009782, 0.24331, 0.236448258617962, 0.230054219049715, 0.224110727880285, 0.218600969454637, 0.213508465873333, 0.208817076990753, 0.204511000416049, 0.200574771516917, 0.196993263426281, 0.193751687051901, 0.190835591088899, 0.188230862035122, 0.185923724209243, 0.183900739771433, 0.1821488087464, 0.180655169048556, 0.179407396509033, 0.178393404904233, 0.177601445985597, 0.177020109510236, 0.17663832327208, 0.17644535313319, 0.176430803054885, 0.176584615128367, 0.176897069604521, 0.177358784922617, 0.17796071773766, 0.178694162946177, 0.179550753710248, 0.180522461479658, 0.181601596012052, 0.182780805391035, 0.184053076042187, 0.185411732746994, 0.186850438654737, 0.188363195292392, 0.189944342572629, 0.191588558800024, 0.193290860675584, 0.195046603299739, 0.196851480173926, 0.198701523200909, 0.20059310268399, 0.202522927325244, 0.204488044222927, 0.206485838868176, 0.208514035141152, 0.210570695306719, 0.212654220009782, 0.24331, 0.23644825861795, 0.230054219049693, 0.224110727880253, 0.218600969454598, 0.213508465873286, 0.208817076990699, 0.204511000415987, 0.200574771516848, 0.196993263426204, 0.193751687051816, 0.190835591088806, 0.18823086203502, 0.185923724209132, 0.183900739771312, 0.182148808746269, 0.180655169048416, 0.179407396508882, 0.178393404904071, 0.177601445985423, 0.177020109510051, 0.176638323271885, 0.176445353132984, 0.176430803054669, 0.176584615128141, 0.176897069604286, 0.177358784922374, 0.17796071773741, 0.17869416294592, 0.179550753709987, 0.180522461479394, 0.181601596011786, 0.182780805390768, 0.184053076041921, 0.18541173274673, 0.186850438654478, 0.188363195292139, 0.189944342572384, 0.191588558799789, 0.19329086067536, 0.195046603299529, 0.196851480173731, 0.198701523200731, 0.200593102683831, 0.202522927325106, 0.204488044222811, 0.206485838868085, 0.208514035141087, 0.210570695306682, 0.212654220009775, 0.24331, 0.236448258617938, 0.230054219049671, 0.224110727880223, 0.218600969454559, 0.213508465873239, 0.208817076990645, 0.204511000415926, 0.200574771516779, 0.196993263426128, 0.193751687051733, 0.190835591088715, 0.188230862034921, 0.185923724209024, 0.183900739771194, 0.182148808746142, 0.180655169048278, 0.179407396508734, 0.178393404903912, 0.177601445985254, 0.177020109509871, 0.176638323271693, 0.176445353132782, 0.176430803054457, 0.17658461512792, 0.176897069604056, 0.177358784922136, 0.177960717737165, 0.17869416294567, 0.179550753709731, 0.180522461479135, 0.181601596011525, 0.182780805390507, 0.184053076041661, 0.185411732746473, 0.186850438654226, 0.188363195291893, 0.189944342572147, 0.191588558799561, 0.193290860675145, 0.195046603299327, 0.196851480173545, 0.198701523200562, 0.200593102683681, 0.202522927324978, 0.204488044222706, 0.206485838868004, 0.208514035141033, 0.210570695306656, 0.212654220009779, 0.24331, 0.236448258617927, 0.230054219049649, 0.224110727880192, 0.218600969454519, 0.213508465873192, 0.20881707699059, 0.204511000415864, 0.20057477151671, 0.196993263426052, 0.193751687051649, 0.190835591088622, 0.18823086203482, 0.185923724208913, 0.183900739771075, 0.182148808746012, 0.180655169048138, 0.179407396508583, 0.17839340490375, 0.177601445985081, 0.177020109509687, 0.176638323271499, 0.176445353132577, 0.176430803054242, 0.176584615127695, 0.176897069603823, 0.177358784921894, 0.177960717736916, 0.178694162945415, 0.179550753709472, 0.180522461478872, 0.18160159601126, 0.182780805390241, 0.184053076041396, 0.185411732746212, 0.186850438653968, 0.188363195291642, 0.189944342571904, 0.191588558799328, 0.193290860674923, 0.195046603299119, 0.196851480173352, 0.198701523200387, 0.200593102683525, 0.202522927324843, 0.204488044222593, 0.206485838867916, 0.208514035140971, 0.210570695306622, 0.212654220009775, 0.24331, 0.236448258617915, 0.230054219049627, 0.224110727880161, 0.21860096945448, 0.213508465873145, 0.208817076990536, 0.204511000415803, 0.200574771516642, 0.196993263425976, 0.193751687051565, 0.190835591088531, 0.188230862034719, 0.185923724208804, 0.183900739770956, 0.182148808745884, 0.180655169047999, 0.179407396508434, 0.17839340490359, 0.17760144598491, 0.177020109509505, 0.176638323271306, 0.176445353132374, 0.176430803054029, 0.176584615127473, 0.176897069603591, 0.177358784921654, 0.177960717736669, 0.178694162945162, 0.179550753709214, 0.180522461478611, 0.181601596010997, 0.182780805389978, 0.184053076041134, 0.185411732745952, 0.186850438653713, 0.188363195291393, 0.189944342571663, 0.191588558799097, 0.193290860674704, 0.195046603298914, 0.196851480173162, 0.198701523200214, 0.200593102683372, 0.20252292732471, 0.204488044222483, 0.206485838867831, 0.208514035140912, 0.210570695306591, 0.212654220009774, 0.24331, 0.236448258617903, 0.230054219049605, 0.22411072788013, 0.218600969454441, 0.213508465873098, 0.208817076990482, 0.204511000415742, 0.200574771516573, 0.1969932634259, 0.193751687051482, 0.190835591088439, 0.188230862034619, 0.185923724208695, 0.183900739770838, 0.182148808745755, 0.180655169047861, 0.179407396508285, 0.178393404903431, 0.177601445984739, 0.177020109509324, 0.176638323271114, 0.176445353132171, 0.176430803053816, 0.17658461512725, 0.17689706960336, 0.177358784921415, 0.177960717736423, 0.17869416294491, 0.179550753708957, 0.180522461478351, 0.181601596010735, 0.182780805389715, 0.184053076040872, 0.185411732745694, 0.186850438653459, 0.188363195291145, 0.189944342571423, 0.191588558798868, 0.193290860674486, 0.19504660329871, 0.196851480172974, 0.198701523200043, 0.20059310268322, 0.202522927324579, 0.204488044222376, 0.206485838867747, 0.208514035140855, 0.210570695306563, 0.212654220009775, 0.24331, 0.236448258617892, 0.230054219049584, 0.224110727880099, 0.218600969454402, 0.213508465873052, 0.208817076990429, 0.204511000415681, 0.200574771516506, 0.196993263425825, 0.193751687051399, 0.190835591088349, 0.18823086203452, 0.185923724208587, 0.18390073977072, 0.182148808745628, 0.180655169047723, 0.179407396508137, 0.178393404903272, 0.17760144598457, 0.177020109509143, 0.176638323270923, 0.176445353131969, 0.176430803053604, 0.176584615127029, 0.17689706960313, 0.177358784921177, 0.177960717736178, 0.178694162944659, 0.179550753708702, 0.180522461478092, 0.181601596010474, 0.182780805389454, 0.184053076040612, 0.185411732745436, 0.186850438653207, 0.188363195290899, 0.189944342571185, 0.191588558798639, 0.19329086067427, 0.195046603298507, 0.196851480172787, 0.198701523199873, 0.200593102683069, 0.20252292732445, 0.204488044222269, 0.206485838867665, 0.208514035140799, 0.210570695306535, 0.212654220009778, 0.24331, 0.23644825861788, 0.230054219049562, 0.224110727880069, 0.218600969454364, 0.213508465873006, 0.208817076990375, 0.20451100041562, 0.200574771516438, 0.196993263425749, 0.193751687051316, 0.190835591088258, 0.188230862034421, 0.185923724208479, 0.183900739770603, 0.182148808745501, 0.180655169047586, 0.179407396507989, 0.178393404903113, 0.1776014459844, 0.177020109508963, 0.176638323270732, 0.176445353131768, 0.176430803053393, 0.176584615126808, 0.1768970696029, 0.17735878492094, 0.177960717735934, 0.178694162944409, 0.179550753708447, 0.180522461477834, 0.181601596010214, 0.182780805389194, 0.184053076040354, 0.18541173274518, 0.186850438652955, 0.188363195290654, 0.189944342570949, 0.191588558798413, 0.193290860674055, 0.195046603298306, 0.196851480172602, 0.198701523199706, 0.200593102682921, 0.202522927324323, 0.204488044222165, 0.206485838867586, 0.208514035140747, 0.210570695306511, 0.212654220009783, 0.24331, 0.236448258617869, 0.23005421904954, 0.224110727880037, 0.218600969454324, 0.213508465872958, 0.20881707699032, 0.204511000415558, 0.200574771516368, 0.196993263425672, 0.193751687051231, 0.190835591088165, 0.188230862034319, 0.185923724208368, 0.183900739770482, 0.18214880874537, 0.180655169047445, 0.179407396507837, 0.178393404902951, 0.177601445984227, 0.177020109508779, 0.176638323270537, 0.176445353131562, 0.176430803053177, 0.176584615126582, 0.176897069602665, 0.177358784920697, 0.177960717735684, 0.178694162944153, 0.179550753708186, 0.180522461477569, 0.181601596009947, 0.182780805388926, 0.184053076040087, 0.185411732744916, 0.186850438652696, 0.188363195290401, 0.189944342570703, 0.191588558798177, 0.193290860673831, 0.195046603298095, 0.196851480172406, 0.198701523199527, 0.200593102682761, 0.202522927324184, 0.204488044222048, 0.206485838867494, 0.208514035140681, 0.210570695306472, 0.212654220009775, 0.24331, 0.236448258617857, 0.230054219049518, 0.224110727880007, 0.218600969454285, 0.213508465872912, 0.208817076990267, 0.204511000415498, 0.200574771516301, 0.196993263425598, 0.193751687051149, 0.190835591088074, 0.18823086203422, 0.185923724208261, 0.183900739770365, 0.182148808745244, 0.180655169047308, 0.17940739650769, 0.178393404902793, 0.177601445984058, 0.177020109508599, 0.176638323270346, 0.176445353131361, 0.176430803052966, 0.176584615126362, 0.176897069602436, 0.17735878492046, 0.17796071773544, 0.178694162943903, 0.179550753707932, 0.180522461477311, 0.181601596009688, 0.182780805388667, 0.184053076039828, 0.185411732744661, 0.186850438652445, 0.188363195290156, 0.189944342570467, 0.191588558797951, 0.193290860673617, 0.195046603297895, 0.196851480172221, 0.19870152319936, 0.200593102682613, 0.202522927324057, 0.204488044221945, 0.206485838867415, 0.208514035140628, 0.210570695306448, 0.212654220009781, 0.24331, 0.236448258617845, 0.230054219049496, 0.224110727879976, 0.218600969454246, 0.213508465872865, 0.208817076990212, 0.204511000415436, 0.200574771516232, 0.196993263425521, 0.193751687051064, 0.190835591087982, 0.188230862034119, 0.18592372420815, 0.183900739770246, 0.182148808745114, 0.180655169047168, 0.179407396507539, 0.178393404902631, 0.177601445983886, 0.177020109508415, 0.176638323270152, 0.176445353131156, 0.176430803052751, 0.176584615126137, 0.176897069602203, 0.177358784920218, 0.177960717735191, 0.178694162943648, 0.179550753707672, 0.180522461477048, 0.181601596009422, 0.182780805388401, 0.184053076039563, 0.185411732744399, 0.186850438652187, 0.188363195289905, 0.189944342570223, 0.191588558797717, 0.193290860673395, 0.195046603297686, 0.196851480172028, 0.198701523199184, 0.200593102682456, 0.202522927323921, 0.204488044221831, 0.206485838867326, 0.208514035140566, 0.210570695306414, 0.212654220009775, 0.24331, 0.236448258617834, 0.230054219049475, 0.224110727879945, 0.218600969454207, 0.213508465872819, 0.208817076990159, 0.204511000415376, 0.200574771516164, 0.196993263425447, 0.193751687050982, 0.190835591087892, 0.188230862034021, 0.185923724208043, 0.183900739770129, 0.182148808744988, 0.180655169047032, 0.179407396507393, 0.178393404902474, 0.177601445983717, 0.177020109508236, 0.176638323269962, 0.176445353130956, 0.176430803052541, 0.176584615125918, 0.176897069601975, 0.177358784919982, 0.177960717734948, 0.178694162943399, 0.179550753707418, 0.180522461476791, 0.181601596009164, 0.182780805388142, 0.184053076039306, 0.185411732744144, 0.186850438651937, 0.188363195289661, 0.189944342569988, 0.191588558797492, 0.193290860673181, 0.195046603297487, 0.196851480171844, 0.198701523199017, 0.200593102682309, 0.202522927323795, 0.204488044221728, 0.206485838867247, 0.208514035140514, 0.21057069530639, 0.212654220009782, 0.24331, 0.236448258617822, 0.230054219049453, 0.224110727879914, 0.218600969454168, 0.213508465872772, 0.208817076990105, 0.204511000415315, 0.200574771516096, 0.196993263425371, 0.193751687050899, 0.1908355910878, 0.188230862033921, 0.185923724207934, 0.183900739770011, 0.182148808744859, 0.180655169046893, 0.179407396507243, 0.178393404902314, 0.177601445983547, 0.177020109508055, 0.17663832326977, 0.176445353130754, 0.176430803052328, 0.176584615125696, 0.176897069601744, 0.177358784919743, 0.177960717734702, 0.178694162943147, 0.179550753707162, 0.180522461476531, 0.181601596008902, 0.182780805387879, 0.184053076039045, 0.185411732743886, 0.186850438651683, 0.188363195289414, 0.189944342569749, 0.191588558797263, 0.193290860672964, 0.195046603297283, 0.196851480171656, 0.198701523198847, 0.200593102682158, 0.202522927323664, 0.20448804422162, 0.206485838867165, 0.208514035140457, 0.210570695306362, 0.212654220009783, 0.24331, 0.236448258617811, 0.230054219049431, 0.224110727879884, 0.218600969454129, 0.213508465872725, 0.208817076990051, 0.204511000415253, 0.200574771516027, 0.196993263425295, 0.193751687050815, 0.190835591087708, 0.188230862033821, 0.185923724207825, 0.183900739769892, 0.182148808744731, 0.180655169046755, 0.179407396507094, 0.178393404902154, 0.177601445983376, 0.177020109507873, 0.176638323269578, 0.176445353130551, 0.176430803052115, 0.176584615125473, 0.176897069601512, 0.177358784919504, 0.177960717734456, 0.178694162942895, 0.179550753706905, 0.180522461476271, 0.181601596008639, 0.182780805387617, 0.184053076038783, 0.185411732743627, 0.186850438651429, 0.188363195289166, 0.189944342569509, 0.191588558797033, 0.193290860672746, 0.195046603297078, 0.196851480171466, 0.198701523198675, 0.200593102682005, 0.202522927323533, 0.204488044221511, 0.20648583886708, 0.208514035140399, 0.210570695306332, 0.212654220009783, 0.24331, 0.236448258617799, 0.23005421904941, 0.224110727879853, 0.21860096945409, 0.213508465872679, 0.208817076989997, 0.204511000415192, 0.200574771515959, 0.196993263425219, 0.193751687050732, 0.190835591087617, 0.18823086203372, 0.185923724207716, 0.183900739769774, 0.182148808744603, 0.180655169046616, 0.179407396506945, 0.178393404901994, 0.177601445983205, 0.177020109507691, 0.176638323269385, 0.176445353130348, 0.176430803051902, 0.176584615125251, 0.176897069601281, 0.177358784919264, 0.177960717734209, 0.178694162942642, 0.179550753706647, 0.18052246147601, 0.181601596008377, 0.182780805387353, 0.184053076038521, 0.185411732743368, 0.186850438651174, 0.188363195288917, 0.189944342569268, 0.191588558796802, 0.193290860672527, 0.195046603296873, 0.196851480171277, 0.198701523198502, 0.200593102681852, 0.202522927323401, 0.204488044221402, 0.206485838866995, 0.208514035140341, 0.210570695306301, 0.212654220009783, 0.24331, 0.236448258617787, 0.230054219049387, 0.224110727879821, 0.218600969454051, 0.213508465872631, 0.208817076989942, 0.20451100041513, 0.200574771515889, 0.196993263425142, 0.193751687050647, 0.190835591087524, 0.188230862033619, 0.185923724207605, 0.183900739769653, 0.182148808744472, 0.180655169046475, 0.179407396506794, 0.178393404901832, 0.177601445983032, 0.177020109507507, 0.17663832326919, 0.176445353130142, 0.176430803051686, 0.176584615125025, 0.176897069601046, 0.177358784919021, 0.177960717733959, 0.178694162942386, 0.179550753706387, 0.180522461475746, 0.18160159600811, 0.182780805387086, 0.184053076038255, 0.185411732743104, 0.186850438650915, 0.188363195288664, 0.189944342569023, 0.191588558796567, 0.193290860672303, 0.195046603296663, 0.196851480171082, 0.198701523198324, 0.200593102681693, 0.202522927323262, 0.204488044221286, 0.206485838866904, 0.208514035140275, 0.210570695306264, 0.212654220009774, 0.24331, 0.236448258617776, 0.230054219049366, 0.224110727879791, 0.218600969454012, 0.213508465872585, 0.208817076989889, 0.20451100041507, 0.200574771515822, 0.196993263425068, 0.193751687050565, 0.190835591087434, 0.188230862033521, 0.185923724207498, 0.183900739769537, 0.182148808744346, 0.180655169046339, 0.179407396506647, 0.178393404901675, 0.177601445982864, 0.177020109507329, 0.176638323269001, 0.176445353129942, 0.176430803051476, 0.176584615124806, 0.176897069600819, 0.177358784918786, 0.177960717733717, 0.178694162942138, 0.179550753706134, 0.18052246147549, 0.181601596007852, 0.182780805386828, 0.184053076037998, 0.18541173274285, 0.186850438650666, 0.188363195288422, 0.189944342568789, 0.191588558796343, 0.193290860672091, 0.195046603296465, 0.196851480170899, 0.198701523198159, 0.200593102681547, 0.202522927323138, 0.204488044221185, 0.206485838866827, 0.208514035140225, 0.210570695306242, 0.212654220009783, 0.24331, 0.236448258617764, 0.230054219049344, 0.22411072787976, 0.218600969453973, 0.213508465872538, 0.208817076989834, 0.204511000415008, 0.200574771515753, 0.19699326342499, 0.19375168705048, 0.190835591087341, 0.188230862033419, 0.185923724207387, 0.183900739769417, 0.182148808744216, 0.180655169046198, 0.179407396506496, 0.178393404901512, 0.17760144598269, 0.177020109507144, 0.176638323268805, 0.176445353129736, 0.17643080305126, 0.17658461512458, 0.176897069600583, 0.177358784918542, 0.177960717733466, 0.178694162941881, 0.179550753705872, 0.180522461475224, 0.181601596007585, 0.18278080538656, 0.184053076037731, 0.185411732742585, 0.186850438650405, 0.188363195288167, 0.189944342568542, 0.191588558796106, 0.193290860671866, 0.195046603296252, 0.196851480170702, 0.19870152319798, 0.200593102681386, 0.202522927322998, 0.204488044221067, 0.206485838866734, 0.208514035140158, 0.210570695306203, 0.212654220009773, 0.24331, 0.236448258617753, 0.230054219049322, 0.224110727879729, 0.218600969453934, 0.213508465872491, 0.20881707698978, 0.204511000414947, 0.200574771515685, 0.196993263424915, 0.193751687050397, 0.19083559108725, 0.188230862033319, 0.185923724207279, 0.183900739769299, 0.182148808744088, 0.18065516904606, 0.179407396506347, 0.178393404901353, 0.17760144598252, 0.177020109506963, 0.176638323268614, 0.176445353129534, 0.176430803051048, 0.176584615124358, 0.176897069600353, 0.177358784918304, 0.177960717733221, 0.17869416294163, 0.179550753705616, 0.180522461474965, 0.181601596007324, 0.182780805386299, 0.184053076037471, 0.185411732742328, 0.186850438650153, 0.188363195287921, 0.189944342568304, 0.191588558795878, 0.193290860671649, 0.19504660329605, 0.196851480170515, 0.19870152319781, 0.200593102681236, 0.202522927322868, 0.204488044220961, 0.206485838866652, 0.208514035140103, 0.210570695306175, 0.212654220009776, 0.24331, 0.236448258617741, 0.230054219049301, 0.224110727879699, 0.218600969453895, 0.213508465872445, 0.208817076989727, 0.204511000414886, 0.200574771515617, 0.19699326342484, 0.193751687050315, 0.19083559108716, 0.188230862033221, 0.185923724207171, 0.183900739769182, 0.182148808743962, 0.180655169045924, 0.1794073965062, 0.178393404901196, 0.177601445982352, 0.177020109506784, 0.176638323268424, 0.176445353129334, 0.176430803050838, 0.176584615124139, 0.176897069600125, 0.177358784918068, 0.177960717732978, 0.178694162941382, 0.179550753705363, 0.180522461474709, 0.181601596007066, 0.18278080538604, 0.184053076037213, 0.185411732742074, 0.186850438649903, 0.188363195287678, 0.189944342568069, 0.191588558795653, 0.193290860671437, 0.195046603295851, 0.196851480170332, 0.198701523197644, 0.200593102681089, 0.202522927322743, 0.204488044220858, 0.206485838866575, 0.208514035140052, 0.210570695306153, 0.212654220009783, 0.24331, 0.23644825861773, 0.230054219049279, 0.224110727879668, 0.218600969453856, 0.213508465872399, 0.208817076989673, 0.204511000414825, 0.200574771515549, 0.196993263424765, 0.193751687050231, 0.190835591087068, 0.188230862033121, 0.185923724207062, 0.183900739769064, 0.182148808743833, 0.180655169045785, 0.179407396506051, 0.178393404901036, 0.177601445982181, 0.177020109506602, 0.176638323268231, 0.176445353129131, 0.176430803050625, 0.176584615123916, 0.176897069599893, 0.177358784917829, 0.177960717732731, 0.178694162941129, 0.179550753705106, 0.180522461474448, 0.181601596006803, 0.182780805385777, 0.184053076036951, 0.185411732741814, 0.186850438649648, 0.188363195287429, 0.189944342567829, 0.191588558795422, 0.193290860671217, 0.195046603295645, 0.196851480170142, 0.198701523197471, 0.200593102680935, 0.20252292732261, 0.204488044220748, 0.206485838866489, 0.208514035139992, 0.210570695306121, 0.212654220009781, 0.24331, 0.236448258617718, 0.230054219049257, 0.224110727879637, 0.218600969453817, 0.213508465872352, 0.208817076989619, 0.204511000414765, 0.200574771515481, 0.19699326342469, 0.193751687050149, 0.190835591086977, 0.188230862033022, 0.185923724206954, 0.183900739768946, 0.182148808743706, 0.180655169045648, 0.179407396505904, 0.178393404900877, 0.177601445982012, 0.177020109506422, 0.176638323268041, 0.17644535312893, 0.176430803050414, 0.176584615123696, 0.176897069599664, 0.177358784917592, 0.177960717732487, 0.178694162940879, 0.179550753704851, 0.18052246147419, 0.181601596006543, 0.182780805385517, 0.184053076036693, 0.185411732741559, 0.186850438649397, 0.188363195287185, 0.189944342567592, 0.191588558795196, 0.193290860671003, 0.195046603295445, 0.196851480169957, 0.198701523197304, 0.200593102680787, 0.202522927322483, 0.204488044220644, 0.20648583886641, 0.208514035139939, 0.210570695306097, 0.212654220009787, 0.24331, 0.236448258617706, 0.230054219049235, 0.224110727879606, 0.218600969453778, 0.213508465872305, 0.208817076989565, 0.204511000414703, 0.200574771515412, 0.196993263424613, 0.193751687050064, 0.190835591086885, 0.188230862032921, 0.185923724206844, 0.183900739768827, 0.182148808743577, 0.180655169045508, 0.179407396505753, 0.178393404900716, 0.17760144598184, 0.177020109506239, 0.176638323267847, 0.176445353128725, 0.176430803050199, 0.176584615123471, 0.176897069599431, 0.17735878491735, 0.177960717732239, 0.178694162940625, 0.179550753704592, 0.180522461473927, 0.181601596006278, 0.182780805385251, 0.184053076036428, 0.185411732741297, 0.18685043864914, 0.188363195286933, 0.189944342567349, 0.191588558794962, 0.19329086067078, 0.195046603295236, 0.196851480169763, 0.198701523197127, 0.20059310268063, 0.202522927322346, 0.20448804422053, 0.20648583886632, 0.208514035139875, 0.21057069530606, 0.21265422000978, 0.24331, 0.236448258617695, 0.230054219049214, 0.224110727879575, 0.218600969453739, 0.213508465872259, 0.208817076989511, 0.204511000414642, 0.200574771515344, 0.196993263424537, 0.193751687049981, 0.190835591086794, 0.188230862032821, 0.185923724206736, 0.183900739768709, 0.182148808743449, 0.18065516904537, 0.179407396505604, 0.178393404900556, 0.17760144598167, 0.177020109506058, 0.176638323267655, 0.176445353128523, 0.176430803049987, 0.17658461512325, 0.1768970695992, 0.177358784917112, 0.177960717731993, 0.178694162940373, 0.179550753704336, 0.180522461473668, 0.181601596006017, 0.182780805384989, 0.184053076036167, 0.185411732741039, 0.186850438648886, 0.188363195286686, 0.18994434256711, 0.191588558794733, 0.193290860670564, 0.195046603295033, 0.196851480169575, 0.198701523196957, 0.200593102680479, 0.202522927322216, 0.204488044220423, 0.206485838866237, 0.208514035139819, 0.210570695306033, 0.212654220009782, 0.24331, 0.236448258617683, 0.230054219049192, 0.224110727879545, 0.2186009694537, 0.213508465872212, 0.208817076989457, 0.204511000414581, 0.200574771515275, 0.196993263424462, 0.193751687049898, 0.190835591086702, 0.188230862032721, 0.185923724206627, 0.18390073976859, 0.182148808743321, 0.180655169045232, 0.179407396505455, 0.178393404900397, 0.177601445981499, 0.177020109505876, 0.176638323267462, 0.17644535312832, 0.176430803049773, 0.176584615123027, 0.176897069598969, 0.177358784916872, 0.177960717731746, 0.17869416294012, 0.179550753704078, 0.180522461473407, 0.181601596005754, 0.182780805384726, 0.184053076035905, 0.18541173274078, 0.186850438648632, 0.188363195286437, 0.189944342566869, 0.191588558794502, 0.193290860670345, 0.195046603294827, 0.196851480169386, 0.198701523196784, 0.200593102680325, 0.202522927322084, 0.204488044220313, 0.206485838866152, 0.208514035139761, 0.210570695306002, 0.212654220009781, 0.24331, 0.236448258617672, 0.23005421904917, 0.224110727879514, 0.218600969453661, 0.213508465872165, 0.208817076989403, 0.20451100041452, 0.200574771515207, 0.196993263424386, 0.193751687049814, 0.190835591086611, 0.188230862032621, 0.185923724206518, 0.183900739768472, 0.182148808743192, 0.180655169045093, 0.179407396505306, 0.178393404900237, 0.177601445981328, 0.177020109505695, 0.17663832326727, 0.176445353128117, 0.17643080304956, 0.176584615122804, 0.176897069598737, 0.177358784916633, 0.1779607177315, 0.178694162939868, 0.179550753703821, 0.180522461473147, 0.181601596005491, 0.182780805384463, 0.184053076035643, 0.185411732740521, 0.186850438648377, 0.188363195286189, 0.189944342566629, 0.191588558794272, 0.193290860670126, 0.195046603294622, 0.196851480169196, 0.198701523196612, 0.200593102680172, 0.202522927321951, 0.204488044220203, 0.206485838866067, 0.208514035139702, 0.210570695305971, 0.21265422000978, 0.24331, 0.23644825861766, 0.230054219049148, 0.224110727879483, 0.218600969453622, 0.213508465872118, 0.208817076989349, 0.204511000414458, 0.200574771515139, 0.19699326342431, 0.193751687049731, 0.190835591086519, 0.188230862032521, 0.185923724206409, 0.183900739768353, 0.182148808743064, 0.180655169044955, 0.179407396505157, 0.178393404900077, 0.177601445981157, 0.177020109505513, 0.176638323267077, 0.176445353127914, 0.176430803049347, 0.176584615122582, 0.176897069598506, 0.177358784916393, 0.177960717731253, 0.178694162939616, 0.179550753703564, 0.180522461472886, 0.181601596005229, 0.1827808053842, 0.184053076035381, 0.185411732740261, 0.186850438648122, 0.188363195285941, 0.189944342566389, 0.191588558794041, 0.193290860669907, 0.195046603294417, 0.196851480169006, 0.198701523196439, 0.200593102680019, 0.202522927321819, 0.204488044220094, 0.206485838865982, 0.208514035139643, 0.21057069530594, 0.212654220009779, 0.24331, 0.236448258617648, 0.230054219049127, 0.224110727879452, 0.218600969453583, 0.213508465872072, 0.208817076989295, 0.204511000414397, 0.200574771515071, 0.196993263424235, 0.193751687049648, 0.190835591086428, 0.188230862032421, 0.1859237242063, 0.183900739768236, 0.182148808742937, 0.180655169044817, 0.179407396505009, 0.178393404899918, 0.177601445980988, 0.177020109505333, 0.176638323266886, 0.176445353127713, 0.176430803049136, 0.176584615122361, 0.176897069598276, 0.177358784916156, 0.177960717731009, 0.178694162939365, 0.179550753703309, 0.180522461472628, 0.181601596004969, 0.182780805383939, 0.184053076035122, 0.185411732740005, 0.186850438647871, 0.188363195285695, 0.189944342566152, 0.191588558793814, 0.193290860669692, 0.195046603294215, 0.19685148016882, 0.198701523196271, 0.200593102679869, 0.202522927321691, 0.204488044219988, 0.206485838865901, 0.208514035139589, 0.210570695305914, 0.212654220009783, 0.24331, 0.236448258617637, 0.230054219049105, 0.224110727879421, 0.218600969453544, 0.213508465872025, 0.208817076989241, 0.204511000414336, 0.200574771515002, 0.196993263424158, 0.193751687049563, 0.190835591086336, 0.18823086203232, 0.18592372420619, 0.183900739768116, 0.182148808742807, 0.180655169044677, 0.179407396504859, 0.178393404899757, 0.177601445980815, 0.177020109505149, 0.176638323266692, 0.176445353127508, 0.176430803048921, 0.176584615122137, 0.176897069598043, 0.177358784915914, 0.17796071773076, 0.178694162939111, 0.17955075370305, 0.180522461472365, 0.181601596004704, 0.182780805383674, 0.184053076034857, 0.185411732739743, 0.186850438647613, 0.188363195285444, 0.189944342565908, 0.191588558793581, 0.19329086066947, 0.195046603294007, 0.196851480168627, 0.198701523196095, 0.200593102679712, 0.202522927321554, 0.204488044219875, 0.206485838865812, 0.208514035139525, 0.210570695305879, 0.212654220009777, 0.24331, 0.236448258617625, 0.230054219049083, 0.224110727879391, 0.218600969453505, 0.213508465871979, 0.208817076989187, 0.204511000414275, 0.200574771514934, 0.196993263424083, 0.193751687049481, 0.190835591086245, 0.188230862032221, 0.185923724206082, 0.183900739767999, 0.18214880874268, 0.18065516904454, 0.179407396504711, 0.178393404899599, 0.177601445980646, 0.177020109504969, 0.176638323266502, 0.176445353127307, 0.17643080304871, 0.176584615121916, 0.176897069597814, 0.177358784915677, 0.177960717730516, 0.178694162938861, 0.179550753702795, 0.180522461472107, 0.181601596004444, 0.182780805383414, 0.184053076034599, 0.185411732739487, 0.186850438647362, 0.188363195285199, 0.189944342565671, 0.191588558793354, 0.193290860669255, 0.195046603293806, 0.196851480168441, 0.198701523195927, 0.200593102679563, 0.202522927321426, 0.20448804421977, 0.206485838865731, 0.208514035139472, 0.210570695305853, 0.212654220009781, 0.24331, 0.236448258617614, 0.230054219049061, 0.22411072787936, 0.218600969453466, 0.213508465871932, 0.208817076989133, 0.204511000414214, 0.200574771514865, 0.196993263424007, 0.193751687049397, 0.190835591086153, 0.188230862032121, 0.185923724205973, 0.18390073976788, 0.182148808742551, 0.180655169044401, 0.179407396504561, 0.178393404899438, 0.177601445980475, 0.177020109504787, 0.176638323266308, 0.176445353127103, 0.176430803048496, 0.176584615121692, 0.176897069597581, 0.177358784915437, 0.177960717730269, 0.178694162938607, 0.179550753702537, 0.180522461471845, 0.18160159600418, 0.182780805383149, 0.184053076034335, 0.185411732739227, 0.186850438647106, 0.188363195284949, 0.18994434256543, 0.191588558793122, 0.193290860669035, 0.195046603293599, 0.19685148016825, 0.198701523195752, 0.200593102679408, 0.202522927321292, 0.204488044219658, 0.206485838865645, 0.208514035139411, 0.21057069530582, 0.212654220009778, 0.24331, 0.236448258617602, 0.23005421904904, 0.224110727879329, 0.218600969453427, 0.213508465871886, 0.20881707698908, 0.204511000414154, 0.200574771514798, 0.196993263423933, 0.193751687049315, 0.190835591086063, 0.188230862032023, 0.185923724205866, 0.183900739767764, 0.182148808742426, 0.180655169044265, 0.179407396504415, 0.178393404899281, 0.177601445980307, 0.177020109504609, 0.17663832326612, 0.176445353126904, 0.176430803048287, 0.176584615121474, 0.176897069597354, 0.177358784915202, 0.177960717730027, 0.17869416293836, 0.179550753702285, 0.18052246147159, 0.181601596003923, 0.182780805382892, 0.184053076034079, 0.185411732738974, 0.186850438646857, 0.188363195284707, 0.189944342565196, 0.191588558792899, 0.193290860668823, 0.195046603293401, 0.196851480168068, 0.198701523195588, 0.200593102679263, 0.202522927321168, 0.204488044219557, 0.206485838865568, 0.208514035139361, 0.210570695305798, 0.212654220009786, 0.24331, 0.23644825861759, 0.230054219049018, 0.224110727879298, 0.218600969453388, 0.213508465871839, 0.208817076989026, 0.204511000414092, 0.200574771514729, 0.196993263423856, 0.193751687049231, 0.190835591085971, 0.188230862031922, 0.185923724205756, 0.183900739767644, 0.182148808742296, 0.180655169044125, 0.179407396504264, 0.17839340489912, 0.177601445980135, 0.177020109504425, 0.176638323265925, 0.176445353126699, 0.176430803048072, 0.176584615121249, 0.17689706959712, 0.17735878491496, 0.177960717729778, 0.178694162938105, 0.179550753702025, 0.180522461471326, 0.181601596003657, 0.182780805382626, 0.184053076033814, 0.185411732738711, 0.186850438646599, 0.188363195284455, 0.189944342564952, 0.191588558792664, 0.193290860668601, 0.195046603293192, 0.196851480167874, 0.198701523195411, 0.200593102679105, 0.202522927321031, 0.204488044219442, 0.206485838865478, 0.208514035139297, 0.210570695305762, 0.21265422000978, 0.24331, 0.236448258617579, 0.230054219048996, 0.224110727879267, 0.218600969453349, 0.213508465871792, 0.208817076988971, 0.204511000414031, 0.200574771514661, 0.19699326342378, 0.193751687049147, 0.190835591085879, 0.188230862031821, 0.185923724205647, 0.183900739767526, 0.182148808742167, 0.180655169043986, 0.179407396504115, 0.17839340489896, 0.177601445979964, 0.177020109504244, 0.176638323265733, 0.176445353126496, 0.176430803047859, 0.176584615121027, 0.176897069596889, 0.177358784914721, 0.177960717729532, 0.178694162937852, 0.179550753701768, 0.180522461471066, 0.181601596003395, 0.182780805382363, 0.184053076033552, 0.185411732738452, 0.186850438646345, 0.188363195284207, 0.189944342564712, 0.191588558792434, 0.193290860668382, 0.195046603292987, 0.196851480167684, 0.198701523195239, 0.200593102678952, 0.202522927320899, 0.204488044219333, 0.206485838865393, 0.208514035139238, 0.210570695305732, 0.212654220009779, 0.24331, 0.236448258617567, 0.230054219048975, 0.224110727879237, 0.21860096945331, 0.213508465871746, 0.208817076988918, 0.204511000413971, 0.200574771514594, 0.196993263423706, 0.193751687049066, 0.19083559108579, 0.188230862031724, 0.18592372420554, 0.18390073976741, 0.182148808742042, 0.180655169043851, 0.179407396503969, 0.178393404898803, 0.177601445979797, 0.177020109504066, 0.176638323265545, 0.176445353126298, 0.176430803047651, 0.176584615120809, 0.176897069596663, 0.177358784914487, 0.177960717729291, 0.178694162937606, 0.179550753701517, 0.180522461470812, 0.181601596003139, 0.182780805382107, 0.184053076033297, 0.1854117327382, 0.186850438646098, 0.188363195283967, 0.18994434256448, 0.191588558792212, 0.193290860668172, 0.195046603292791, 0.196851480167504, 0.198701523195076, 0.200593102678808, 0.202522927320776, 0.204488044219234, 0.206485838865318, 0.20851403513919, 0.210570695305712, 0.212654220009789, 0.24331, 0.236448258617556, 0.230054219048953, 0.224110727879206, 0.218600969453271, 0.213508465871699, 0.208817076988864, 0.204511000413909, 0.200574771514525, 0.19699326342363, 0.193751687048982, 0.190835591085698, 0.188230862031623, 0.185923724205431, 0.183900739767291, 0.182148808741913, 0.180655169043712, 0.17940739650382, 0.178393404898643, 0.177601445979626, 0.177020109503884, 0.176638323265352, 0.176445353126094, 0.176430803047437, 0.176584615120586, 0.176897069596431, 0.177358784914246, 0.177960717729043, 0.178694162937352, 0.179550753701258, 0.18052246147055, 0.181601596002875, 0.182780805381842, 0.184053076033034, 0.18541173273794, 0.186850438645841, 0.188363195283716, 0.189944342564238, 0.19158855879198, 0.193290860667951, 0.195046603292584, 0.196851480167312, 0.198701523194901, 0.200593102678652, 0.202522927320641, 0.204488044219121, 0.20648583886523, 0.208514035139128, 0.210570695305678, 0.212654220009785, 0.24331, 0.236448258617544, 0.230054219048931, 0.224110727879175, 0.218600969453232, 0.213508465871652, 0.208817076988809, 0.204511000413847, 0.200574771514456, 0.196993263423553, 0.193751687048897, 0.190835591085605, 0.188230862031522, 0.18592372420532, 0.183900739767171, 0.182148808741783, 0.180655169043571, 0.179407396503668, 0.178393404898481, 0.177601445979452, 0.177020109503699, 0.176638323265156, 0.176445353125888, 0.176430803047221, 0.17658461512036, 0.176897069596196, 0.177358784914003, 0.177960717728793, 0.178694162937096, 0.179550753700997, 0.180522461470285, 0.181601596002608, 0.182780805381575, 0.184053076032768, 0.185411732737676, 0.186850438645582, 0.188363195283463, 0.189944342563992, 0.191588558791744, 0.193290860667727, 0.195046603292373, 0.196851480167116, 0.198701523194723, 0.200593102678493, 0.202522927320503, 0.204488044219005, 0.206485838865139, 0.208514035139063, 0.21057069530564, 0.212654220009776, 0.24331, 0.236448258617532, 0.230054219048909, 0.224110727879144, 0.218600969453193, 0.213508465871606, 0.208817076988756, 0.204511000413787, 0.200574771514388, 0.196993263423478, 0.193751687048814, 0.190835591085514, 0.188230862031423, 0.185923724205212, 0.183900739767053, 0.182148808741656, 0.180655169043434, 0.179407396503521, 0.178393404898322, 0.177601445979283, 0.177020109503519, 0.176638323264966, 0.176445353125687, 0.17643080304701, 0.176584615120139, 0.176897069595966, 0.177358784913766, 0.177960717728549, 0.178694162936846, 0.179550753700742, 0.180522461470027, 0.181601596002348, 0.182780805381314, 0.184053076032508, 0.185411732737419, 0.18685043864533, 0.188363195283218, 0.189944342563755, 0.191588558791516, 0.193290860667512, 0.195046603292171, 0.19685148016693, 0.198701523194553, 0.200593102678343, 0.202522927320374, 0.204488044218899, 0.206485838865057, 0.208514035139007, 0.210570695305613, 0.212654220009779, 0.24331, 0.236448258617521, 0.230054219048888, 0.224110727879114, 0.218600969453154, 0.213508465871559, 0.208817076988702, 0.204511000413726, 0.20057477151432, 0.196993263423402, 0.193751687048731, 0.190835591085423, 0.188230862031323, 0.185923724205103, 0.183900739766935, 0.182148808741528, 0.180655169043296, 0.179407396503372, 0.178393404898163, 0.177601445979112, 0.177020109503338, 0.176638323264773, 0.176445353125485, 0.176430803046797, 0.176584615119917, 0.176897069595735, 0.177358784913527, 0.177960717728303, 0.178694162936594, 0.179550753700485, 0.180522461469767, 0.181601596002086, 0.182780805381052, 0.184053076032247, 0.18541173273716, 0.186850438645076, 0.188363195282969, 0.189944342563515, 0.191588558791286, 0.193290860667293, 0.195046603291966, 0.19685148016674, 0.198701523194381, 0.20059310267819, 0.202522927320241, 0.204488044218789, 0.206485838864972, 0.208514035138948, 0.210570695305582, 0.212654220009778, 0.24331, 0.236448258617509, 0.230054219048866, 0.224110727879083, 0.218600969453115, 0.213508465871513, 0.208817076988648, 0.204511000413665, 0.200574771514251, 0.196993263423327, 0.193751687048648, 0.190835591085331, 0.188230862031223, 0.185923724204995, 0.183900739766817, 0.1821488087414, 0.180655169043158, 0.179407396503224, 0.178393404898003, 0.177601445978943, 0.177020109503157, 0.176638323264582, 0.176445353125283, 0.176430803046585, 0.176584615119696, 0.176897069595505, 0.177358784913289, 0.177960717728058, 0.178694162936343, 0.17955075370023, 0.180522461469508, 0.181601596001825, 0.182780805380791, 0.184053076031987, 0.185411732736903, 0.186850438644823, 0.188363195282723, 0.189944342563276, 0.191588558791058, 0.193290860667077, 0.195046603291763, 0.196851480166553, 0.198701523194211, 0.200593102678039, 0.202522927320112, 0.204488044218683, 0.20648583886489, 0.208514035138893, 0.210570695305555, 0.21265422000978, 0.24331, 0.236448258617498, 0.230054219048844, 0.224110727879052, 0.218600969453076, 0.213508465871466, 0.208817076988595, 0.204511000413604, 0.200574771514183, 0.196993263423252, 0.193751687048565, 0.19083559108524, 0.188230862031123, 0.185923724204886, 0.183900739766699, 0.182148808741272, 0.18065516904302, 0.179407396503075, 0.178393404897844, 0.177601445978772, 0.177020109502976, 0.17663832326439, 0.17644535312508, 0.176430803046373, 0.176584615119474, 0.176897069595274, 0.17735878491305, 0.177960717727812, 0.178694162936091, 0.179550753699973, 0.180522461469248, 0.181601596001563, 0.182780805380528, 0.184053076031725, 0.185411732736645, 0.186850438644569, 0.188363195282475, 0.189944342563037, 0.191588558790828, 0.193290860666858, 0.195046603291558, 0.196851480166364, 0.198701523194039, 0.200593102677886, 0.20252292731998, 0.204488044218573, 0.206485838864805, 0.208514035138834, 0.210570695305524, 0.212654220009779, 0.24331, 0.236448258617486, 0.230054219048822, 0.224110727879021, 0.218600969453037, 0.213508465871419, 0.20881707698854, 0.204511000413542, 0.200574771514115, 0.196993263423175, 0.193751687048481, 0.190835591085148, 0.188230862031023, 0.185923724204777, 0.18390073976658, 0.182148808741143, 0.180655169042881, 0.179407396502925, 0.178393404897684, 0.177601445978601, 0.177020109502794, 0.176638323264197, 0.176445353124877, 0.176430803046159, 0.176584615119251, 0.176897069595042, 0.17735878491281, 0.177960717727565, 0.178694162935838, 0.179550753699716, 0.180522461468987, 0.1816015960013, 0.182780805380264, 0.184053076031463, 0.185411732736385, 0.186850438644314, 0.188363195282226, 0.189944342562796, 0.191588558790597, 0.193290860666639, 0.195046603291352, 0.196851480166173, 0.198701523193866, 0.200593102677732, 0.202522927319846, 0.204488044218462, 0.206485838864718, 0.208514035138774, 0.210570695305492, 0.212654220009776, 0.24331, 0.236448258617475, 0.230054219048801, 0.224110727878991, 0.218600969452998, 0.213508465871373, 0.208817076988487, 0.204511000413482, 0.200574771514047, 0.196993263423101, 0.193751687048398, 0.190835591085058, 0.188230862030924, 0.185923724204669, 0.183900739766463, 0.182148808741017, 0.180655169042744, 0.179407396502778, 0.178393404897526, 0.177601445978432, 0.177020109502614, 0.176638323264007, 0.176445353124676, 0.176430803045948, 0.17658461511903, 0.176897069594813, 0.177358784912573, 0.177960717727321, 0.178694162935588, 0.179550753699461, 0.180522461468729, 0.18160159600104, 0.182780805380004, 0.184053076031204, 0.185411732736129, 0.186850438644062, 0.188363195281981, 0.189944342562558, 0.19158855879037, 0.193290860666424, 0.195046603291151, 0.196851480165987, 0.198701523193697, 0.200593102677582, 0.202522927319717, 0.204488044218356, 0.206485838864637, 0.208514035138719, 0.210570695305465, 0.212654220009779, 0.24331, 0.236448258617463, 0.230054219048779, 0.22411072787896, 0.218600969452959, 0.213508465871326, 0.208817076988433, 0.20451100041342, 0.200574771513978, 0.196993263423024, 0.193751687048315, 0.190835591084966, 0.188230862030824, 0.185923724204559, 0.183900739766344, 0.182148808740888, 0.180655169042605, 0.179407396502628, 0.178393404897365, 0.177601445978261, 0.177020109502432, 0.176638323263814, 0.176445353124473, 0.176430803045735, 0.176584615118808, 0.176897069594582, 0.177358784912333, 0.177960717727074, 0.178694162935335, 0.179550753699204, 0.180522461468468, 0.181601596000777, 0.182780805379741, 0.184053076030942, 0.185411732735869, 0.186850438643807, 0.188363195281732, 0.189944342562318, 0.191588558790139, 0.193290860666205, 0.195046603290945, 0.196851480165797, 0.198701523193524, 0.200593102677428, 0.202522927319585, 0.204488044218246, 0.206485838864551, 0.208514035138659, 0.210570695305433, 0.212654220009777