-0.47371, -0.473546734693878, -0.473383469387755, -0.473220204081633, -0.47305693877551, -0.472893673469388, -0.472730408163265, -0.472567142857143, -0.472403877551021, -0.472240612244898, -0.472077346938776, -0.471914081632653, -0.471750816326531, -0.471587551020408, -0.471424285714286, -0.471261020408164, -0.471097755102041, -0.470934489795919, -0.470771224489796, -0.470607959183674, -0.470444693877551, -0.470281428571429, -0.470118163265307, -0.469954897959184, -0.469791632653062, -0.469628367346939, -0.469465102040817, -0.469301836734694, -0.469138571428572, -0.46897530612245, -0.468812040816327, -0.468648775510205, -0.468485510204082, -0.46832224489796, -0.468158979591837, -0.467995714285715, -0.467832448979593, -0.46766918367347, -0.467505918367348, -0.467342653061225, -0.467179387755103, -0.46701612244898, -0.466852857142858, -0.466689591836736, -0.466526326530613, -0.466363061224491, -0.466199795918368, -0.466036530612246, -0.465873265306123, -0.465710000000001, -0.47371, -0.475776310224464, -0.482119173430864, -0.492556585472018, -0.506906542202824, -0.52498703948028, -0.54661607316348, -0.571611639113621, -0.599791733194, -0.630974351270006, -0.664977489209112, -0.701619142880859, -0.740717308156828, -0.782089980910603, -0.825555157017721, -0.870930832355595, -0.918035002803419, -0.966685664242041, -1.01670081255381, -1.0678984436224, -1.12009655333261, -1.17311313757012, -1.22676619222129, -1.28087371317297, -1.33525369631226, -1.38972413752639, -1.44410303270263, -1.49820837772827, -1.55185816849073, -1.60487040087768, -1.65706307077742, -1.70825417407923, -1.758261706674, -1.80690366445492, -1.8539980433184, -1.89936283916513, -1.94281604790143, -1.98417566544082, -2.02325968770601, -2.05988611063126, -2.09387293016539, -2.12503814227563, -2.15319974295246, -2.17817572821621, -2.19978409412583, -2.21784283679108, -2.23216995238992, -2.24258343719409, -2.24890128760788, -2.25094150022975, -0.47371, -0.475776546101415, -0.482120138500236, -0.492558794756416, -0.506910532430332, -0.524993369082709, -0.546625322274573, -0.571624409567237, -0.599808648522331, -0.63099605670188, -0.665004651668447, -0.701652450985315, -0.740757472216743, -0.782137732928255, -0.825611250686965, -0.870996043061918, -0.918110127624434, -0.966771521542291, -1.0167982393977, -1.0680082908181, -1.12021967881141, -1.17325039738579, -1.22691843060311, -1.28104175025475, -1.33543831586336, -1.38992607249781, -1.4443229519842, -1.49844687096323, -1.55211573360791, -1.60514743004941, -1.65735984091552, -1.70857084329345, -1.75859831036879, -1.80726011962049, -1.85437415320855, -1.89975830843445, -1.9432304989166, -1.98460865588309, -2.02371074120563, -2.06035474939689, -2.09435872158034, -2.12554074778442, -2.15371896931295, -2.17871159236794, -2.20033689015655, -2.21841320479577, -2.23275894909829, -2.24319261775296, -2.24953278846973, -2.25159812287621, -0.47371, -0.475776475727635, -0.482119900963788, -0.492558336725741, -0.50690984403117, -0.524992483898053, -0.546624317344622, -0.57162340538936, -0.59980780905106, -0.630995589348959, -0.665004807302958, -0.701653523933922, -0.740759800264067, -0.782141697317428, -0.825617276120381, -0.871004597702205, -0.918121723095653, -0.966786712136703, -1.01681761683053, -1.06803247415231, -1.12024930098519, -1.17328608688796, -1.22696079121575, -1.28109133605771, -1.3354956062396, -1.38999144268378, -1.44439664608619, -1.49852897101207, -1.55220613415061, -1.60524580952967, -1.65746564230218, -1.70868326685888, -1.75871630572974, -1.80738239448056, -1.85449918288897, -1.89988436672869, -1.94335569133963, -1.98473095555739, -2.02382805132713, -2.06046496977405, -2.09445984366892, -2.12563095440416, -2.15379673919984, -2.17877583251369, -2.20038707243708, -2.21844950646926, -2.23278241684781, -2.24320533454067, -2.24953804260874, -2.25160057875076, -0.47371, -0.475776412252462, -0.482119689790073, -0.492557935865187, -0.50690925373052, -0.524991746639052, -0.546623517843972, -0.571622670598699, -0.599807308156964, -0.630995533773008, -0.66500545070188, -0.701655162199847, -0.74076277152493, -0.782146381937534, -0.825624096701178, -0.871014019083268, -0.918134252355899, -0.966802897883972, -1.01683804404224, -1.06805775419873, -1.12028005825654, -1.17332294058204, -1.22700433519074, -1.28114211395905, -1.33555408662074, -1.39005798968316, -1.44447149255634, -1.49861218769615, -1.5522976043734, -1.60534520068338, -1.6575723865465, -1.70879655392463, -1.75883507498749, -1.80750534365452, -1.85462477755652, -1.90001087108269, -1.94348120134014, -1.9848534347208, -2.0239453930442, -2.060575063695, -2.09456067055303, -2.12572068566896, -2.15387384131035, -2.17883919915981, -2.20043616102595, -2.21848447850529, -2.23280430187751, -2.24321619693387, -2.24954115057806, -2.25160057503483, -0.47371, -0.475776384306613, -0.482119615571783, -0.492557834159032, -0.506909180432219, -0.524991794755441, -0.546623817492995, -0.57162338900942, -0.599808649669638, -0.630997739839216, -0.665008799884761, -0.701659970174462, -0.740769391078775, -0.782155202971236, -0.825635546229389, -0.871028561235779, -0.918152388378977, -0.966825165512681, -1.01686501242684, -1.0680900140264, -1.12031820847773, -1.17336757031031, -1.22705600366527, -1.2812013257937, -1.33562126703997, -1.39013345532502, -1.44455542471419, -1.49870460161662, -1.55239832404629, -1.60545383043252, -1.65768829180112, -1.70891885404793, -1.75896263537288, -1.80763678441082, -1.85475848297598, -1.9001450203109, -1.94361380143691, -1.98498237892319, -2.02406852293756, -2.06069023544311, -2.09466584956213, -2.12581404596889, -2.15395386978021, -2.17890482754264, -2.20048690228439, -2.21852056708306, -2.23282685754639, -2.24322739150243, -2.24954437686102, -2.25160061750457, -0.47371, -0.475776359686588, -0.482119553992663, -0.492557759734641, -0.506909153729246, -0.524991912793417, -0.546624213744286, -0.571624233399245, -0.599810148576142, -0.631000136093609, -0.665012372771565, -0.701665035431875, -0.740776300899194, -0.782164346001958, -0.825647347573516, -0.871043482453333, -0.918170927488242, -0.966847856444704, -1.01689242003702, -1.06812272431405, -1.12035681541115, -1.17341265783812, -1.2271081257882, -1.28126098193523, -1.33568887739671, -1.39020933179544, -1.44463974425238, -1.49879737565125, -1.55249937336908, -1.60556275689394, -1.65780445915281, -1.7090413807964, -1.75909038690349, -1.80776838164449, -1.85489231180622, -1.9002792621819, -1.94374646631425, -1.98511136340239, -2.02419167226765, -2.06080540960358, -2.09477101774234, -2.1259073857823, -2.15403387132775, -2.17897042526584, -2.20053761118576, -2.21855662287047, -2.23284938038365, -2.24323855264692, -2.24954756758356, -2.25160061970841, -0.47371, -0.475776338295726, -0.482119504681039, -0.492557711781817, -0.506909172224221, -0.524992098634605, -0.546624703639509, -0.571625199865759, -0.599811799940709, -0.63100271649265, -0.665016162151404, -0.701670349549116, -0.740783491321251, -0.782173800107762, -0.825659488554423, -0.87105876931425, -0.918189855048968, -0.966870954876318, -1.01692024995835, -1.06815586710874, -1.120395860151, -1.17345818340563, -1.22716068105712, -1.28132106126229, -1.33575689608618, -1.39028559715298, -1.44472442905038, -1.49889048766839, -1.55260073037704, -1.60567195845739, -1.65792086754274, -1.70916411386884, -1.75921831025101, -1.80790011722467, -1.85502624734772, -1.90041358167107, -1.94387918287597, -1.98524037725462, -2.02431483259804, -2.06092058049354, -2.09487617246251, -2.12600070584023, -2.15411385036936, -2.17903600076742, -2.20058830053935, -2.21859266341138, -2.23287189304482, -2.24324970852561, -2.24955075681184, -2.25160062203974, -0.47371, -0.47577632012061, -0.482119467585848, -0.492557690190205, -0.506909235728434, -0.524992351995459, -0.546625286786386, -0.571626287896634, -0.599813603122232, -0.6310054802603, -0.665020167109741, -0.701675911472168, -0.740790961153043, -0.78218356396304, -0.825671967719563, -0.871074420248388, -0.918209169385346, -0.966894459040266, -1.01694850034834, -1.06818944051053, -1.12043534075903, -1.1735041450562, -1.22721366751736, -1.28138156184254, -1.33582532121821, -1.3903622495685, -1.44480947735763, -1.49898393601172, -1.55270239352151, -1.60578143369267, -1.65803751566706, -1.70928705209259, -1.75934640437576, -1.80803199024346, -1.85516028882026, -1.90054797811919, -1.9440119505749, -1.98536942003398, -2.02443800357198, -2.06103574783245, -2.09498131350494, -2.1260940059745, -2.15419380677351, -2.17910155394045, -2.20063897025188, -2.2186286886165, -2.23289439543648, -2.24326085903436, -2.24955394442611, -2.25160062435999, -0.47371, -0.475776305147656, -0.482119442655377, -0.49255769484803, -0.506909344050719, -0.524992672588699, -0.546625962787406, -0.571627496972622, -0.599815557470824, -0.631008426609735, -0.665024386719129, -0.701681720131874, -0.740798709185234, -0.782193636222403, -0.825684783594229, -0.871090433661067, -0.918228868794673, -0.966918367140088, -1.01697716933305, -1.06822344258594, -1.12047525526142, -1.17355054079578, -1.22726708317518, -1.28144248170309, -1.3358941508609, -1.39043928717031, -1.44489488738049, -1.4990777189817, -1.55280436121089, -1.60589118112737, -1.65815440218095, -1.7094101942559, -1.75947466820146, -1.80816399975948, -1.85529443541393, -1.90068245084189, -1.94414476884401, -1.9854984912809, -2.02456118482616, -2.06115091134116, -2.09508644066222, -2.12618728603714, -2.1542737404398, -2.17916708472114, -2.20068962028625, -2.21866469846696, -2.23291688755095, -2.24327200417133, -2.24955713042666, -2.25160062666958, -0.47371, -0.475776293363335, -0.482119429838135, -0.492557725643998, -0.506909497000733, -0.524993060128285, -0.54662673124678, -0.571628826576727, -0.599817662339415, -0.631011554757551, -0.665028820056154, -0.701687774463737, -0.740806734213759, -0.782204015546337, -0.825697934710172, -0.871106807964605, -0.918248951581735, -0.966942677387249, -1.01700625504681, -1.06825787141007, -1.12051560169314, -1.17359736863921, -1.22732092604579, -1.28150381888, -1.33596338309115, -1.39051670809532, -1.44498065733361, -1.49917183488672, -1.55290663186107, -1.60600119929611, -1.65827152574613, -1.70953353915298, -1.75960310065719, -1.8082961448361, -1.85542868632302, -1.90081699915844, -1.94427763711942, -1.98562759053846, -2.0246843759994, -2.06126607074223, -2.0951915537283, -2.12628054588117, -2.15435365126856, -2.17923259304611, -2.2007402506056, -2.21870069294388, -2.2329393693804, -2.24328314393441, -2.24956031481343, -2.25160062896857, -0.47371, -0.475776284758166, -0.48211942909822, -0.492557782500858, -0.506909694446963, -0.524993514417536, -0.546627591893764, -0.571630276357256, -0.599819917290494, -0.631014864177551, -0.665033466505084, -0.701694073763648, -0.7408150354493, -0.782214701065495, -0.825711420125199, -0.871123542153169, -0.91826941668827, -0.966967388683988, -1.01703575636673, -1.06829272585027, -1.12055637892795, -1.17364462748306, -1.22737519506485, -1.28156557236375, -1.33603301696901, -1.3905945114863, -1.44506678645388, -1.49926628306667, -1.55300920492117, -1.60611148776029, -1.6583888860359, -1.70965708656518, -1.75973170162488, -1.80842842544485, -1.85556304159637, -1.90095162318167, -1.94441055556391, -1.98575671800512, -2.02480757731181, -2.061381226264, -2.09529665292748, -2.1263737857162, -2.15443353944601, -2.1792980790719, -2.20079086133304, -2.21873667213609, -2.23296184098151, -2.24329427835334, -2.24956349759768, -2.25160063126136, -0.47371, -0.475776279316853, -0.482119440377395, -0.492557865292698, -0.506909936173999, -0.524994035132639, -0.546628544280151, -0.57163184572853, -0.599822321590746, -0.631018353981533, -0.665038325018495, -0.701700616823539, -0.74082361152464, -0.782225691257913, -0.825725238169926, -0.871140634420183, -0.918290262183656, -0.966992498991418, -1.01706567116376, -1.06832800370741, -1.12059758471834, -1.17369231505437, -1.22742988795767, -1.28162773990199, -1.3361030502877, -1.39067269520399, -1.44515327268968, -1.4993610615756, -1.55311207856628, -1.60622204482847, -1.65850648150153, -1.70978083509238, -1.75986046985549, -1.80856084048694, -1.85569750028169, -1.90108632209953, -1.94454352349708, -1.98588587312169, -2.02493078831363, -2.06149637755343, -2.09540173799032, -2.12646700534322, -2.15451340483081, -2.17936354270277, -2.2008414524074, -2.21877263600721, -2.23298430233426, -2.24330540741761, -2.24956667877303, -2.25160063354192, -0.47371, -0.475776276937455, -0.482119463288798, -0.492557973185478, -0.506910220759087, -0.524994620141307, -0.546629585464021, -0.571633530859618, -0.599824870461569, -0.631022018405289, -0.665043388829348, -0.701707395877038, -0.740832453698289, -0.782236976451922, -0.825739378308155, -0.871158073451295, -0.918311476082479, -0.967017995760972, -1.01709598643461, -1.06836369163215, -1.12063920547739, -1.17374041763661, -1.22748499098469, -1.28169030783695, -1.3361734695725, -1.39075124605408, -1.44524010321705, -1.49945615804192, -1.55321524095041, -1.6063328592442, -1.65862430153051, -1.70990477481083, -1.75998939614876, -1.80869338151032, -1.85583205468993, -1.90122108899111, -1.94467653476199, -1.9860150504822, -2.02505400432838, -2.06161152063404, -2.0955068056033, -2.12656020206755, -2.15459324529621, -2.17942898232263, -2.20089202265984, -2.21880858376632, -2.23300675295061, -2.24331653086128, -2.24956985820932, -2.25160063572403, -0.47371, -0.475776277369692, -0.482119496884082, -0.492558104137296, -0.506910544723576, -0.524995264237247, -0.546630708272841, -0.571635322425451, -0.599827552291354, -0.631025843468959, -0.665048641560126, -0.701714392171855, -0.740841540918365, -0.782248533423519, -0.825753815323531, -0.871175832269857, -0.918333029932151, -0.967043849340223, -1.0171266715946, -1.06839975836628, -1.12068120952296, -1.1737889033638, -1.22754047232584, -1.28175324461334, -1.33624424374072, -1.3908301336227, -1.44532724847514, -1.49955154392965, -1.55331866471826, -1.60644390497243, -1.65874232152861, -1.71002888266864, -1.76011845907606, -1.80882602877011, -1.85596668680009, -1.90135590757933, -1.94480957482565, -1.98614423727856, -2.02517721423467, -2.06172664601436, -2.09561184782994, -2.12665336941499, -2.15467305572021, -2.17949439403449, -2.20094256927438, -2.21884451351778, -2.2330291916781, -2.24332764808154, -2.24957303564355, -2.25160063765822, -0.47371, -0.475776280598986, -0.482119541107639, -0.492558258027734, -0.506910907861145, -0.524995967109815, -0.546631912275908, -0.5716372198622, -0.599830366372764, -0.631029828313998, -0.665054082196046, -0.701721604534623, -0.740850871853246, -0.782260360685839, -0.825768547579631, -0.871193909098256, -0.918354921824913, -0.967070057704988, -1.01715772451922, -1.06843620170313, -1.12072359458612, -1.17383776992593, -1.22759632965211, -1.28181654790584, -1.33631537049346, -1.39090935565973, -1.44541470628428, -1.49964721715006, -1.55342234789106, -1.60655518016141, -1.6588605397849, -1.71015315710601, -1.76024765723562, -1.80895878102599, -1.85610139553341, -1.9014907769441, -1.94494264292106, -1.98627343288894, -2.02530041754611, -2.06184175333229, -2.09571686442039, -2.12674650723541, -2.15475283603967, -2.17955977784973, -2.20099309232494, -2.21888042538678, -2.23305161868278, -2.24333875927589, -2.24957621129619, -2.25160063958064, -0.47371, -0.475776286613697, -0.482119595915149, -0.492558434760979, -0.506911310007888, -0.524996728512638, -0.546633197132227, -0.57163922272432, -0.599833312147994, -0.631033972264847, -0.66505970994053, -0.701729032046697, -0.740860445463397, -0.782272457081849, -0.825783573807543, -0.871212302563538, -0.918377150293827, -0.967096619306626, -1.01718914359234, -1.06847301997487, -1.12076635896435, -1.17388701560368, -1.22765256124575, -1.2818802160166, -1.33638684817073, -1.3909889105602, -1.44550247511043, -1.49974317625426, -1.55352628911728, -1.60666668356681, -1.65897895516939, -1.71027759711182, -1.76037698973679, -1.80909163750673, -1.85623618023443, -1.90162569653972, -1.94507573860421, -1.98640263696147, -2.02542361399226, -2.06195684238745, -2.09582185523273, -2.12683961543392, -2.15483258619604, -2.17962513373634, -2.20104359179746, -2.21891631937013, -2.23307403396685, -2.24334986444813, -2.24957938517071, -2.25160064149422, -0.47371, -0.475776295402972, -0.482119661265354, -0.492558634247958, -0.506911751011652, -0.524997548217355, -0.54663456252624, -0.571641330600206, -0.599836389102685, -0.631038274699831, -0.665065524062159, -0.701736673866629, -0.740870260799192, -0.782284821557744, -0.825798892855417, -0.871231011424084, -0.918399714017923, -0.967123532757369, -1.0172209273738, -1.06851021170487, -1.12080950116152, -1.17393663889907, -1.22770916562485, -1.28194424749756, -1.33645867537559, -1.39106879699451, -1.44559055370617, -1.49983942009, -1.55363048735065, -1.60677841425662, -1.65909756686986, -1.71040220199618, -1.76050645601166, -1.80922459776317, -1.85637104056668, -1.90176066613393, -1.94520886173641, -1.98653184943857, -2.02554680358298, -2.06207191324257, -2.09592682036764, -2.12693269413435, -2.15491230632181, -2.17969046182188, -2.20109406780201, -2.21895219555252, -2.2330964375866, -2.24336096362806, -2.2495825572773, -2.25160064340152, -0.47371, -0.475776306957692, -0.482119737123593, -0.492558856413826, -0.506912230744553, -0.52499842603198, -0.546636008192586, -0.571643543143638, -0.599839596804057, -0.631042735095699, -0.665071523945089, -0.701744529285649, -0.740880317060392, -0.782297453225056, -0.825814503751588, -0.87125003463185, -0.918422611881386, -0.967150796884027, -1.01725307464496, -1.06854777564224, -1.12085301990865, -1.17398663853976, -1.22776614152876, -1.28200864111475, -1.33653085091527, -1.39114901382485, -1.44567894100125, -1.49993594766573, -1.55373494168764, -1.60689037142256, -1.65921637417815, -1.71052697115363, -1.76063605555759, -1.80935766139318, -1.85650597622403, -1.90189568550997, -1.94534201218178, -1.98666107025538, -2.02566998631334, -2.06218696594077, -2.09603175990391, -2.12702574343851, -2.15499199652926, -2.17975576221666, -2.20114452043497, -2.21898805400873, -2.23311882959199, -2.24337205684209, -2.24958572762463, -2.25160064530367, -0.47371, -0.475776321266411, -0.482119823446274, -0.492559101164341, -0.506912749045377, -0.524999361714189, -0.546637533795879, -0.571645859916399, -0.599842934703487, -0.631047352788021, -0.665077708805877, -0.701752597400274, -0.740890613224633, -0.782310350945889, -0.825830405248158, -0.871269370836652, -0.918445842441646, -0.967178410163734, -1.01728558381665, -1.06858571014703, -1.12089691353176, -1.17403701283537, -1.22782348726874, -1.28207339519914, -1.33660337315814, -1.39122955947387, -1.44576763548826, -1.50003275755795, -1.55383965080072, -1.60700255384267, -1.65933537598496, -1.71065190359188, -1.76076578750086, -1.80949082764058, -1.85664098656411, -1.90203075413334, -1.94547518950574, -1.98679029906771, -2.02579316191895, -2.06230200028614, -2.09613667370265, -2.12711876325327, -2.15507165676036, -2.17982103488811, -2.20119494968068, -2.21902389473302, -2.23314120998172, -2.24338314408962, -2.24958889621071, -2.25160064719709, -0.47371, -0.475776367150481, -0.482120030999683, -0.492559609850162, -0.506913722004477, -0.525000985765231, -0.546640019435373, -0.571649441318804, -0.599847869721386, -0.631053922952404, -0.665086219326528, -0.701763377166317, -0.74090401480523, -0.782326750591127, -0.825850202890127, -0.871292990090717, -0.918473730607913, -0.967211038229158, -1.01732344262796, -1.06862930196392, -1.12094674019617, -1.17409355930232, -1.22788720315792, -1.28214467182069, -1.33668252040531, -1.3913167784616, -1.44586299340704, -1.50013615873968, -1.55395081292137, -1.60712099164097, -1.65946038304965, -1.7107825455567, -1.76090089453283, -1.80962900270939, -1.85678061447873, -1.90217003086679, -1.94561215393328, -1.98692288896257, -2.02591927395716, -2.0624195540236, -2.09624370352243, -2.12721351528605, -2.15515269071551, -2.17988735368261, -2.2012461337932, -2.21906024075698, -2.23316389304265, -2.24339438349781, -2.24959212369529, -2.251600677074, -0.47371, -0.475776415679748, -0.482120248599619, -0.492560140210444, -0.50691473196304, -0.525002665308278, -0.546642581697423, -0.571653122582798, -0.599852929418873, -0.631060643663813, -0.665094906781578, -0.701774360244554, -0.740917645536744, -0.782343404157433, -0.825870277625254, -0.871316907482484, -0.918501935299394, -0.967243998020797, -1.01736164473115, -1.06867324464688, -1.12099692104647, -1.17415045886327, -1.22795126658243, -1.282216286012, -1.33676199101587, -1.39140430265046, -1.44595863479639, -1.5002398185952, -1.55406220644423, -1.60723963174719, -1.65958556222111, -1.71091332905994, -1.76103611293169, -1.80976726010762, -1.85692029752928, -1.90230933800931, -1.94574912704634, -1.98705546921185, -2.02604536165921, -2.06253707247599, -2.09635069077371, -2.12730822089521, -2.15523367742639, -2.17995362689636, -2.20129727579096, -2.21909654914621, -2.23318654308035, -2.24340559367357, -2.24959532391671, -2.25160067880255, -0.47371, -0.475776466820244, -0.482120476116625, -0.492560691965076, -0.506915778441495, -0.525004399621848, -0.546645219582544, -0.571656902401162, -0.599858112157608, -0.631067512935776, -0.665103768825754, -0.701785543926611, -0.740931502349744, -0.78236030822273, -0.825890625693581, -0.871341118935233, -0.918530452150089, -0.967277284917201, -1.01740018528925, -1.06871753318904, -1.12104745095694, -1.1742077063297, -1.22801567235168, -1.28228823264535, -1.33684177999375, -1.39149212724811, -1.44605455514292, -1.50034373296773, -1.55417382764906, -1.60735847095959, -1.65971091089983, -1.71104425218966, -1.76117144156013, -1.80990559956122, -1.85706003639547, -1.90244867728693, -1.9458861117122, -1.98718804392181, -2.02617143047136, -2.06265456253426, -2.09645764390099, -2.12740289019225, -2.15531462878993, -2.18001986833545, -2.20134839151853, -2.21913283791889, -2.23320918042777, -2.24341679741177, -2.24959852228513, -2.25160068056779, -0.47371, -0.47577652056119, -0.482120713509682, -0.492561265025407, -0.506916861288249, -0.525006188478169, -0.546647932775626, -0.571660780362359, -0.599863417422625, -0.631074530144958, -0.665112804724497, -0.701796927365918, -0.740945584286948, -0.782377461722391, -0.825911245928579, -0.871365623188055, -0.918559279814301, -0.96731089749956, -1.01743906282377, -1.06876216606718, -1.12109832837567, -1.17426530013783, -1.22808041890716, -1.2823605101846, -1.33692188584188, -1.39158025081235, -1.44615075307375, -1.50044790056655, -1.55428567533806, -1.6074775081818, -1.65983642809688, -1.71117531406785, -1.7613068796518, -1.81004402041373, -1.85719983052644, -1.90258804824794, -1.94602310756992, -1.98732061281254, -2.02629748018386, -2.06277202404744, -2.09656456280055, -2.12749752310952, -2.15539554476399, -2.18008607797378, -2.20139948095763, -2.21916910705792, -2.23323180506389, -2.24342799468424, -2.24960171876375, -2.25160068232471, -0.47371, -0.475776576896632, -0.482120960756405, -0.492561859343572, -0.506917980422321, -0.525008031756932, -0.546650721112238, -0.571664756254465, -0.599868844952553, -0.631081694980011, -0.665122014117371, -0.701808510155264, -0.740959890898094, -0.782394864168254, -0.825932137810758, -0.871390419698123, -0.918588417735279, -0.967344835208026, -1.01747827678374, -1.06880714275197, -1.12114955280825, -1.17432323984148, -1.22814550586401, -1.28243311831858, -1.33700230833404, -1.39166867321165, -1.4462472285599, -1.50055232147071, -1.55439774970115, -1.60759674371451, -1.65996211422054, -1.71130651520392, -1.76144242780754, -1.81018252334447, -1.85733968066395, -1.9027274516777, -1.94616011542702, -1.98745317669019, -2.02642351157637, -2.06288945774672, -2.09667144813676, -2.12759212023026, -2.15547642584082, -2.18015225620751, -2.20145054440835, -2.21920535677245, -2.23325441711759, -2.2434391855557, -2.24960491337482, -2.25160068408034, -0.47371, -0.475776635827034, -0.482121217859142, -0.492562474925697, -0.506919135855997, -0.525009929479445, -0.546653584626052, -0.571668830127344, -0.599874394817754, -0.631089007536583, -0.665131397130581, -0.701820292457158, -0.740974422388235, -0.78241251581463, -0.825953301650884, -0.871415508840335, -0.918617866360212, -0.967379098570725, -1.0175178277871, -1.06885246395996, -1.12120112507829, -1.17438152637906, -1.22821093428219, -1.28250605823413, -1.33708304878752, -1.39175739589519, -1.44634398318137, -1.50065699738711, -1.55451005256506, -1.60771617949386, -1.66008797130236, -1.71143785770726, -1.76157808819321, -1.81032111055085, -1.85747958900845, -1.90286688974787, -1.94629713739156, -1.98758573756171, -2.02654952651487, -2.0630068653246, -2.09677830140394, -2.12768668283392, -2.15555727307676, -2.18021840387021, -2.20150158249063, -2.21924158748705, -2.23327701684535, -2.24345037015102, -2.24960810615734, -2.25160068584278, -0.47371, -0.475776697342973, -0.482121484782003, -0.492563111694179, -0.506920327456501, -0.52501188144609, -0.546656523040736, -0.57167300161986, -0.599880066565994, -0.631096467266842, -0.665140953117981, -0.701832273526225, -0.740989177913631, -0.782430415722074, -0.82597473641826, -0.871440889498984, -0.918647624496418, -0.967413686327823, -1.01755771451857, -1.06889812833367, -1.12125304380056, -1.17444015835297, -1.22827670276749, -1.28257932855627, -1.33716410586209, -1.39184641757224, -1.44644101571052, -1.50076192716322, -1.55462258286247, -1.60783581454577, -1.66021399846712, -1.71156934080465, -1.76171386013833, -1.8104597814633, -1.8576195550872, -1.90300636207638, -1.94643417316419, -1.98771829520121, -2.0266755248368, -2.06312424667118, -2.09688512253408, -2.12778121088408, -2.15563808645727, -2.18028452096071, -2.20155259520949, -2.21927779920724, -2.23329960424924, -2.24346154846668, -2.2496112971019, -2.25160068759834, -0.47371, -0.475776761434075, -0.482121761485497, -0.492563769563652, -0.506921555077824, -0.525013887437434, -0.546659536052632, -0.571677270335324, -0.599885859700732, -0.631104073569556, -0.665150681370803, -0.701844452545293, -0.741004156549836, -0.78244856286198, -0.825996440985214, -0.871466560454421, -0.91867769084134, -0.967448597104914, -1.01759793554472, -1.06894413439503, -1.1213053074678, -1.17449913424298, -1.22834280980337, -1.28265292778881, -1.33724547809815, -1.39193573683517, -1.44653832480593, -1.50086710953643, -1.5547353394202, -1.60795564779491, -1.66034019474342, -1.71170096363223, -1.7618497428875, -1.81059853543346, -1.85775957835497, -1.90314586821517, -1.94657122238622, -1.98785084933021, -2.02680150633376, -2.06324160163745, -2.0969919114268, -2.12787570431841, -2.15571886594829, -2.18035060746433, -2.2016035825621, -2.21931399193596, -2.23332217933353, -2.24347272050555, -2.24961448620906, -2.25160068934616, -0.47371, -0.475776828089643, -0.482122047928907, -0.492564448446111, -0.506922818569456, -0.525015947227297, -0.546662623348783, -0.571681635864945, -0.599891773710339, -0.631111825825311, -0.665160581158949, -0.701856828672742, -0.741019357344914, -0.782466956175357, -0.82601841419102, -0.871492520451551, -0.91870806405494, -0.967483829488493, -1.01763848939186, -1.06899048062479, -1.12135791453111, -1.17455845248709, -1.22840925383172, -1.28272685439444, -1.33732716399571, -1.39202535223703, -1.44663590908809, -1.50097254320744, -1.55484832103001, -1.60807567813273, -1.66046655912857, -1.71183272529684, -1.76198573565821, -1.81073737178801, -1.85789965824383, -1.90328540769575, -1.94670828468078, -1.98798339965429, -2.02692747078361, -2.06335893006279, -2.09709866797206, -2.12797016306685, -2.15579961150972, -2.18041666336199, -2.20165454454263, -2.21935016567435, -2.23334474210166, -2.24348388627041, -2.24961767347974, -2.25160069108591, -0.47371, -0.475776897299024, -0.482122344071686, -0.492565148253916, -0.506924117781509, -0.525018060590439, -0.546665784617535, -0.571686097801638, -0.599897808085325, -0.631119723417283, -0.665170651755381, -0.701869401070479, -0.741034779350926, -0.782485594607672, -0.826040654879848, -0.87151876824059, -0.918738742802863, -0.967519382071064, -1.01767937459254, -1.06903716551024, -1.12141086344824, -1.17461811153006, -1.22847603330118, -1.28280110684257, -1.33740916206144, -1.39211526233729, -1.44673376718368, -1.50107822688288, -1.55496152648924, -1.60819590445584, -1.66059309062465, -1.71196462490968, -1.76212183767183, -1.81087628985712, -1.85803979418888, -1.90342498005223, -1.94684535967326, -1.98811594588091, -2.02705341796578, -2.06347623178785, -2.09720539206088, -2.12806458706018, -2.15588032310219, -2.18048268863515, -2.20170548114571, -2.21938632042395, -2.23336729255742, -2.24349504576438, -2.24962085891521, -2.25160069281764, -0.47371, -0.475776969051609, -0.482122649873454, -0.492565868899789, -0.506925452564723, -0.525020227302562, -0.546669019548535, -0.571690655740015, -0.599903962318327, -0.631127765731228, -0.665180892436103, -0.701882168903924, -0.741050421623911, -0.782504477108827, -0.826063161900736, -0.871545302577024, -0.918769725756396, -0.9675552534511, -1.01772058968557, -1.06908418754511, -1.12146415268355, -1.17467810982332, -1.22854314666712, -1.2828756836093, -1.3374914708085, -1.39220546570177, -1.44683189772548, -1.50118415927517, -1.55507495460066, -1.60831632566594, -1.66071978823839, -1.71209666158616, -1.76225804815355, -1.81101528897428, -1.85817998562816, -1.90356458482126, -1.94698244699113, -1.98824848771929, -2.02717934766111, -2.0635935066544, -2.09731208358512, -2.12815897622983, -2.15596100068675, -2.18054868326562, -2.20175639236617, -2.21942245618642, -2.23338983070466, -2.2435061989906, -2.24962404251675, -2.25160069454138, -0.47371, -0.475777043336835, -0.482122965294, -0.492566610296818, -0.506926822770457, -0.525022447140298, -0.54667232783272, -0.571695309276378, -0.599910235904099, -0.631135952155467, -0.665191302480148, -0.701895131341994, -0.741066283223872, -0.782523602633134, -0.826085934107566, -0.871572122221592, -0.918801011592445, -0.967591442233017, -1.01776213321597, -1.06913154522956, -1.12151778070798, -1.17473844582499, -1.22861059239158, -1.28295058317732, -1.33757408875659, -1.39229596090261, -1.44693029935235, -1.50129033910252, -1.55518860417252, -1.60843694066979, -1.66084665098118, -1.71222883444592, -1.7623943663323, -1.81115436847633, -1.85832023200259, -1.90370422154195, -1.94711954626399, -1.98838102488037, -2.02730525965185, -2.06371075450532, -2.09741874243754, -2.12825333050788, -2.15604164422495, -2.1806146472355, -2.20180727819906, -2.21945857296353, -2.23341235654732, -2.24351734595224, -2.24962722428563, -2.25160069625716, -0.47371, -0.47577712014418, -0.482123290293278, -0.49256737235845, -0.506928228250685, -0.52502471988121, -0.546675709162317, -0.571700058008713, -0.599916628339504, -0.631144282080877, -0.665201881169564, -0.701908287557086, -0.741082363214751, -0.782542970139301, -0.826108970359047, -0.87159922594026, -0.918832598993511, -0.96762794702715, -1.01780400373495, -1.06917923707014, -1.12157174599903, -1.17479911799981, -1.22867836894324, -1.28302580403593, -1.33765701443187, -1.39238674651826, -1.44702897070921, -1.5013967650889, -1.55530247401846, -1.60855774837918, -1.66097367786902, -1.71236114261279, -1.76253079144079, -1.81129352770343, -1.85846053275599, -1.90384388975589, -1.94725665712349, -1.98851355707682, -2.02743115372163, -2.06382797518461, -2.09752536851172, -2.12834764982704, -2.15612225367877, -2.1806805805272, -2.20185813863961, -2.21949467075718, -2.23343487008938, -2.24352848665249, -2.24963040422312, -2.25160069796502, -0.47371, -0.475777199463167, -0.482123624831409, -0.492568154998492, -0.506929668858002, -0.525027045303786, -0.546679163230831, -0.571704901536682, -0.599923139123503, -0.631152754900879, -0.665212627789403, -0.701921636725064, -0.741098660664418, -0.782562578590409, -0.826132269518691, -0.871626612504197, -0.918864486647664, -0.967664766449719, -1.01784619979988, -1.06922726157979, -1.12162604704069, -1.17486012481912, -1.22874647479742, -1.28310134468102, -1.33774024636697, -1.39247782113343, -1.447127910447, -1.501503435964, -1.5554165629575, -1.6086787477109, -1.66110086792254, -1.71249358521479, -1.76266732271546, -1.81143276599904, -1.85860088733505, -1.90398358900715, -1.94739377920339, -1.98864608402303, -2.0275570296555, -2.06394516853736, -2.0976319617021, -2.12844193412065, -2.15620282901067, -2.18074648312347, -2.20190897368328, -2.21953074956939, -2.23345737133486, -2.24353962109456, -2.24963358233053, -2.25160069966499, -0.47371, -0.475777281283363, -0.482123968868681, -0.492568958131109, -0.506931144445609, -0.525029423187434, -0.546682689733047, -0.571709839461612, -0.599929767757147, -0.631161370011428, -0.665223541627704, -0.701935178025241, -0.741115174644651, -0.782582426953895, -0.826155830454789, -0.871654280689755, -0.918896673248519, -0.967701899122811, -1.01788871997426, -1.06927561727778, -1.12168068232348, -1.17492146476085, -1.22881490843602, -1.28317720361498, -1.33782378310091, -1.39256918333906, -1.44722711722267, -1.50161035046322, -1.55553086981405, -1.60879993758674, -1.66122822016691, -1.71262616138409, -1.76280395939649, -1.8115720827099, -1.8587412951893, -1.90412331884221, -1.94753091213947, -1.9887786054351, -2.02768288723987, -2.06406233440977, -2.09773852190397, -2.12853618332268, -2.15628337018355, -2.18081235500735, -2.2019597833257, -2.21956680940228, -2.23347986028787, -2.24355074928169, -2.24963675860913, -2.25160070135712, -0.47371, -0.475777365594378, -0.482124322365545, -0.492569781670821, -0.506932654867323, -0.525031853312481, -0.546686288365015, -0.571714871386492, -0.599936513743568, -0.631170126810997, -0.665234621975482, -0.701948910640364, -0.741131904231117, -0.782602514201529, -0.826179652040394, -0.871682229278442, -0.918929157495209, -0.96773934367435, -1.01793156282769, -1.06932430268969, -1.12173565034436, -1.17498313630945, -1.2288836683475, -1.28325337934673, -1.33790762317913, -1.39266083173231, -1.44732658969911, -1.50171750732764, -1.55564539341785, -1.60892131693345, -1.6613557336319, -1.71275887025697, -1.76294070072773, -1.81171147718602, -1.85888175577116, -1.90426307881002, -1.9476680555696, -1.98891112103079, -2.02780872626253, -2.0641794726491, -2.09784504901345, -2.12863039736774, -2.15636387716076, -2.18087819616218, -2.20201056756271, -2.2196028502581, -2.23350233695257, -2.24356187121713, -2.24963993306022, -2.25160070304142, -0.47371, -0.475777452385863, -0.482124685282616, -0.492570625532505, -0.506934199977563, -0.525034335460165, -0.546689958824053, -0.571719996915966, -0.599943376587968, -0.631179024700572, -0.665245868126716, -0.701962833756602, -0.741148848503358, -0.7826228393094, -0.8262037331533, -0.871710457056902, -0.918961938092361, -0.967777098738068, -1.01797472693585, -1.06937331634739, -1.12179094960672, -1.17504513795591, -1.22895275302684, -1.28332987039168, -1.33799176515341, -1.39275276491653, -1.44742632654518, -1.50182490530399, -1.55576013260394, -1.60904288468271, -1.6614834073518, -1.71289171097386, -1.76307754595673, -1.81185094878067, -1.85902226853583, -1.90440286846195, -1.94780520913368, -1.98904363052961, -2.02793454651263, -2.06429658310371, -2.09795154292749, -2.12872457619104, -2.15644434990609, -2.18094400657162, -2.20206132639035, -2.21963887213921, -2.23352480133317, -2.24357298690417, -2.2496431056851, -2.25160070471794, -0.47371, -0.475777541662126, -0.482125057637076, -0.49257148975474, -0.506935779844785, -0.525036869737245, -0.546693701263606, -0.571725216258501, -0.599950356562128, -0.63118806402349, -0.665257280504492, -0.701976947884941, -0.741166008068367, -0.78264340298856, -0.82622807461663, -0.871738964968296, -0.91899501611109, -0.967815165520904, -1.01801821364906, -1.06942265975151, -1.1218465817675, -1.17510747151816, -1.229022164456, -1.28340667889675, -1.33807621133421, -1.39284498536136, -1.44752633038222, -1.50193254715411, -1.55587509025961, -1.60916464382803, -1.66161124440269, -1.7130246866654, -1.76321449823609, -1.81199050063137, -1.85916283656436, -1.90454269077709, -1.94794237565958, -1.98917613656578, -2.02806035039568, -2.06441366792286, -2.0980580055197, -2.12881872137966, -2.15652478971803, -2.18100978725271, -2.20211206056075, -2.21967487555911, -2.23354725374052, -2.24358409649693, -2.24964627653702, -2.25160070640487, -0.47371, -0.475777633417012, -0.482125439405707, -0.492572374287719, -0.506937394384451, -0.525039456017702, -0.546697515510804, -0.571730529190392, -0.599957453388914, -0.631197244447972, -0.665268858722565, -0.701991252586229, -0.741183382437024, -0.782664204704258, -0.826252675855715, -0.871767752405135, -0.919028390919579, -0.967853543376582, -1.01806202231759, -1.06947233226072, -1.12190254620613, -1.17517013640898, -1.22909190209358, -1.28348380437828, -1.33816096130669, -1.39293749273058, -1.44762660096081, -1.50204043272163, -1.55599026632545, -1.60928659440837, -1.66173924492069, -1.7131577975608, -1.76335155788128, -1.81213013313019, -1.85930346031312, -1.90468254626136, -1.94807955568586, -1.9893086396931, -2.02818613846308, -2.0645307276382, -2.09816443728521, -2.12891283337634, -2.15660519697514, -2.1810755385124, -2.20216277030645, -2.21971086067775, -2.23356969426883, -2.24359520003561, -2.24964944561895, -2.25160070808982, -0.47371, -0.475777727648371, -0.48212583058072, -0.492573279115329, -0.506939043570241, -0.525042094263926, -0.546701401516469, -0.571735935651419, -0.599964666998383, -0.631206565896487, -0.665280602698745, -0.702005747777346, -0.741200971529822, -0.782685244385932, -0.826277536815081, -0.871796819333977, -0.919062062514157, -0.967892232339755, -1.01810615302354, -1.06952233401402, -1.12195884312804, -1.17523313290947, -1.22916196630508, -1.28356124729407, -1.33824601562757, -1.39303028768502, -1.44772713904919, -1.50214856288338, -1.55610566178558, -1.60940873751132, -1.66186741009022, -1.71329104493185, -1.76348872623903, -1.81226984768359, -1.85944414123031, -1.90482243638418, -1.94821675068024, -1.98944114135263, -2.02831191210254, -2.06464776355579, -2.09827083941894, -2.12900691323444, -2.15668557256841, -2.18114126106825, -2.20221345617045, -2.21974682787256, -2.23359212314897, -2.24360629763375, -2.24965261296649, -2.25160070977998, -0.47371, -0.475777824345957, -0.482126231123109, -0.492574204153258, -0.506940727257957, -0.525044784259215, -0.546705358980746, -0.571741435249885, -0.599971996900281, -0.631216027775465, -0.665292511733351, -0.702020432651684, -0.741218774434358, -0.78270652101849, -0.826302656382018, -0.871826164551527, -0.919096029609948, -0.967931231054926, -1.01815060435347, -1.06957266355406, -1.1220154710471, -1.17529645952062, -1.22923235559481, -1.28363900616791, -1.33833137285599, -1.39312336883414, -1.447827943321, -1.50225693638936, -1.55622127547682, -1.60953107206878, -1.66199573894421, -1.7134244279161, -1.76362600255262, -1.81240964363934, -1.85958487876459, -1.90496236068953, -1.94835396027468, -1.98957364125557, -2.02843767109479, -2.06476477551564, -2.0983772118097, -2.12910096088136, -2.15676591645411, -2.18120695489661, -2.20226411814155, -2.21978277713842, -2.23361454037708, -2.24361738928547, -2.24965577857013, -2.25160071146229, -0.47371, -0.475777923499516, -0.482126640993847, -0.492575149317148, -0.506942445303313, -0.525047525786728, -0.546709387603571, -0.571747027593806, -0.599979442603965, -0.63122562949083, -0.665304585126073, -0.702035306401847, -0.741236790237275, -0.782728033585702, -0.826328033442467, -0.871855786852912, -0.919130290920241, -0.967970538164491, -1.01819537489152, -1.06962331942077, -1.12207242847415, -1.17536011473997, -1.22930306846325, -1.28371707951945, -1.33841703154653, -1.39321673478245, -1.44792901244449, -1.50236555198393, -1.55633710622997, -1.60965359700632, -1.66212423050907, -1.71355794564443, -1.76376338605862, -1.81254952033846, -1.85972567235802, -1.90510231871496, -1.94849118409505, -1.98970613910753, -2.02856341521566, -2.06488176335359, -2.09848355434307, -2.12919497624232, -2.15684622858761, -2.18127261997438, -2.20231475621069, -2.2198187084742, -2.23363694595528, -2.24362847499309, -2.24965894243096, -2.25160071313684, -0.47371, -0.475778025105357, -0.482127060179205, -0.492576114577914, -0.506944197657586, -0.525050318774848, -0.546713487288211, -0.571752712560135, -0.599987003959909, -0.631235370867448, -0.66531682267806, -0.702050368808195, -0.7412550187021, -0.782749781839244, -0.826353667742274, -0.871885685985194, -0.919164846201389, -0.968010153443198, -1.0182404644407, -1.06967430145576, -1.12212971529988, -1.17542409851761, -1.22937410492959, -1.28379546744574, -1.33850299188156, -1.3933103858034, -1.44803034678786, -1.50247441013115, -1.55645315460339, -1.60977631297199, -1.66225288551467, -1.71369159891744, -1.76390087761383, -1.81268947867618, -1.85986652292322, -1.90524231137035, -1.94862842302925, -1.9898386357567, -2.02868914525769, -2.06499872779282, -2.09858986766175, -2.12928895987143, -2.15692650942968, -2.18133825666789, -2.20236537065257, -2.21985462206992, -2.23365934000015, -2.24363955481532, -2.2496621045698, -2.25160071481103, -0.47371, -0.475778129144233, -0.482127488605722, -0.492577099776409, -0.506945984047965, -0.525053162812614, -0.546717657464564, -0.571758489402134, -0.59999468003074, -0.631245250766799, -0.665329223042635, -0.702065618312376, -0.74127345805878, -0.782771763800833, -0.826379557101887, -0.87191585957801, -0.919199692906171, -0.968050074184416, -1.01828587015565, -1.06972560669856, -1.12218732847496, -1.17548840774385, -1.22944546185426, -1.28387416680934, -1.33858925075903, -1.39340431886352, -1.44813194341915, -1.50258350803005, -1.55656941795279, -1.6098992174989, -1.66238170168698, -1.71382538566404, -1.76403847535483, -1.81282951699618, -1.86000742900514, -1.90538233739356, -1.94876567599757, -1.98997113029342, -2.02881486046747, -2.06511566822122, -2.09869615127932, -2.1293829113921, -2.15700675869769, -2.18140386477296, -2.20241596132655, -2.21989051783435, -2.23368172245663, -2.24365062872108, -2.24966526496849, -2.25160071646959, -0.47371, -0.475778235598139, -0.482127926204615, -0.492578104763518, -0.506947804218654, -0.525056057514425, -0.546721897597304, -0.571764357418054, -0.600002469934793, -0.63125526811703, -0.665341784950692, -0.702081053444184, -0.741292106635376, -0.782793977599377, -0.826405699456853, -0.87194630538255, -0.919234828613641, -0.968090297810491, -1.01833158932042, -1.06977723231605, -1.12224526507262, -1.17555303942393, -1.22951713620197, -1.28395317456331, -1.3386758051503, -1.39349853098184, -1.44823379943339, -1.50269284287832, -1.55668589360315, -1.61002230806034, -1.66251067666497, -1.71395930370139, -1.76417617728456, -1.81296963349131, -1.86014838898743, -1.90552239535685, -1.94890294175578, -1.99010362164943, -2.02894055994297, -2.0652325838915, -2.09880240459032, -2.12947683032674, -2.15708697602719, -2.18146944402313, -2.20246652804878, -2.21992639565079, -2.23370409325984, -2.24366169668216, -2.24966842362049, -2.25160071811298, -0.47371, -0.475778344457198, -0.482128372938293, -0.492579129457993, -0.506949658030712, -0.525059002671497, -0.546726207397564, -0.57177031623059, -0.600010373199882, -0.631265422346519, -0.665354507728524, -0.702096673427071, -0.741310963553639, -0.782816422257967, -0.826432093736542, -0.871977022241303, -0.919270252088137, -0.968130823018247, -1.0183776205766, -1.06982917690816, -1.12230352366582, -1.17561799211916, -1.22958912653802, -1.28403248929259, -1.33876265367517, -1.39359302082746, -1.4483359135623, -1.50280241348207, -1.55680258044495, -1.61014558363921, -1.6626398095297, -1.71409335221206, -1.76431398268784, -1.81310982754723, -1.86028940235297, -1.90566248483476, -1.9490402199629, -1.9902361095597, -2.02906624348575, -2.06534947466185, -2.09890862749953, -2.12957071661695, -2.15716716138743, -2.18153499440702, -2.20251707082017, -2.2199622555267, -2.23372645241959, -2.24367275870807, -2.24967158053408, -2.25160071974896, -0.47371, -0.475778455707785, -0.48212882875484, -0.492580173747516, -0.506951545291867, -0.525061997994615, -0.546730586464751, -0.571776365315902, -0.600018389169599, -0.631275712659537, -0.665367390436882, -0.702112477176626, -0.741330027584919, -0.782839096407189, -0.826458738436816, -0.872008008523999, -0.919305961584412, -0.968171647961173, -1.01842396199242, -1.06988143847589, -1.122362102208, -1.17568326375647, -1.22966143078487, -1.28411210893673, -1.33884979431101, -1.39368778643508, -1.44843828391585, -1.50291221804256, -1.55691947678454, -1.61026904265824, -1.66276909882902, -1.71422752987497, -1.76445189037791, -1.81325009811194, -1.86043046818233, -1.9058026050359, -1.94917750994889, -1.99036859346711, -2.02919191064181, -2.06546634017057, -2.09901481972618, -2.12966457005133, -2.15724731462497, -2.18160051581819, -2.20256758957103, -2.21999809741984, -2.23374879991276, -2.2436838147877, -2.24967473570427, -2.25160072137396, -0.47371, -0.475778569340289, -0.482129293617669, -0.492581237553008, -0.506953465866873, -0.525065043280537, -0.546735034517641, -0.571782504306644, -0.600026517384183, -0.631286138499456, -0.66538043241966, -0.70212846393651, -0.741349297873723, -0.782861999095326, -0.826485632514501, -0.872039263102624, -0.919341955898074, -0.968212771368799, -1.01847061224324, -1.06993401565364, -1.1224209993068, -1.17574885293165, -1.22973404754173, -1.2841920321135, -1.33893722570899, -1.39378282650327, -1.44854090925294, -1.50302225539044, -1.55703658153397, -1.61039268411866, -1.66289854365891, -1.71436183588423, -1.76458989964803, -1.81339044457671, -1.86057158596153, -1.90594275553583, -1.94931481137196, -1.9905010731044, -2.02931756120936, -2.06558318027176, -2.09912098117048, -2.12975839056668, -2.15732743570425, -2.18166600824062, -2.20261808429788, -2.22003392133355, -2.2337711357453, -2.24369486492688, -2.24967788913558, -2.25160072299171, -0.47371, -0.475778685344917, -0.482129767489505, -0.492582320793906, -0.506955419617952, -0.525068138322223, -0.546739551269769, -0.571788732828638, -0.60003475737534, -0.631296699299342, -0.665393633008647, -0.702144632936465, -0.741368773548868, -0.782885129353268, -0.826512774907442, -0.872070784828738, -0.919378233803039, -0.968254191947919, -1.01851756998086, -1.06998690705169, -1.1224802135455, -1.1758147582161, -1.22980697538359, -1.284272257417, -1.3390249464973, -1.3938781397086, -1.44864378831162, -1.50313252433691, -1.55715389358747, -1.61051650700556, -1.66302814310099, -1.71449626942139, -1.76472800978075, -1.81353086632387, -1.86071275516925, -1.90608293590423, -1.9494521238858, -1.99063354820089, -2.02944319498409, -2.06569999481758, -2.09922711173112, -2.1298521780985, -2.1574075245884, -2.1817314716568, -2.20266855499547, -2.22006972726903, -2.23379345992052, -2.24370590912832, -2.24968104082903, -2.25160072460209, -0.47371, -0.475778803711915, -0.482130250333227, -0.492583423389976, -0.50695740640789, -0.525071282913482, -0.546744136435842, -0.571795050509242, -0.6000431086767, -0.631307394494593, -0.665406991538377, -0.702160983409409, -0.741388453742768, -0.782908486215915, -0.826540164557884, -0.872102572558667, -0.91941479407832, -0.968295908410716, -1.01856483386275, -1.07004011128618, -1.12253974351334, -1.17588097818727, -1.22988021289155, -1.2843527834473, -1.33911295531002, -1.39397372473334, -1.44874691983547, -1.50324302369845, -1.55727141184419, -1.61064051030863, -1.66315789624112, -1.71463082967186, -1.76486622006207, -1.81367136273878, -1.86085397528684, -1.90622314571311, -1.94958944714603, -1.99076601848752, -2.02956881176298, -2.06581678366128, -2.09933321130766, -2.12994593258297, -2.15748758124107, -2.18179690604964, -2.20271900165882, -2.22010551522769, -2.23381577244194, -2.24371694739488, -2.24968419078579, -2.25160072620512
31.1908, 31.1908, 31.1908, 31.1908, 31.1908, 31.1908, 31.1908, 31.1908, 31.1908, 31.1908, 31.1908, 31.1908, 31.1908, 31.1908, 31.1908, 31.1908, 31.1908, 31.1908, 31.1908, 31.1908, 31.1908, 31.1908, 31.1908, 31.1908, 31.1908, 31.1908, 31.1908, 31.1908, 31.1908, 31.1908, 31.1908, 31.1908, 31.1908, 31.1908, 31.1908, 31.1908, 31.1908, 31.1908, 31.1908, 31.1908, 31.1908, 31.1908, 31.1908, 31.1908, 31.1908, 31.1908, 31.1908, 31.1908, 31.1908, 31.1908, 31.1908, 31.1887208489388, 31.1826536743509, 31.1727682009712, 31.1592341535325, 31.1422212567658, 31.1218992354001, 31.0984378141624, 31.0720067177778, 31.0427756709694, 31.0109143984585, 30.9765926249642, 30.9399800752039, 30.9012464738931, 30.8605615457454, 30.8180950154728, 30.7740166077855, 30.7284960473923, 30.6817030590004, 30.6338073673159, 30.5849786970438, 30.5353867728884, 30.4852013195531, 30.4345920617412, 30.3837287241554, 30.3327810314987, 30.2819187084735, 30.2313114797828, 30.181129070129, 30.1315412042145, 30.0827176067411, 30.0348280024095, 29.9880421159192, 29.9425296719674, 29.8984603952482, 29.8560040104518, 29.8153302422633, 29.7766088153608, 29.740009454414, 29.7057018840818, 29.6738558290096, 29.6446410138254, 29.6182271631359, 29.5947840015195, 29.5744812535189, 29.5574886436295, 29.5439758962827, 29.5341127358228, 29.5280688864704, 29.526014072265, 31.1908, 31.18872438216, 31.1826672236628, 31.1727976697757, 31.159284865766, 31.1422979569023, 31.1220060884561, 31.0985784057029, 31.0721840539245, 31.0429921784096, 31.0111719244561, 30.9768924373718, 30.9403228624757, 30.9016323450982, 30.860990030581, 30.818565064277, 30.7745265915492, 30.7290437586908, 30.6822857184164, 30.634421635585, 30.5856206930526, 30.5360520977837, 30.4858850869791, 30.4352889344897, 30.3844329571189, 30.3334865212224, 30.2826190490578, 30.2320000254138, 30.1817990038325, 30.1321856130603, 30.0833295629081, 30.03540065019, 29.9885687639723, 29.943003890672, 29.8988761183064, 29.8563556404617, 29.8156127590284, 29.7768178868362, 29.7401415491962, 29.7057543840328, 29.6738271422387, 29.6445306875851, 29.6180359937143, 29.5945141430992, 29.5741363259299, 29.5570738342552, 29.5434980606759, 29.5335804971357, 29.5274927339514, 29.5254064591518, 31.1908, 31.1887321176968, 31.1826969735891, 31.1728625298551, 31.1593967486741, 31.1424675922298, 31.122243022715, 31.0988910023361, 31.072579493318, 31.0434764579087, 31.0117498583842, 30.9775676570524, 30.9410978162561, 30.9025082983747, 30.8619670658254, 30.8196420810615, 30.7757013065696, 30.7303127075928, 30.6836442688184, 30.6358640117739, 30.587140012616, 30.5376404207057, 30.4875334772373, 30.4369875347329, 30.3861710762023, 30.3352527352058, 30.2844013151583, 30.2337858094855, 30.1835754205412, 30.1339395792251, 30.0850479628004, 30.0370705129502, 29.9901774517468, 29.9445392971528, 29.9003268759529, 29.8577113358239, 29.8168641536602, 29.7779571436049, 29.7411624617378, 29.7066526064901, 29.6746004197261, 29.6451790864909, 29.6185621258798, 29.5949233878867, 29.5744370500511, 29.5572775996707, 29.5436198298801, 29.533638836048, 29.5275100129459, 29.5254090529241, 31.1908, 31.1887398446047, 31.1827266907606, 31.1729273193025, 31.1595085110669, 31.1426370468984, 31.1224797076567, 31.0992032742245, 31.0729745275156, 31.0439602484828, 31.0123272181258, 30.9782422174978, 30.941872027711, 30.9033834299396, 30.8629432054213, 30.8207181354552, 30.7768750013974, 30.7315805889984, 30.6850017162708, 30.6373052625357, 30.5886581981305, 30.5392276154274, 30.4891807599458, 30.4386850629092, 30.3879081732479, 30.3370179911087, 30.2861827001008, 30.2355708009687, 30.1853511431947, 30.1356929577791, 30.0867658870107, 30.0387400146397, 29.9917858925723, 29.9460745667789, 29.9017775989222, 29.8590670865371, 29.8181156775368, 29.7790965830926, 29.7421835854906, 29.7075510388561, 29.6753738709866, 29.6458275829639, 29.6190882339319, 29.5953324358581, 29.5747373479644, 29.5574806470382, 29.5437405209147, 29.5336956624959, 29.5275252650708, 29.5254090193339, 31.1908, 31.1887475520738, 31.1827563334224, 31.1729919467567, 31.15961999479, 31.1428060802472, 31.1227158058745, 31.0995147744504, 31.0733685887968, 31.0444428517909, 31.0129031663754, 30.9789151355681, 30.9426443624698, 30.9042564502687, 30.8639170022421, 30.821791621754, 30.7780459122489, 30.7328454830167, 30.6863559882215, 30.6387431675776, 30.5901728879576, 30.540811186834, 30.4908243158585, 30.4403787864617, 30.3896414146843, 30.3387793681173, 30.2879602110784, 30.2373519517884, 30.1871230866532, 30.1374426461971, 30.0884802367864, 30.0404060829138, 29.9933910646254, 29.9476067538404, 29.9032254446875, 29.8604201818067, 29.8193647810553, 29.7802338472598, 29.7432027852603, 29.7084478009759, 29.6761459040104, 29.6464749071573, 29.6196134051182, 29.5957407672006, 29.5750371295568, 29.557683353622, 29.543861017019, 29.5337524052156, 29.5275405050099, 29.5254090004035, 31.1908, 31.1887552401762, 31.1827859018504, 31.1730564128164, 31.1597312008715, 31.1429746938276, 31.1229513195243, 31.0998255058428, 31.0737616807202, 31.0449242721645, 31.0134777082682, 30.9795864172207, 30.9434148273179, 30.9051273669684, 30.864888464696, 30.8228625491358, 30.779214049027, 30.7341074002194, 30.6877070958439, 30.6401777385974, 30.591684094234, 30.5423911474082, 30.4924641577043, 30.442068718261, 30.3913708134152, 30.3405368790574, 30.2897338607268, 30.2391292742788, 30.1888912628385, 30.139188655882, 30.0901910229074, 30.0420687278313, 29.9949929771515, 29.949135866683, 29.9046704206157, 29.8617706279489, 29.820611469417, 29.7813689401303, 29.7442200638336, 29.7093428943409, 29.6769165189364, 29.6471210578015, 29.6201376367043, 29.5961483776581, 29.5753363889933, 29.5578857119494, 29.5439813090214, 29.5338090532737, 29.5275557200037, 29.5254089814798, 31.1908, 31.1887629089555, 31.1828153962117, 31.1731207178447, 31.1598421299354, 31.1431428885825, 31.1231862499186, 31.1001354701269, 31.0741538054593, 31.0454045122543, 31.0140508469535, 30.9802560661171, 30.9441834264357, 30.9059961847376, 30.8658575979919, 30.8239309233044, 30.7803794179082, 30.7353663472256, 30.6890550461641, 30.6416089829871, 30.5931918246707, 30.5439675051289, 30.4941002936753, 30.4437548666546, 30.3930963778835, 30.342290532406, 30.2915036574947, 30.2409027767982, 30.1906556799577, 30.1409309948296, 30.091898253102, 30.0437279567993, 29.9965916371868, 29.9506619119275, 29.9061125328732, 29.863118430643, 29.8218557477877, 29.7825018663381, 29.745235425302, 29.7102363224975, 29.6776857187731, 29.6477660373822, 29.6206609306786, 29.5965552687565, 29.5756351273814, 29.558087722764, 29.5441013973666, 29.5338656068905, 29.5275709101327, 29.5254089625986, 31.1908, 31.1887705584554, 31.182844816673, 31.1731848622041, 31.1599527826052, 31.1433106654541, 31.1234205983686, 31.1004446690264, 31.0745449651863, 31.0458835747093, 31.0146225855784, 30.9809240859168, 30.9449501640015, 30.9068629082726, 30.8668244073366, 30.8249967499616, 30.7815420250662, 30.7366223306523, 30.6903998462064, 30.6430369081367, 30.5946960869775, 30.5455402679743, 30.4957327319639, 30.445437239991, 30.394818116534, 30.3440403366427, 30.2932696098344, 30.2426724677096, 30.1924163462232, 30.1426696710426, 30.0936019351058, 30.0453837772326, 29.9981870517762, 29.9521848962038, 29.9075517876357, 29.8644635955773, 29.8230976213423, 29.7836326305256, 29.7462488737645, 29.7111280889989, 29.6784535065333, 29.6484098483878, 29.6211832890292, 29.5969614420179, 29.5759333458216, 29.5582893867985, 29.5442212824831, 29.5339220662643, 29.5275860754487, 29.5254089437594, 31.1908, 31.1887781887191, 31.1828741634009, 31.1732488462564, 31.160063159503, 31.1434780253824, 31.1236543661828, 31.1007531042611, 31.0749351620681, 31.0463614621722, 31.0151929272827, 30.9815904802703, 30.9457150441834, 30.9077275422587, 30.8677888979242, 30.8260600347953, 30.7827018766605, 30.7378753571008, 30.6917415029785, 30.6444615214193, 30.5961968888458, 30.5471094439041, 30.497361480743, 30.4471158465992, 30.3965360377918, 30.3457863002274, 30.2950317261786, 30.2444383553565, 30.1941732698283, 30.1444046925046, 30.0953020766364, 30.0470361965292, 29.9997792279482, 29.9537048261266, 29.9089881910648, 29.8658061284272, 29.8243370952438, 29.7847612373246, 29.7472604133108, 29.7120181973899, 29.6792198852234, 29.6490524933011, 29.62170471374, 29.5973668989615, 29.5762310454121, 29.5584907047838, 29.5443409647983, 29.5339784315928, 29.5276012160038, 29.5254089249622, 31.1908, 31.1887857997901, 31.1829034365614, 31.1733126703625, 31.1601732612492, 31.1436449693051, 31.1238875546662, 31.1010607775467, 31.0753243982666, 31.0468381772796, 31.0157618751987, 30.9822552528198, 30.9464780711401, 30.90859009137, 30.8687510749369, 30.8271207834802, 30.783858978836, 30.7391254331571, 30.6930800234719, 30.6458828301904, 30.5976942379495, 30.5486750408593, 30.4989865481666, 30.4487906947886, 30.3982501500623, 30.3475284316001, 30.2967900149402, 30.2462004480628, 30.1959264589472, 30.146136067181, 30.0969986853934, 30.0486852220698, 30.001368172715, 29.9552217082951, 29.9104217493078, 29.867146034855, 29.8255741746433, 29.7858876913564, 29.748270048021, 29.7129066512071, 29.6799848578425, 29.6496939745989, 29.62222520679, 29.5977716411027, 29.5765282272483, 29.5586916774491, 29.5444604447388, 29.5340347030733, 29.5276163318496, 29.5254089062068, 31.1908, 31.1887933918856, 31.1829326369905, 31.1733763363467, 31.1602830909937, 31.1438115020024, 31.124120170502, 31.1013676977092, 31.075712684959, 31.0473137337353, 31.0163294457002, 30.9829184227201, 30.9472392668861, 30.9094505805274, 30.8697109662157, 30.8281790267596, 30.7850133651876, 30.7403725951854, 30.6944154467067, 30.6473008759818, 30.5991881781575, 30.5502371048425, 30.5006079821382, 30.4504618341031, 30.3999605042415, 30.349266782695, 30.2985445287511, 30.2479587987932, 30.1976759664879, 30.1478638475106, 30.0986918129112, 30.050330904027, 30.0029539344103, 29.9567355887054, 29.9118525055955, 29.8684833549706, 29.8268088962458, 29.7870120257096, 29.7492778072296, 29.7137934759662, 29.6807484460972, 29.6503343102625, 29.6227447825941, 29.5981756795228, 29.5768248993868, 29.5588923102095, 29.544579725537, 29.5340908822899, 29.5276314235308, 29.5254088876829, 31.1908, 31.1888009663106, 31.1829617696773, 31.1734398550308, 31.16039266731, 31.1439776514889, 31.1243522526055, 31.1016739157948, 31.0761000863221, 31.0477882096172, 31.016895731307, 30.9835800972435, 30.9479987535273, 30.9103091465218, 30.8706687228583, 30.82923492943, 30.7861652133726, 30.7416170326368, 30.695747972632, 30.6487158677169, 30.6006789256158, 30.5517958572437, 30.5022260070874, 30.4521294895816, 30.401667323753, 30.3510015733007, 30.3002954819527, 30.2497136148367, 30.1994219912903, 30.1495882226963, 30.1003816377776, 30.0519734096067, 30.004536668301, 29.9582466103418, 29.9132805904079, 29.8698182066507, 29.8280413653492, 29.7881343332519, 29.7502837716472, 29.7146787406191, 29.6815107077041, 29.6509735474228, 29.6232634784722, 29.5985790426328, 29.5771210823572, 29.5590926168678, 29.5446988155497, 29.5341469735603, 29.5276464928604, 29.5254088703595, 31.1908, 31.1888085254161, 31.1829908436236, 31.1735032459691, 31.1605020238087, 31.1441434685364, 31.1245838716166, 31.1019795246196, 31.0764867192584, 31.0482617474262, 31.0174609012314, 30.9842404730292, 30.9487567554466, 30.9111660413983, 30.8716246240923, 30.830288797023, 30.7873148539509, 30.74285909947, 30.6970779766232, 30.6501281998537, 30.6021668911799, 30.5533517222797, 30.5038410575683, 30.4537941031047, 30.4033710543728, 30.3527332492396, 30.3020433165611, 30.251465330548, 30.2011649565152, 30.151309601496, 30.1020685514629, 30.0536131104308, 30.0061167239712, 29.9597550989307, 29.9147063041658, 29.8711508639341, 29.829271828907, 29.7892548335213, 29.7512881334394, 29.715562610376, 29.6822717817095, 29.6516118001281, 29.6237813850161, 29.5989817994837, 29.5774168259611, 29.5592926306426, 29.5448177344541, 29.5342029864378, 29.5276615430601, 29.5254088552946, 31.1908, 31.1888160665607, 31.1830198486969, 31.1735664871181, 31.1606111225437, 31.1443088957349, 31.1248149475289, 31.1022844188782, 31.0768724508901, 31.0487341848675, 31.0180247623472, 30.9848993251341, 30.9495130153278, 30.9120209753409, 30.8725783479043, 30.8313402760601, 30.7884619031394, 30.7440983833261, 30.6984050200424, 30.6515374103399, 30.6036515928165, 30.5549042019394, 30.5054526237986, 30.4554551575303, 30.4050711762164, 30.3544612927069, 30.3037875214628, 30.2532134459064, 30.2029043771, 30.1530275171349, 30.1037521084489, 30.0552495848466, 30.0076937058373, 29.961260686758, 29.9161293084209, 29.8724810186324, 29.8305000095823, 29.7903732802222, 29.7522906771406, 29.7164448999889, 29.6830315120705, 29.6522489401278, 29.6242983999544, 29.599383871571, 29.5777120728486, 29.5594923123274, 29.5449364577768, 29.5342589073722, 29.527676567294, 29.5254088377585, 31.1908, 31.1888235893341, 31.1830487833186, 31.1736295750348, 31.160719957575, 31.1444739240761, 31.1250454677576, 31.1025885819629, 31.0772572602027, 31.0492054961987, 31.0185872839249, 30.9855566176445, 30.9502674919391, 30.9128739017274, 30.8735298422722, 30.8323893091719, 30.7896062983368, 30.7453348165491, 30.6997290304188, 30.6529434221939, 30.6051329494009, 30.5564532113867, 30.5070606177287, 30.4571125621585, 30.4067675965629, 30.3561856096587, 30.3055280020563, 30.2549578665865, 30.2046401598993, 30.1547418786221, 30.1054322207702, 30.0568827486822, 30.0092675341872, 29.9627632991364, 29.9175495339754, 29.873808607402, 29.831725850151, 29.7914896224164, 29.7532913581671, 29.7173255711993, 29.6837898667268, 29.6528849413358, 29.6248145028548, 29.5997852436987, 29.5780068125468, 29.5596916555623, 29.5450549825645, 29.5343147360148, 29.5276915669198, 29.525408819821, 31.1908, 31.1888310937762, 31.1830776476417, 31.1736925100522, 31.1608285294752, 31.1446385544259, 31.1252754335083, 31.1028920154593, 31.0776411491955, 31.0496756838595, 31.0191484688649, 30.9862123539357, 30.9510201891371, 30.9137248248967, 30.874479112011, 30.8334359016365, 30.790748045265, 30.7465684052788, 30.7010500142783, 30.6543462422897, 30.6066109681127, 30.55799875806, 30.5086650470051, 30.4587663247903, 30.4084603233125, 30.3579062080366, 30.3072647662663, 30.2566986004386, 30.2063723126317, 30.1564526934889, 30.1071088957173, 30.0585126089374, 30.0108382156838, 29.9642629423501, 29.9189669866986, 29.8751336356669, 29.8329493555678, 29.792603864573, 29.7542901804928, 29.7182046274851, 29.6845468486676, 29.6535198062689, 29.6253296957867, 29.6001859175236, 29.5783010463435, 29.5598906613198, 29.5451733095379, 29.5343704729071, 29.5277065423825, 29.5254088019232, 31.1908, 31.1888385838733, 31.1831064570415, 31.1737553257715, 31.1609368963423, 31.1448028750847, 31.1255049684235, 31.103194882926, 31.0780243253508, 31.0501450026986, 31.019708622259, 30.9868668916531, 30.9517715188666, 30.914574212272, 30.875426680636, 30.8344806331099, 30.7918877792031, 30.7477998393343, 30.7023687143314, 30.6557466640167, 30.6080864904762, 30.5595417287449, 30.5102668404706, 30.4604174127933, 30.4101503584965, 30.3596241203473, 30.3089988725602, 30.2584367270497, 30.2081019308375, 30.1581610677383, 30.1087832439416, 30.0601402747746, 30.0124068515413, 29.9657607028842, 29.9203827312444, 29.8764571388277, 29.8341715242385, 29.7937169600416, 29.7552880440319, 29.7190829066268, 29.6853032245241, 29.6541542210752, 29.6258445747635, 29.6005863889554, 29.5785951597577, 29.5600896038609, 29.5452916102549, 29.5344262048796, 29.5277215231805, 29.5254087930463, 31.1908, 31.1888460557387, 31.1831351965263, 31.1738179894282, 31.1610450015232, 31.1449667999444, 31.1257339519258, 31.1034970248521, 31.078406586312, 31.0506132041514, 31.0202674465234, 30.9875198819337, 30.9525210792759, 30.9154216078547, 30.8763720373942, 30.8355229380276, 30.793024880269, 30.7490284455608, 30.703684405747, 30.6571439130148, 30.6095586950658, 30.5610812577291, 30.5118650912227, 30.4620648814879, 30.4118367233892, 30.3613383378683, 30.3107292865866, 30.2601711911268, 30.2098279432899, 30.1598659195375, 30.1104541786539, 30.0617646604193, 30.0139723632926, 29.9672555161951, 29.9217957239322, 29.8777781013296, 29.835391376321, 29.7948279726048, 29.7562840644279, 29.7199595846909, 29.6860582396725, 29.6547875096541, 29.6263585517474, 29.6009861678844, 29.5788887708009, 29.5602882100957, 29.5454097118837, 29.5344818413019, 29.5277364734128, 29.5254087751317, 31.1908, 31.1888535093684, 31.1831638660794, 31.1738805009838, 31.1611528449466, 31.1451303288908, 31.1259623838456, 31.1037984410005, 31.0787879317608, 31.0510802878042, 31.0208249411343, 30.9881713241279, 30.9532688695728, 30.9162670106929, 30.8773151811558, 30.8365628150633, 30.7941593469204, 30.7502542221795, 30.7049970864888, 30.6585379869702, 30.6110275792704, 30.5626173420862, 30.5134597960038, 30.4637087272722, 30.4135194140347, 30.3630488562845, 30.3124560036711, 30.2619019876418, 30.2115503446192, 30.1615672431951, 30.1121216938684, 30.0633857596278, 30.0155347444829, 29.9687473756731, 29.9232059580649, 29.8790965164673, 29.8366089051934, 29.7959368958283, 29.757278235552, 29.7208346559851, 29.6868118890033, 29.6554196676385, 29.6268716232885, 29.6013852519682, 29.5791818784429, 29.5604864805265, 29.5455276166948, 29.534537386464, 29.5277513996558, 29.5254087573243, 31.1908, 31.1888609448007, 31.1831924658473, 31.1739428607566, 31.1612604271604, 31.1452934627516, 31.1261902653357, 31.104099132887, 31.0791683636079, 31.0515462559886, 31.021381108863, 30.9888212214597, 30.9540148934409, 30.9171104249295, 30.8782561165173, 30.8376002692541, 30.7952911846162, 30.751477175046, 30.7063067627782, 30.6599288924333, 30.6124931499285, 30.5641499888981, 30.5150509620901, 30.4653489575655, 30.4151984379421, 30.3647556831402, 30.3141790313379, 30.2636291240441, 30.2132691421461, 30.1632650458503, 30.1137857964921, 30.0650035790265, 30.0170940014126, 29.9702362872523, 29.9246134391738, 29.8804123893389, 29.8378241154956, 29.7970437338755, 29.7582705610797, 29.7217081236939, 29.6875641752139, 29.6560506972511, 29.6273837911561, 29.6017836425522, 29.579474483644, 29.5606844157758, 29.5456453250296, 29.534592840492, 29.5277663018951, 29.5254087395535, 31.1908, 31.1888683620829, 31.183220996011, 31.1740050691393, 31.1613677488389, 31.145456202545, 31.1264175978114, 31.1043991023696, 31.0795478841914, 31.0520111115516, 31.0219359530868, 30.9894695778491, 30.9547591553476, 30.917951855576, 30.879194849022, 30.8386353066558, 30.7964203998965, 30.7526973111482, 30.7076134420073, 30.6613166371506, 30.6139554150854, 30.5656792064484, 30.5166385979404, 30.4669855809357, 30.4168738037215, 30.3664588270205, 30.3158983780811, 30.265352608673, 30.2149843439946, 30.1649593353544, 30.11544649405, 30.0666181257657, 30.0186501408144, 29.9717222572104, 29.926018173052, 29.8817257252295, 29.8390370119898, 29.7981484909782, 29.7592610447125, 29.7225799909959, 29.6883151009755, 29.6566806006792, 29.6278950570837, 29.602181340954, 29.5797665873506, 29.560882016471, 29.5457628372551, 29.5346482035582, 29.5277811801807, 29.525408721826, 31.1908, 31.1888757612548, 31.183249456723, 31.1740671264636, 31.1614748105528, 31.1456185491336, 31.126644382474, 31.1046983510283, 31.0799264955035, 31.0524748569243, 31.0224894766959, 30.9901163966593, 30.9555016591358, 30.9187913069554, 30.8801313834671, 30.8396679325268, 30.7975469984616, 30.7539146366025, 30.7089171306766, 30.662701227969, 30.6154143818919, 30.5672050021449, 30.5182227111688, 30.4686186051497, 30.4185455192367, 30.3681582958285, 30.317614051785, 30.2670724493357, 30.2166959578373, 30.1666501191891, 30.1171037937794, 30.0682294067871, 30.0202031692872, 29.9732052917612, 29.9274201654905, 29.8830365294761, 29.8402475995332, 29.7992511714951, 29.7602496903, 29.7234502612286, 29.6890646691187, 29.6573093802605, 29.6284054229387, 29.6025783486025, 29.5800581905944, 29.5610792832971, 29.5458801537698, 29.5347034758443, 29.5277960345566, 29.525408704137, 31.1908, 31.188883142356, 31.1832778481355, 31.1741290330606, 31.1615816128714, 31.1457805033783, 31.1268706205223, 31.1049968804399, 31.080304199532, 31.0529374945326, 31.0230416825741, 30.9907616812457, 30.9562424086395, 30.919628783381, 30.881065724639, 30.8406981521138, 30.7986709859992, 30.755129157512, 30.7102178352725, 30.6640826717206, 30.6168700574832, 30.5687273833795, 30.5198033093734, 30.4702480379582, 30.4202135923352, 30.3698540974515, 30.3193260603184, 30.2687886538241, 30.2184039913321, 30.1683374048223, 30.1187577029041, 30.06983742902, 30.021753093419, 29.9746853971086, 29.9288194222717, 29.8843448074076, 29.8414558829762, 29.80035177978, 29.7612365016882, 29.7243189377273, 29.6898128824734, 29.6579370383327, 29.6289148905899, 29.6029746669293, 29.5803492944107, 29.5612762169435, 29.5459972749771, 29.5347586575368, 29.5278108650717, 29.5254086864863, 31.1908, 31.1888905080455, 31.1833061805196, 31.1741908114054, 31.1616881947042, 31.1459421244914, 31.1270963949784, 31.1052948005814, 31.0806811359928, 31.0533991962531, 31.0235927768194, 30.9914056736264, 30.9569816831344, 30.9204646023614, 30.8819982288935, 30.8417263608723, 30.7997927969556, 30.7563413468429, 30.7115160664495, 30.6654615155565, 30.6183230239551, 30.5702469652809, 30.5213810384459, 30.4718745533884, 30.4218787221944, 30.3715469528752, 30.321035142778, 30.2705019752938, 30.2201092072862, 30.1700219599529, 30.1204089889017, 30.0714429542554, 30.0233006634977, 29.9761633058704, 29.9302166518263, 29.8856512364012, 29.8426625014272, 29.8014509091089, 29.7622220184094, 29.7251865003877, 29.690560157425, 29.6585639259168, 29.6294237458583, 29.60337051874, 29.5806400627937, 29.5614729288162, 29.5461142679379, 29.5348137816138, 29.5278256829027, 29.5254086725501, 31.1908, 31.1888978557421, 31.1833344439025, 31.1742524396711, 31.1617945182575, 31.1461033549479, 31.1273216251707, 31.1055920045681, 31.08105716907, 31.05385979497, 31.0241425589961, 30.9920481383744, 30.9577192108797, 30.9212984548685, 30.8829285492901, 30.8427521736734, 30.8009120080863, 30.7575507436564, 30.7128113263453, 30.6668372258109, 30.6197727133085, 30.5717631473381, 30.5229552675355, 30.4734974927733, 30.4235402252074, 30.3732361567819, 30.3227405757179, 30.2722116761073, 30.2218108581624, 30.1717030317907, 30.1220568987322, 30.0730452345634, 30.0248451424202, 29.9776382978453, 29.9316111572876, 29.8869551497172, 29.8438668254247, 29.8025479748097, 29.7632057084524, 29.7260524757227, 29.6913060828656, 29.6591896961318, 29.6299317059301, 29.603765683121, 29.5809303325565, 29.5616693072752, 29.5462310643723, 29.5348688129629, 29.5278404739061, 29.525408654949, 31.1908, 31.1889051857062, 31.1833626392722, 31.1743139199888, 31.1619005871669, 31.1462642001974, 31.1275463186195, 31.1058885021947, 31.0814323109843, 31.0543193054282, 31.0246910464189, 30.9926890953675, 30.9584550142565, 30.9221303656742, 30.8838567128265, 30.8437756195229, 30.802028650134, 30.7587573801094, 30.7141036482188, 30.6682098365441, 30.6212191601172, 30.5732759643628, 30.5245260314302, 30.4751168906296, 30.4251981353871, 30.374921742464, 30.3244423915093, 30.2739177875313, 30.2235089739575, 30.1733806489159, 30.1237014594318, 30.0746442953289, 30.0263865538342, 29.9791103948787, 29.9330029586569, 29.8882565654927, 29.8450688712461, 29.8036429913283, 29.7641875844841, 29.7269168746982, 29.6920506681635, 29.6598143568769, 29.6304387773905, 29.6041601655249, 29.5812201082264, 29.5618653561566, 29.5463476676857, 29.5349237548465, 29.5278552415151, 29.5254086376279, 31.1908, 31.1889124977359, 31.1833907658647, 31.1743752507148, 31.1620063986357, 31.1464246560598, 31.127770469574, 31.1061842859957, 31.0818065524549, 31.0547777164743, 31.0252382260477, 30.9933285297079, 30.9591890765818, 30.9229603164262, 30.88478269964, 30.8447966772497, 30.8031427008655, 30.7599612331949, 30.7153930085552, 30.669579323978, 30.6226623405621, 30.5747853926967, 30.5260933068138, 30.4767327241453, 30.4268524305684, 30.3766036885279, 30.3261405696377, 30.2756202900209, 30.2252035361707, 30.1750547939313, 30.125342654752, 30.0762401214836, 30.0279248838698, 29.9805795843056, 29.9343920444683, 29.889555473445, 29.8462686297647, 29.8047359506574, 29.7651676395712, 29.7277796913998, 29.6927939083598, 29.6604379040777, 29.6309449569705, 29.6045539634007, 29.5815093878764, 29.5620610740552, 29.5464640768864, 29.5349786065694, 29.5278699852077, 29.5254086201071, 31.1908, 31.1889197918704, 31.1834188238307, 31.1744364321774, 31.1621119532286, 31.1465847233891, 31.1279940792232, 31.1064793575355, 31.082179895454, 31.0552350305154, 31.0257841007444, 30.9939664447261, 30.9599214016618, 30.9237883114069, 30.8857065144833, 30.8458153520645, 30.8042541659302, 30.7611623089757, 30.7166794137997, 30.6709456949027, 30.6241022617367, 30.5762914396908, 30.5276571012448, 30.4783450010335, 30.4285031185643, 30.3782820028299, 30.3278351179453, 30.2773191913469, 30.2268945524449, 30.1767254742968, 30.1269804919168, 30.0778327199654, 30.0294601391327, 29.9820458723578, 29.9357784205429, 29.8908518789533, 29.8474661058933, 29.8058268572255, 29.7661458776471, 29.7286409292636, 29.6935358063988, 29.6610603402006, 29.6314502466811, 29.6049470783363, 29.5817981727121, 29.562256461845, 29.5465802925757, 29.5350333685301, 29.5278847052579, 29.5254086026244, 31.1908, 31.1889270681491, 31.1834468133208, 31.1744974647037, 31.1622172515085, 31.1467444030359, 31.1282171487521, 31.1067737183721, 31.0825523419464, 31.0556912499487, 31.0263286733593, 30.9946028437385, 30.960651993286, 30.9246143548792, 30.8866281620868, 30.8468316491527, 30.8053630509494, 30.7623606134835, 30.7179628703624, 30.6723089560702, 30.6255389306926, 30.5777941126498, 30.5292174222318, 30.4799537289537, 30.4301502071298, 30.3799566931642, 30.3295260442079, 30.2790144992093, 30.2285820303475, 30.1783926973919, 30.1286149780647, 30.079422097622, 30.0309923261332, 29.9835092651658, 29.9371620925946, 29.8921457872837, 29.8486613044251, 29.8069157153351, 29.7671223025126, 29.7295005915855, 29.6942763650767, 29.6616816675558, 29.6319546483691, 29.6053395117464, 29.5820864637565, 29.5624515202071, 29.5466963151523, 29.5350880409129, 29.5278994017142, 29.5254085851795, 31.1908, 31.1889343266111, 31.1834747344852, 31.17455834862, 31.1623222940366, 31.146903695849, 31.1284396793426, 31.1070673700602, 31.082923893892, 31.0561463771663, 31.0268719467358, 30.9952377300538, 30.9613808552351, 30.9254384510965, 30.8875476471702, 30.8478455736878, 30.8064693615315, 30.763556152736, 30.719243384639, 30.6736691142169, 30.6269723544655, 30.5792934188625, 30.5307742772663, 30.4815589155479, 30.4317937040027, 30.3816277673074, 30.3312133561839, 30.280706221291, 30.2302659774291, 30.1800564705797, 30.1302461203184, 30.0810082612854, 30.0325214513667, 29.9849697688465, 29.9385430663248, 29.8934372036907, 29.849854230143, 29.8080025292789, 29.76809691796, 29.730358681654, 29.6950155871836, 29.6623018884485, 29.6324581638771, 29.6057312650423, 29.5823742620304, 29.5626462498212, 29.5468121450139, 29.5351426239021, 29.5279140746248, 29.5254085677725, 31.1908, 31.1889415672955, 31.1835025874735, 31.174619084252, 31.1624270813733, 31.1470626026755, 31.1286616721742, 31.1073603141509, 31.0832945532465, 31.0566004145547, 31.0274139237114, 30.9958711069732, 30.9621079912814, 30.9262606043024, 30.8884649744427, 30.8488571308319, 30.8075731032723, 30.7647489327376, 30.7205209630107, 30.6750261760643, 30.628402540075, 30.580789365601, 30.5323276738235, 30.4831605684412, 30.4334336169032, 30.3832952330189, 30.3328970616144, 30.2823943652575, 30.2319464012232, 30.1817168012069, 30.1318739257846, 30.0825912177728, 30.0340475213141, 29.9864273895029, 29.9399213474219, 29.8947261334171, 29.8510448878191, 29.8090873033404, 29.769069727773, 29.7312152027505, 29.6957534755033, 29.6629210051787, 29.6329607950437, 29.6061223396325, 29.5826615685521, 29.5628406513653, 29.5469277825571, 29.5351971176814, 29.5279287240381, 29.5254085504032, 31.1908, 31.1889487902413, 31.1835303724352, 31.1746796719246, 31.1625316140773, 31.1472211243603, 31.1288831284235, 31.1076525521919, 31.0836643219612, 31.0570533644951, 31.0279546071167, 30.9965029777908, 30.9628334051887, 30.9270808187311, 30.8893801486027, 30.8498663257352, 30.8086742817552, 30.7659389594789, 30.7217956118446, 30.6763801483187, 30.6298294945252, 30.582281960121, 30.5338776193612, 30.4847586952415, 30.4350699535345, 30.3849590980406, 30.3345771682231, 30.2840789387572, 30.2336233092468, 30.1833736966036, 30.1334984015543, 30.0841709738861, 30.0355705424423, 29.987882133225, 29.941296941562, 29.8960125816941, 29.8522332822148, 29.8101700417933, 29.770040735727, 29.732070158149, 29.6964900328136, 29.6635390200415, 29.6334625437034, 29.6065127369221, 29.5829483843378, 29.5630347255163, 29.547043228178, 29.5352515224339, 29.5279433500023, 29.5254085330715, 31.1908, 31.1889559954874, 31.1835580895194, 31.1747401119619, 31.1626358927063, 31.1473792617464, 31.1291040492647, 31.1079440857273, 31.084033201983, 31.057505229363, 31.0284939997762, 30.9971333457929, 30.9635571007124, 30.9278990986072, 30.8902931743381, 30.8508731635365, 30.8097729025507, 30.7671262389372, 30.723067337493, 30.6777310376712, 30.6312532248044, 30.583771209662, 30.5354241213209, 30.4863533035398, 30.4367027215822, 30.3866193700969, 30.3362536837165, 30.2857599494216, 30.2352967089999, 30.1850271640839, 30.1351195547028, 30.085747536412, 30.0370905212036, 29.9893340060888, 29.9426698544084, 29.8972965537412, 29.8534194180812, 29.8112507489022, 29.7710099455893, 29.7329235511162, 29.6972252618861, 29.6641559353268, 29.6339634116867, 29.6069024583132, 29.5832347104016, 29.5632284729492, 29.5471584822715, 29.5353058383426, 29.5279579525653, 29.5254085157775, 31.1908, 31.1889631830725, 31.1835857388749, 31.1748004046874, 31.1627399178168, 31.1475370156751, 31.1293244358691, 31.1082349162977, 31.0844011952542, 31.0579560115291, 31.029032104508, 30.9977622142584, 30.9642790815992, 30.9287154481457, 30.8912040563262, 30.8518776493628, 30.810868971217, 30.7683107770763, 30.7243361462945, 30.6790788507981, 30.632673737885, 30.5852571214474, 30.5369671871272, 30.4879444009097, 30.4383319287149, 30.3882760568952, 30.3379266157838, 30.2874374048651, 30.2369666079658, 30.1866772109452, 30.1367373922894, 30.0873209121222, 30.0386074640358, 29.9907830141571, 29.9440400916121, 29.8985780547665, 29.8546033001588, 29.812329428922, 29.7719773611186, 29.733775384912, 29.6979591654864, 29.6647717533196, 29.6344634008201, 29.6072915052049, 29.5835205477552, 29.5634218943378, 29.5472735452319, 29.5353600655899, 29.527972531775, 29.5254084985209, 31.1908, 31.1889703530355, 31.1836133206501, 31.1748605504238, 31.1628436899637, 31.1476943869856, 31.1295442894054, 31.1085250454402, 31.0847683037129, 31.0584057133582, 31.0295689241237, 30.998389586459, 30.9649993515874, 30.9295298715522, 30.8921127992336, 30.8528797883297, 30.8119624932995, 30.7694925798466, 30.7256020445728, 30.6804235943603, 30.634091040724, 30.5867397026841, 30.5385068241882, 30.4895319949083, 30.4399575825842, 30.3899291661257, 30.339595972097, 30.2891113126849, 30.2386330136111, 30.1883238444692, 30.1383519213578, 30.0888911077733, 30.0401213773628, 29.9922291634792, 29.9454076588114, 29.8998570899666, 29.8557849331776, 29.8134060860983, 29.7729429860654, 29.7346256627885, 29.6986917463739, 29.6653864762995, 29.634962512926, 29.6076798789933, 29.583805897408, 29.5636149903543, 29.5473884174524, 29.5354142043579, 29.5279870876795, 29.5254084813017, 31.1908, 31.1889775054149, 31.1836408349931, 31.174920549493, 31.162947209701, 31.1478513765152, 31.1297636110399, 31.1088144746887, 31.0851345292928, 31.0588543372101, 31.0301044614287, 30.999015465659, 30.965717914407, 30.9303423730227, 30.8930194077168, 30.8538795855413, 30.8130534743315, 30.7706716531851, 30.7268650386379, 30.6817652750041, 30.6355051402626, 30.588218960563, 30.5400430398953, 30.4911160930755, 30.4415796908241, 30.391578705461, 30.3412617603112, 30.2907816804616, 30.240295933386, 30.1899670719208, 30.1399631489362, 30.0904581301068, 30.0416322675939, 29.9936724600908, 29.9467725616321, 29.9011336645264, 29.8569643218571, 29.8144807246674, 29.773906824172, 29.7354743879912, 29.6994230073018, 29.6660001065417, 29.6354607498228, 29.6080675810711, 29.5840907603675, 29.5638077616694, 29.5475030993255, 29.5354682548284, 29.5280016203262, 29.5254084641198, 31.1908, 31.1889846415114, 31.1836682869237, 31.1749804128711, 31.1630504960167, 31.1480080131386, 31.1299824412264, 31.1091032575879, 31.0854999399599, 31.0593019666209, 31.0306388164966, 30.9996399692554, 30.9664349053834, 30.9311531062343, 30.8939240540464, 30.8548772319227, 30.8141421237716, 30.7718482247819, 30.7281253739287, 30.6831041552539, 30.6369163152676, 30.5896951890712, 30.5415761422551, 30.4926970160589, 30.4431985851678, 30.3932250159875, 30.3429243289576, 30.2924488620887, 30.2419557242889, 30.1916072509729, 30.141571430768, 30.0920223301613, 30.0431404781154, 29.9951132366085, 29.948135118633, 29.9024080794899, 29.8581417461004, 29.8155536004815, 29.7748691050474, 29.7363217624106, 29.7001531216847, 29.6666127889449, 29.6359582285728, 29.6084547020612, 29.5843752029325, 29.5640002530927, 29.5476176177243, 29.5355222302094, 29.5280161342488, 29.525408448543, 31.1908, 31.1889917638417, 31.1836956861834, 31.1750401619097, 31.1631535859348, 31.1481643532907, 31.1302008592269, 31.1093914993196, 31.0858646695857, 31.0597487665981, 31.0311721875948, 31.0002633305761, 30.9671505943826, 30.9319623787455, 30.8948270843048, 30.8558731125887, 30.8152288659525, 30.7730227580504, 30.7293835524787, 30.6844407749814, 30.6383251423454, 30.5911690001253, 30.5431067767493, 30.4942754408409, 30.4448149717143, 30.3948688302183, 30.3445844339438, 30.2941136335303, 30.243613178687, 30.1932451864258, 30.1431775798016, 30.093584524434, 30.04464682406, 29.9965523015734, 29.9494961262245, 29.9036811132849, 29.8593179601891, 29.8166254363159, 29.7758305114033, 29.7371684189414, 29.7008826616512, 29.6672250227264, 29.6364553677105, 29.6088415764195, 29.5846594764587, 29.5641926382321, 29.5477320782359, 29.535576182168, 29.5280306456688, 29.5254084381953, 31.1908, 31.1889988687082, 31.1837230184706, 31.1750997652813, 31.1632564251651, 31.1483203142675, 31.1304187489574, 31.1096790459387, 31.0862285223677, 31.0601944959712, 31.0317042851586, 31.0008852091216, 30.9678645879141, 30.9327697425042, 30.8957279947926, 30.8568666675919, 30.8163130845632, 30.7741945806849, 30.7306388468425, 30.6857743529418, 30.6397307882783, 30.5926395108475, 30.5446340136406, 30.4958503941119, 30.4464278373576, 30.396509099516, 30.3462409958537, 30.2957748898358, 30.2452671718278, 30.1948797399496, 30.1447804508454, 30.0951435680786, 30.0461501686263, 29.9979885344214, 29.9508544887649, 29.9049517043713, 29.8604919463582, 29.817695268348, 29.776790144022, 29.7380135341282, 29.7016108911609, 29.6678361714094, 29.6369516373932, 29.6092277829279, 29.5849432652659, 29.5643846987805, 29.5478463466835, 29.5356300423384, 29.5280451286345, 29.525408421066, 31.1908, 31.1890059561256, 31.1837502838406, 31.1751592231054, 31.1633590139113, 31.1484758963739, 31.1306361108376, 31.1099658979904, 31.0865914989844, 31.0606391555563, 31.0322351101432, 31.0015056059843, 30.9685768872031, 30.9335751988606, 30.8966267869741, 30.8578578984963, 30.8173947812504, 30.7753636943944, 30.7318912587685, 30.6871048908979, 30.641133254817, 30.594106722949, 30.5461578545727, 30.4974218774211, 30.4480371835261, 30.3981458251629, 30.347894015802, 30.2974326319324, 30.2469177044368, 30.1965109120574, 30.1463800441948, 30.0966994611738, 30.0476505116845, 29.9994219348297, 29.9522102057621, 29.9062198521201, 29.8616637038833, 29.81876309581, 29.7777480021541, 29.7388571073132, 29.7023378097318, 29.6684462347836, 29.6374470377893, 29.6096133222536, 29.5852265706514, 29.564576436809, 29.547960426069, 29.5356838148215, 29.5280595885275, 29.5254084040111, 31.1908, 31.1890130261322, 31.1837774824405, 31.1752185357013, 31.1634613527227, 31.1486311004403, 31.1308529460239, 31.1102520569957, 31.0869536013533, 31.0610827476935, 31.0327646653308, 31.0021245244017, 30.969287495949, 30.9343787519762, 30.8975234654671, 30.8588468103641, 30.8184739615015, 30.7765301050673, 30.7331407945149, 30.6884323954416, 30.6425325488461, 30.5955706435622, 30.5476783068772, 30.4989898982475, 30.4496430177921, 30.3997790147698, 30.3495435013818, 30.2990868673396, 30.2485647839039, 30.1981387099555, 30.147976366821, 30.0982522104069, 30.049147859592, 30.0008525087847, 29.9535632827953, 29.9074855616726, 29.8628332374432, 29.8198289229002, 29.778704089507, 29.7396991417095, 29.7030634200873, 29.6690552150956, 29.6379415706905, 29.6099981957637, 29.5855093935969, 29.5647678529625, 29.5480743167573, 29.5357374997695, 29.5280740253627, 29.5254083869931, 31.1908, 31.1890200791285, 31.1838046158138, 31.1752777064404, 31.1635634474257, 31.148785935317, 31.1310692669022, 31.1105375393296, 31.0873148502343, 31.0615252978654, 31.0332929812069, 31.0027420000846, 30.9699964552523, 30.9351804484482, 30.8984180824144, 30.8598334608744, 30.819550688466, 30.7776938811981, 30.7343875277401, 30.6897569451563, 30.6439287535794, 30.5970313601806, 30.5491954619218, 30.5005545513732, 30.451245437839, 30.4014087683545, 30.3511895543263, 30.300737698836, 30.2502085133322, 30.1997632363003, 30.1495695201128, 30.09980191503, 30.0506423085477, 30.0022803484675, 29.9549138070172, 29.9087489143023, 29.8640006217425, 29.8208928172258, 29.7796584662233, 29.7405396897906, 29.7037877669902, 29.6696631495181, 29.6384352659637, 29.6103824264661, 29.5857917508624, 29.5649589585273, 29.5481880254994, 29.5357911004994, 29.528088440289, 29.5254083704221, 31.1908, 31.1890271173976, 31.1838316927091, 31.1753367543388, 31.1636653307244, 31.1489404504369, 31.1312851422931, 31.1108224354789, 31.0876753596787, 31.061966945205, 31.0338202231224, 31.0033582253574, 30.9707039847863, 30.9359805352928, 30.8993109117882, 30.8608181501888, 30.8206252873466, 30.7788553715025, 30.7356318287634, 30.6910789296769, 30.6453222752993, 30.5984892926881, 30.5507097497675, 30.5021162732346, 30.4528448823001, 30.4030355225483, 30.3528326050458, 30.3023855466794, 30.2518492991848, 30.2013848806045, 30.1511598739637, 30.1013489231359, 30.0521341831501, 30.0037057537785, 29.9562620529151, 29.910010158653, 29.8651660794354, 29.82195497559, 29.7806113036802, 29.7413788982179, 29.7045109733824, 29.6702701385572, 29.6389282032485, 29.6107660749916, 29.5860736862138, 29.5651497828358, 29.5483015699127, 29.5358446259194, 29.5281028367983, 29.525408355954, 31.1908, 31.1890341385428, 31.1838587039372, 31.1753956594125, 31.1637669682323, 31.1490945937966, 31.1315004997568, 31.1111066501418, 31.0880350094903, 31.0624075429838, 31.0343462165729, 31.00397299709, 30.9714098523389, 30.9367787511542, 30.9002016634217, 30.8618005600551, 30.8216974129257, 30.7800142053116, 30.7368733033733, 30.692397933552, 30.6467126800135, 30.5999439916454, 30.5522207090189, 30.5036745943679, 30.4544408779281, 30.4046588046458, 30.3544721857428, 30.3040299520791, 30.2534866955089, 30.2030032131196, 30.1527470177323, 30.1028928456979, 30.0536231181005, 30.0051283848802, 29.9576077074678, 29.9112690094963, 29.8663293536851, 29.8230151697699, 29.7815624021134, 29.7422165951548, 29.7052328944477, 29.6708760631343, 29.639420287546, 29.6111490683871, 29.5863551463355, 29.5653402894268, 29.5484149272321, 29.5358980634281, 29.5281172085455, 29.5254083392184, 31.1908, 31.1890411424053, 31.1838856488858, 31.1754544203247, 31.1638683576403, 31.1492483618901, 31.1317153343891, 31.1113901768378, 31.0883937914581, 31.0628470811288, 31.0348709495154, 31.0045863011846, 30.9721140416963, 30.9375750776645, 30.9010903167776, 30.8627806677755, 30.8227670403768, 30.7811703557252, 30.7381119226745, 30.6937139259947, 30.648099935171, 30.6013954228912, 30.5537283040835, 30.5052294779555, 30.4560333869139, 30.4062785761076, 30.3561082574383, 30.3056708759357, 30.2551206634344, 30.2046181955858, 30.1543309141816, 30.1044336468784, 30.055109079302, 30.0065482097091, 29.9589507408886, 29.9125254395185, 29.8674904197997, 29.8240733777967, 29.782511742333, 29.7430527641996, 29.7059535165371, 29.6714809122713, 29.6399115104232, 29.6115314005939, 29.5866361273276, 29.565530476299, 29.548528097051, 29.5359514138649, 29.5281315572232, 29.5254083223238, 31.1908, 31.189048130126, 31.1839125319156, 31.1755130465337, 31.1639695151806, 31.1494017791993, 31.1319296801954, 31.1116730601688, 31.0887517616519, 31.0632856278486, 31.0353945027662, 31.0051982313334, 30.9728166594935, 30.938369634267, 30.9019770037723, 30.8637586172025, 30.8238343247508, 30.7823239880533, 30.7393478610966, 30.6950270892142, 30.6494842292211, 30.602843779376, 30.5552327304762, 30.5067811202633, 30.4576226045857, 30.407895029761, 30.3577410090209, 30.3073085018886, 30.2567513801682, 30.2062299977224, 30.155911724617, 30.105971478772, 30.056592208972, 30.0079653600698, 29.9602912741659, 29.9137795586197, 29.8686493764522, 29.8251296871112, 29.7834594006754, 29.7438874708471, 29.7066728947004, 29.6720847311057, 29.6404019077717, 29.6119130990604, 29.5869166491333, 29.5657203569639, 29.5486410876584, 29.5360046816411, 29.5281458848459, 29.525408306504, 31.1908, 31.1890551006278, 31.1839393489113, 31.1755715291147, 31.1640704255391, 31.1495548226307, 31.1321435051043, 31.1119552580772, 31.0891088672106, 31.0637231188514, 31.0359168001673, 31.0058086992664, 30.9735176052939, 30.9391623084943, 30.9028616002343, 30.8647342729776, 30.82489912021, 30.7834749468778, 30.7405809547306, 30.6963372520916, 30.6508653853087, 30.6042888801746, 30.5567338050606, 30.5083293376726, 30.4592083484411, 30.4095079856892, 30.3593702645, 30.3089426590858, 30.2583786810826, 30.2078384620842, 30.1574892996086, 30.1075062006722, 30.0580723757102, 30.0093797143273, 29.961629195766, 29.915031265581, 29.8698061328293, 29.8261840172751, 29.784405306926, 29.7447206548338, 29.7073909782329, 29.6726874779783, 29.640891446346, 29.6122941382024, 29.5871966929582, 29.5659099184265, 29.5487538907486, 29.5360578619114, 29.5281601886803, 29.5254082896712, 31.1908, 31.1890620539485, 31.1839661000168, 31.175629868381, 31.1641710892547, 31.1497074929995, 31.1323568102514, 31.1122367720571, 31.0894651100187, 31.0641595564379, 31.0364378444545, 31.0064177081684, 30.9742168827379, 30.9399531044438, 30.9037441107124, 30.8657076400901, 30.8259614321664, 30.7846232380096, 30.7418112097569, 30.6976444211423, 30.6522434102446, 30.6057307323498, 30.5582315351053, 30.5098741376079, 30.4607906260088, 30.411117451472, 30.3609960314528, 30.3105733550484, 30.2600025735891, 30.2094435959222, 30.1590636461976, 30.1090378193637, 30.0595495860026, 30.0107912786305, 29.9629645114668, 29.9162805657816, 29.87096069389, 29.8272363728121, 29.7853494651654, 29.7455523197968, 29.7081077703357, 29.6732891556705, 29.6413801285318, 29.6126745200433, 29.5874762605054, 29.5660991621206, 29.5488665075464, 29.5361109557608, 29.5281744697505, 29.5254082728755, 31.1908, 31.1890689901256, 31.1839927853767, 31.1756880646469, 31.164271506868, 31.1498597911232, 31.132569596775, 31.1125176036056, 31.0898204919635, 31.0645949429111, 31.0369576383661, 31.0070252612254, 30.9749144954663, 30.9407420262113, 30.9046245397517, 30.8666787235219, 30.8270212660208, 30.7857688672438, 30.7430386323345, 30.6989486028538, 30.6536183108045, 30.6071693429211, 30.5597259278254, 30.5114155274293, 30.4623694447411, 30.4127234345995, 30.362618317352, 30.3122005971763, 30.2616230649605, 30.2110454063287, 30.1606347712449, 30.1105663414277, 30.0610238461059, 30.0122000588714, 29.9642972267603, 29.9175274642831, 29.8721130642416, 29.8282867578577, 29.7862918790468, 29.7463824689042, 29.7088232736968, 29.6738897664029, 29.6418679561041, 29.6130542459427, 29.5877553527581, 29.5662880887007, 29.5489789384344, 29.5361639633663, 29.5281887281023, 29.5254082561163
0.01, 0.01, 0.01, 0.01, 0.01, 0.01, 0.01, 0.01, 0.01, 0.01, 0.01, 0.01, 0.01, 0.01, 0.01, 0.01, 0.01, 0.01, 0.01, 0.01, 0.01, 0.01, 0.01, 0.01, 0.01, 0.01, 0.01, 0.01, 0.01, 0.01, 0.01, 0.01, 0.01, 0.01, 0.01, 0.01, 0.01, 0.01, 0.01, 0.01, 0.01, 0.01, 0.01, 0.01, 0.01, 0.01, 0.01, 0.01, 0.01, 0.01, 0.01, -0.257511859530329, -0.513875958931577, -0.759092302537292, -0.99316089518373, -1.21608174219328, -1.42785484934085, -1.62848022280108, -1.81795786907485, -1.99628779489437, -2.16347000710718, -2.31950451254094, -2.46439131785189, -2.59813042936191, -2.72072185289003, -2.83216559358556, -2.93246165577076, -3.02161004280086, -3.09961075694907, -3.1664637993226, -3.22216916981455, -3.26672686709377, -3.30013688863266, -3.32239923077049, -3.33351388880736, -3.33348085712235, -3.32230012930811, -3.2999716983134, -3.26649555658536, -3.22187169620341, -3.16610010899778, -3.09918078664652, -3.02111372074601, -2.93189890285044, -2.83153632447664, -2.72002597707001, -2.59736785192688, -2.46356194006634, -2.31860823204177, -2.16250671767665, -1.99525738570158, -1.81686022325646, -1.627315215202, -1.42662234315222, -1.21478158408611, -0.99179290830407, -0.757656276331198, -0.512371634065513, -0.255938904880629, 0.0116420238133064, 0.01, -0.257541408188296, -0.513936385715383, -0.759184936810466, -0.993287066200301, -1.21624277909449, -1.42805208115429, -1.62871497844274, -1.81823147735463, -1.99660158452534, -2.16382530671891, -2.31990265069682, -2.46483362307029, -2.59861823014067, -2.72125647773338, -2.83274837103264, -2.93309390187905, -3.02229298157154, -3.10034538140806, -3.16725074820846, -3.22300860337953, -3.26761836569751, -3.3010793519847, -3.32339080753657, -3.3345519088838, -3.33456180279497, -3.32341961170505, -3.30112448239811, -3.26767559474431, -3.2230722205825, -3.16731395235733, -3.10040055277552, -3.02233202650309, -2.93310863861234, -2.83273098896736, -2.72120003076801, -2.59851679393511, -2.46468274890523, -2.31969982197913, -2.16357043194388, -1.9962974897648, -1.81788404963866, -1.62833365621383, -1.42765032638541, -1.21583819744676, -0.992901512380332, -0.758844904780329, -0.513673361807098, -0.25739191169322, 0.0099944081219358, 0.01, -0.257534149335941, -0.513924529757817, -0.75917114549006, -0.993274001253482, -1.21623310225111, -1.42804845413774, -1.62872006297123, -1.81824793514367, -1.99663207729197, -2.16387249618766, -2.3199691986077, -2.46492219118871, -2.59873148026919, -2.72139707172511, -2.83291897080564, -2.93329714488326, -3.02253131942226, -3.10062079655452, -3.16756450241727, -3.22336098441716, -3.26800848048825, -3.30150492109294, -3.32384802155673, -3.33503529026418, -3.33506414693273, -3.3239319388216, -3.30163608836212, -3.26817411940259, -3.22354383584678, -3.16774401605627, -3.10077395591144, -3.02263368658174, -2.93332403050572, -2.83284682754907, -2.72120499146595, -2.59840166963464, -2.46444134911703, -2.31932990373413, -2.16307470620128, -1.99568462814471, -1.81716898053132, -1.62753857066983, -1.42680564884268, -1.21498284154668, -0.992083729321278, -0.758123077243168, -0.513116166015035, -0.257078438374471, 0.00997456489027576, 0.01, -0.257527697545183, -0.513914213060216, -0.759159550764937, -0.993263715374516, -1.21622671208584, -1.42804854654788, -1.628729224814, -1.81826875327454, -1.99666713856892, -2.16392438747732, -2.32004050679331, -2.4650155031801, -2.59884938301451, -2.72154215222404, -2.83309381612364, -2.93350432017652, -3.02277320915605, -3.10089932167852, -3.16788086926075, -3.22371543179966, -3.26840007319518, -3.30193134467286, -3.32430543886876, -3.33551820343338, -3.33556533835943, -3.32444242292119, -3.3021451619633, -3.26866942958472, -3.22401156716843, -3.16816954195527, -3.10114218463055, -3.02292955283532, -2.93353302454872, -2.83295567584512, -2.72120237522652, -2.59827838157687, -2.46419119107614, -2.31895061582525, -2.16256897207689, -1.99506108132514, -1.81644250118168, -1.62673129165662, -1.42594792729283, -1.21411351600442, -0.991250969278612, -0.757385178445468, -0.512541713907521, -0.256746430166737, 0.00997463066076421, 0.01, -0.257525438818157, -0.513911968652074, -0.759159593717175, -0.993268318723858, -1.21623814886451, -1.4280690897848, -1.62876114753704, -1.81831432851423, -1.99672863936369, -2.16400408688047, -2.32014067788181, -2.46513841906514, -2.59899731685352, -2.72171737723403, -2.83329860559521, -2.93374092805064, -3.0230437138207, -3.10120534364858, -3.16822332048261, -3.22409426318772, -3.26881406842279, -3.30237791528241, -3.32478048097456, -3.33601595980713, -3.33607833935275, -3.32496143806936, -3.30265924995871, -3.26916600562149, -3.22447658931382, -3.16858816010241, -3.10149908509498, -3.0232094483604, -2.93372118158236, -2.83303859324121, -2.72116850098359, -2.59811896455022, -2.46390116543804, -2.31852884846233, -2.16201926300193, -1.99439316960158, -1.8156723623644, -1.62588214401308, -1.42505120419489, -1.21320912443245, -0.99038814054695, -0.756623264926812, -0.511950353943537, -0.256405671390898, 0.00997424071965497, 0.01, -0.257523566982094, -0.513910457706541, -0.75916067638439, -0.993274227721368, -1.21625111690555, -1.4280913495795, -1.62879493179485, -1.8183618699476, -1.99679217069341, -2.1640858408427, -2.32024288723687, -2.46526331660803, -2.59914713542599, -2.72189434973777, -2.8335049650058, -2.93397889053264, -3.02331532508952, -3.10151219715361, -3.16856630712076, -3.22447331926549, -3.26922796976305, -3.3028240726478, -3.3252547969275, -3.33651269092679, -3.33659003707355, -3.32547890015121, -3.30317157003981, -3.26966064007417, -3.22493954276446, -3.169004631949, -3.10185381278177, -3.02348719572957, -2.93390726436729, -2.83311955580957, -2.72113283128406, -2.59795794388388, -2.46360975118724, -2.31810592151198, -2.16146862701143, -1.99372455652584, -1.81490173056221, -1.62503268463662, -1.42415431441727, -1.21230466730298, -0.989525296911327, -0.755861331560721, -0.511358909897582, -0.256064702493486, 0.00997425040606642, 0.01, -0.257522070658106, -0.513909658375249, -0.75916276735815, -0.993281402307961, -1.2162655684086, -1.4281152712998, -1.62883051703277, -1.81841131200692, -1.99685766288665, -2.1641695764982, -2.32034705970763, -2.4653901192822, -2.59929876173889, -2.72207299318505, -2.83371281915725, -2.93421813467666, -3.02358797315073, -3.10181981637724, -3.16890976819336, -3.22485254470065, -3.26964172832255, -3.30326977507704, -3.32572835297165, -3.33700837167886, -3.33710041572886, -3.32599480334481, -3.30368212698022, -3.27015334891245, -3.22540045526608, -3.16941899758561, -3.102206420689, -3.0237628614112, -2.93409135341146, -2.83319865868025, -2.72109547648124, -2.59779544577995, -2.46331709102907, -2.31768199486504, -2.16091724189357, -1.99305543852434, -1.81413082160646, -1.62418314955405, -1.42325751499327, -1.21140042348317, -0.98866273991344, -0.755099703414181, -0.510767731220555, -0.255723898174968, 0.00997425889621251, 0.01, -0.257520948283104, -0.513909567690218, -0.75916586242377, -0.993289837180441, -1.21628149714016, -1.42814084794006, -1.62886789563123, -1.81846264661685, -1.99692510757049, -2.16425528533467, -2.32045318680058, -2.46551881877109, -2.59945218781082, -2.7222533000878, -2.83392216121299, -2.93445865444683, -3.02386165290008, -3.10212819725738, -3.16925370076885, -3.2252319377566, -3.27005534359868, -3.30371502331367, -3.32620115108128, -3.33750300522454, -3.33760947959502, -3.32650915294233, -3.30419092696267, -3.27064413906053, -3.22585933431476, -3.16983126489933, -3.10255691690794, -3.02403645351379, -2.93427345666025, -2.83327590946819, -2.72105644371092, -2.59763147677048, -2.46302319079604, -2.31725707358613, -2.1603651119063, -1.99238581903811, -1.81335963813648, -1.62333354064173, -1.42236080709462, -1.21049639351415, -0.987800469549751, -0.75433838003326, -0.510176817107505, -0.255383257381472, 0.00997426738966495, 0.01, -0.257520198274086, -0.513910182645096, -0.759169957311209, -0.993299526964731, -1.21629889678178, -1.42816807239708, -1.62890705986196, -1.8185158655837, -1.99699449624547, -2.16434295870654, -2.32056125988366, -2.46564940661583, -2.5996074055157, -2.72243526281236, -2.83413298419147, -2.93470044366435, -3.024136359094, -3.1024373355979, -3.16959810178869, -3.22561149657865, -3.27046881498153, -3.30415981800677, -3.32667319315113, -3.33799659466277, -3.33811723290579, -3.32702195421548, -3.30469797617424, -3.2711330174744, -3.22631618746858, -3.1702414418724, -3.10290530966092, -3.02430798031577, -2.93445358227065, -2.83335131604438, -2.72101574041207, -2.5974660437405, -2.46272805672592, -2.31683116319996, -2.1598122418247, -1.99171570208467, -1.81258818342965, -1.62248386047762, -1.42146419266036, -1.20959257877202, -0.986938486721399, -0.753577361940344, -0.5095861678034, -0.255042780184623, 0.00997427588292565, 0.01, -0.257519819054876, -0.513911500246517, -0.759175047768888, -0.993310466310025, -1.21631776104238, -1.42819693759856, -1.62894800203036, -1.81857096074956, -1.99706582044935, -2.16443258800617, -2.32067127036285, -2.46578187439497, -2.59976440676362, -2.72261887375935, -2.83434528114275, -2.93494349617884, -3.02441208651354, -3.10274722722296, -3.16994296820989, -3.22599121932263, -3.27088214186645, -3.30460415980534, -3.32714448107057, -3.33848914308194, -3.33862367987942, -3.32753321241588, -3.30520328077777, -3.2716199910823, -3.226771022255, -3.1706495364542, -3.10325160713594, -3.02457745006046, -2.93463173836441, -2.83342488624516, -2.72097337399017, -2.59729915354319, -2.46243169502666, -2.3164042692037, -2.15925863639883, -1.99104509165913, -1.81181646074356, -1.6216341116225, -1.42056767361481, -1.20868898062053, -0.986076792319329, -0.752816649649617, -0.508995783546801, -0.254702466651227, 0.00997428437593856, 0.01, -0.257519809526509, -0.5139135184197, -0.759181130869363, -0.993322651559362, -1.21633808565866, -1.42822743879794, -1.62899071702981, -1.81862792677089, -1.99713907472479, -2.16452416778561, -2.32078321292271, -2.4659162170487, -2.59992318687358, -2.72280412874969, -2.83455904851282, -2.9351878091756, -3.0246888331795, -3.10305787106495, -3.17028829993058, -3.22637110688289, -3.27129532614943, -3.30504805158585, -3.32761501864809, -3.33898065514622, -3.33912882593168, -3.32804293357966, -3.30570684727291, -3.27210506666693, -3.22722384553911, -3.17105555538043, -3.1035958157216, -3.02484486857154, -2.93480793005278, -2.8334966243975, -2.7209293479348, -2.59713080880146, -2.46213410745373, -2.31597639251183, -2.15870429575777, -1.99037398718912, -1.81104446891357, -1.62078429245185, -1.41967124802555, -1.20778559698674, -0.985215384309388, -0.75205624135324, -0.508405662948797, -0.254362316006645, 0.00997429283257445, 0.01, -0.257520167906298, -0.513916233777759, -0.759188201800038, -0.993336076652926, -1.21635986350206, -1.42825956797643, -1.62903519612976, -1.81868675438386, -1.99721424945319, -2.16461768824993, -2.32089707777047, -2.4660524249649, -2.60008373659256, -2.72299101906793, -2.83477427830231, -2.93543337554101, -3.02496659301577, -3.10336926221713, -3.17063409332363, -3.22675115699871, -3.27170836699801, -3.30549149397983, -3.32808480796402, -3.33947113431853, -3.33963267581429, -3.32855112362661, -3.3062086826015, -3.27258825202283, -3.22767466577876, -3.17145950757191, -3.1039379445954, -3.02511024507694, -2.93498216642408, -2.83356653928267, -2.72088367057093, -2.59696101725841, -2.46183530107086, -2.31554753943819, -2.15814922542371, -1.9897023933915, -1.81027221186245, -1.61993440612848, -1.41877491834892, -1.20688242968927, -0.984354263953005, -0.751296137844053, -0.507815806427277, -0.254022328390138, 0.00997430129475929, 0.01, -0.257520882352452, -0.513919623906202, -0.759196228842812, -0.99335070183809, -1.2163830480545, -1.42829327311959, -1.62908138308844, -1.81874738438845, -1.99729128374529, -2.16471308808969, -2.3210128044455, -2.46619043980074, -2.60024600096451, -2.72317949441379, -2.83499092613561, -2.93568015747853, -3.02524533485151, -3.10368137615671, -3.17098033051598, -3.22713135842594, -3.27212125973857, -3.30593448878697, -3.32855385712895, -3.33996059479269, -3.34013524945568, -3.32905780775226, -3.30670881671355, -3.27306958129925, -3.22812352074779, -3.17186143384181, -3.1042780370063, -3.02537362464542, -2.93515449375667, -2.83363467779046, -2.72083638881924, -2.59678982530806, -2.46153532121519, -2.31511775375899, -2.15759346713594, -1.98903034951984, -1.80949972593343, -1.619084485683, -1.41787871391936, -1.20597950399774, -0.983493452097629, -0.750536355197953, -0.507226224942047, -0.253682509303447, 0.0099743100598475, 0.01, -0.257521923836772, -0.513923633951855, -0.759205134522748, -0.99336643022137, -1.21640752620716, -1.42832842810641, -1.62912914197585, -1.81880967424875, -1.9973700316624, -2.16481022116646, -2.32113024981266, -2.46633012462738, -2.60040985246984, -2.72336943987986, -2.83520889292045, -2.93592807304352, -3.02552499339164, -3.10399416370681, -3.17132697789851, -3.22751169255228, -3.27253400014643, -3.30637704552206, -3.32902218872539, -3.34044907152338, -3.34063659346107, -3.32956304346533, -3.30720731715219, -3.27354913108608, -3.22857049500167, -3.1722614255463, -3.10461618989766, -3.02563510855182, -2.93532501640639, -2.83370114611847, -2.72078760949643, -2.59661733918499, -2.46123427236355, -2.31468713704221, -2.15703711842853, -1.98835794797475, -1.80872709731665, -1.61823461003872, -1.41698270535451, -1.20507688119896, -0.982632999684736, -0.749776933003805, -0.506636945726611, -0.253342872624267, 0.00997431960574652, 0.01, -0.257523290656938, -0.513928260674138, -0.759214914225072, -0.993383255977852, -1.21643329108903, -1.42836502518387, -1.62917846432099, -1.81887361493988, -1.99745048378979, -2.1649090778397, -2.32124940416966, -2.46647146984481, -2.60057528177487, -2.72356084656284, -2.83542817034792, -2.93617711468554, -3.02580556199923, -3.10430761928, -3.17167403104852, -3.22789215621231, -3.27294658638262, -3.30681916371675, -3.32948980367446, -3.34093656681381, -3.3411367114828, -3.33006683570889, -3.30770419006932, -3.2740269086402, -3.22901559674252, -3.17265949162635, -3.10495241273727, -3.02589470657903, -2.9354937442653, -2.83376595407415, -2.72073734214919, -2.59644356802208, -2.46093216310939, -2.31425569724249, -2.15648018654608, -1.98768519524695, -1.80795433172939, -1.61738478414238, -1.41608689685236, -1.20417456477888, -0.981772909536406, -0.749017873476016, -0.506047970448811, -0.253003419537659, 0.00997432916527102, 0.01, -0.257524981456312, -0.513933501495833, -0.759225564288043, -0.993401174497335, -1.21646033727753, -1.42840305825302, -1.62922934348464, -1.81893919941836, -1.99753263281577, -2.1650096506656, -2.3213702600766, -2.46661446815309, -2.60074228185568, -2.72375370785085, -2.83564875235426, -2.93642727702495, -3.02608703610574, -3.10462173922648, -3.17202148732147, -3.22827274783049, -3.27335901798045, -3.30726084402799, -3.32995670374572, -3.34142308350878, -3.34163560737741, -3.33056918926226, -3.30819944105402, -3.27450292022546, -3.22945883275502, -3.17305563922343, -3.10528671285394, -3.02615242607399, -2.9356606845352, -2.83382910856303, -2.72068559325365, -2.59626851775619, -2.4606289987682, -2.31382343899852, -2.15592267542353, -1.98701209456837, -1.80718143172605, -1.61653500991902, -1.41519128977593, -1.20327255562107, -0.98091318215096, -0.74825917682994, -0.505459299148334, -0.252664150017617, 0.00997433871900849, 0.01, -0.257526994971948, -0.513939354022152, -0.759237081316133, -0.993420181514652, -1.21648865976893, -1.42844252170273, -1.62928177337931, -1.81900642125147, -1.99761647209352, -2.16511193291429, -2.32149281085166, -2.46675911304954, -2.60091084651983, -2.72394801799278, -2.83587063376076, -2.93667855558655, -3.02636941206149, -3.10493652082491, -3.17236934500317, -3.22865346675287, -3.27377129537562, -3.30770208798545, -3.33042289154148, -3.34190862523561, -3.34213328572373, -3.33107010955669, -3.30869307626717, -3.27497717258749, -3.22990021020586, -3.1734498757516, -3.1056190977299, -3.02640827440824, -2.93582584430392, -2.83389061622842, -2.72063236886558, -2.59609219373583, -2.46032478388914, -2.31339036599458, -2.15536458784307, -1.98633864780965, -1.80640839828079, -1.61568528748407, -1.41429588343884, -1.2023708524145, -0.980053815883345, -0.747500841386236, -0.504870930416278, -0.252325063233088, 0.00997434821161608, 0.01, -0.257529330142842, -0.513945816240625, -0.759249462454943, -0.993440273443012, -1.2165182543536, -1.42848341081003, -1.62933574887825, -1.81907527501822, -1.99770199601729, -2.16521591890483, -2.32161705084825, -2.46690539903146, -2.60108097051799, -2.72414377210223, -2.83609381015347, -2.93693094653835, -3.02665268671836, -3.10525196169674, -3.17271760255211, -3.22903431232272, -3.27418341882388, -3.30814289676388, -3.33088836914034, -3.3423931949394, -3.34262975027408, -3.33156960107108, -3.30918510081345, -3.27544967133767, -3.23033973507828, -3.17384220742282, -3.10594957365818, -3.02666225780845, -2.93598922958911, -2.83395048274592, -2.72057767419959, -2.5959146006135, -2.46001952248239, -2.31295648153775, -2.15480592636798, -1.98566485676825, -1.80563523241899, -1.6148356170981, -1.41340067735456, -1.20146945407201, -0.979194809314443, -0.746742865666769, -0.504282862989947, -0.25198615841194, 0.00997435764930604, 0.01, -0.257531985634609, -0.513952885616337, -0.759262704102888, -0.993461445748016, -1.21654911569818, -1.42852571957646, -1.62939126345176, -1.81914575379151, -1.99778919739645, -2.1653216013169, -2.3217429727502, -2.46705331892067, -2.60125264694384, -2.72434096367856, -2.83631827557127, -2.93718444459263, -3.02693685558686, -3.10556805825649, -3.17306625737204, -3.22941528299599, -3.27459538787283, -3.30858327101715, -3.33135313829163, -3.34287679542803, -3.34312500483233, -3.33206766851737, -3.30967552020146, -3.27592042264794, -3.2307774140556, -3.17423264126992, -3.10627814785378, -3.02691438350482, -2.93615084747497, -2.83400871490461, -2.7205215156182, -2.59573574421678, -2.45971321975964, -2.31252179016917, -2.15424669484234, -1.98499072459214, -1.80486193661784, -1.61398600061528, -1.41250567282104, -1.2005683614165, -0.978336162884362, -0.745985249829082, -0.503695096849548, -0.251647435464985, 0.0099743670815316, 0.01, -0.25753835256304, -0.513967069728763, -0.759286155651208, -0.993495614981497, -1.21659545286528, -1.42858567492767, -1.62946628724355, -1.81923729629163, -1.99789870889071, -2.16545053211726, -2.32189277320441, -2.46722543942306, -2.60144853794708, -2.72456207570595, -2.83656605922905, -2.93746035059606, -3.02724221654164, -3.10590383078685, -3.1734327775149, -3.22981201993293, -3.27502074210536, -3.30903437403746, -3.33182571125382, -3.34336501315159, -3.34362143523301, -3.33256322227419, -3.31015949448095, -3.27638088746505, -3.23120138155348, -3.17460635931796, -3.10658742407735, -3.02714505111113, -2.93628926754281, -2.8340424263703, -2.7204399249961, -2.59553094876536, -2.45938086643639, -2.31206132326279, -2.15366233947271, -1.98429248650292, -1.80406590929884, -1.61311537383928, -1.41159171719703, -1.19965070751826, -0.977463669510412, -0.745216820752114, -0.503099866938662, -0.251304911522441, 0.00997420297347706, 0.01, -0.257545027017934, -0.513981836460366, -0.759310432477704, -0.993530819718517, -1.2166430033278, -1.42864698893284, -1.6295427826148, -1.81933039086398, -1.99800982051753, -2.16558107867848, -2.32204417261613, -2.46739910964835, -2.6016458970077, -2.72478454169458, -2.83681505032152, -2.93773728507733, -3.0275483970781, -3.10624018935298, -3.17379963118878, -3.23020882502789, -3.27544589261603, -3.30948500160484, -3.33229754395038, -3.34385223960898, -3.3441166439588, -3.33305735119512, -3.31064187424564, -3.27683962616694, -3.23162353322978, -3.17497821640577, -3.10689484025315, -3.02737390555065, -2.93642596564312, -2.83407454786974, -2.72035691191205, -2.59532492669778, -2.4590475018556, -2.31160007114825, -2.15307742569812, -1.98359390721315, -1.80326973865376, -1.6122447726891, -1.4106779184186, -1.19873329666105, -0.976591454193374, -0.744448648556067, -0.502504812917673, -0.250962420189054, 0.0099742134691434, 0.01, -0.25755200503642, -0.513997178274795, -0.759335523861933, -0.993567046443936, -1.21669175116526, -1.42870964365561, -1.62962073000262, -1.81942501670848, -1.99812251062904, -2.16571321889427, -2.32219714881002, -2.46757430774149, -2.6018447029803, -2.72500834159804, -2.83706523029061, -2.93801523135607, -3.02785538277403, -3.1065771221524, -3.17416680955231, -3.23060569271986, -3.27587083742032, -3.30993515558276, -3.33276864233918, -3.34433848507314, -3.34461064579301, -3.33355007474409, -3.31112268378707, -3.2772966680025, -3.23204390340643, -3.17534825203417, -3.10720044116138, -3.02760099698378, -2.93656099742308, -2.83410514065548, -2.72027254336013, -2.59511775090874, -2.45871320499896, -2.31113811910686, -2.15249204534014, -1.98289508535273, -1.80247353041338, -1.61137431031151, -1.40976439738284, -1.19781625784134, -0.975719654389782, -0.743680879526912, -0.501910090277455, -0.25062012654044, 0.00997422352448263, 0.01, -0.257559285362804, -0.514013092787798, -0.759361426418227, -0.993604290897801, -1.21674169137058, -1.42877363346886, -1.629700123287, -1.81952116733939, -1.9982367725009, -2.16584694592882, -2.32235169496591, -2.46775102702509, -2.60204494945737, -2.72523346940586, -2.83731659365001, -2.93829418459723, -3.02816316956391, -3.10691462598867, -3.17453431035737, -3.23100262176645, -3.27629557631577, -3.3103848368185, -3.33323900830202, -3.34482375241947, -3.34510344453845, -3.33404139756029, -3.31160192846645, -3.27775201892359, -3.23246249848036, -3.17571647288988, -3.10750423361794, -3.02782633219519, -2.93669436948157, -2.83413421099793, -2.72018682515707, -2.59490942665892, -2.45837798049592, -2.31067547108762, -2.1519062016461, -1.98219602347328, -1.80167728646379, -1.6105039879796, -1.40885115482124, -1.19689959133487, -0.974848270016339, -0.742913513327076, -0.50131569853584, -0.250278030062159, 0.00997423357277705, 0.01, -0.257566867312043, -0.514029578716292, -0.759388138352458, -0.993642550861946, -1.21679282138855, -1.42883895556734, -1.62978095949967, -1.81961883971239, -1.99835260309974, -2.1659822568467, -2.32250780833332, -2.46792926502062, -2.60224663431934, -2.72545992344439, -2.83756913925899, -2.93857414428, -3.02847175762505, -3.1072527017967, -3.17490213533585, -3.23139961471401, -3.27672011265766, -3.3108340494464, -3.33370864669745, -3.34530804715042, -3.34559504623588, -3.33453132609247, -3.31207961498702, -3.27820568571738, -3.23287932513811, -3.17608288536451, -3.10780622351982, -3.02804991638797, -2.93682608613411, -2.83416176214325, -2.72009975931541, -2.59469995458558, -2.45804182749389, -2.31021212479511, -2.15131989108541, -1.98149671704478, -1.80088100153533, -1.60963379996617, -1.40793818484997, -1.19598329141639, -0.973977295832589, -0.742146545534999, -0.500721634429201, -0.249936128990212, 0.00997424353555976, 0.01, -0.257574750956175, -0.514046636233854, -0.759415659969247, -0.993681826801533, -1.21684514187438, -1.42890561082582, -1.62986323976442, -1.81971803522982, -1.99847000413596, -2.16611915369586, -2.32266549132726, -2.46810902453965, -2.60244976080384, -2.72568770740683, -2.83782287129584, -2.93885511509726, -3.02878115218659, -3.10759135534695, -3.17527029078668, -3.23179667835768, -3.27714445368461, -3.3112828010741, -3.33417756540556, -3.34579137729916, -3.34608545892988, -3.33501986823287, -3.3125557509045, -3.27865767540379, -3.23329438965216, -3.17644749476286, -3.10810641497929, -3.02827175225718, -2.9369561484389, -2.83418779330334, -2.72001134300608, -2.59448932964331, -2.45770473857838, -2.30974807060184, -2.15073310227851, -1.98079715342003, -1.80008466221688, -1.60876373261725, -1.40702547410785, -1.195067345564, -0.973106720710484, -0.741379966976887, -0.500127891301923, -0.249594419752962, 0.00997425333383767, 0.01, -0.257582935196611, -0.514064263253009, -0.759443988301937, -0.993722114980428, -1.21689864843215, -1.4289735942983, -1.6299469586949, -1.81981874817466, -1.99858896967157, -2.16625763042703, -2.32282473789688, -2.46829029963944, -2.60265432318593, -2.72591681589575, -2.8380777848003, -2.93913709263564, -3.02909134949438, -3.10793058364936, -3.17563877456885, -3.23219381146879, -3.27756859912067, -3.31173109239466, -3.33464576607988, -3.34627374544586, -3.34657468606835, -3.33550702821374, -3.31303034112898, -3.27910799344743, -3.23370769790432, -3.17681030723702, -3.10840481426644, -3.028491846039, -2.93708456245194, -2.8342123102195, -2.71992158153857, -2.59427755661518, -2.45736671793833, -2.30928331205909, -2.15014583812145, -1.9800973348493, -1.79928827014633, -1.607893787014, -1.40611302319365, -1.19415175398264, -0.972236544560681, -0.740613777376559, -0.499534468803372, -0.249252902040374, 0.00997426312084826, 0.01, -0.257591418824478, -0.51408245747771, -0.759473120089001, -0.993763411293319, -1.21695333623448, -1.429042900557, -1.63003211038462, -1.81992097228341, -1.99870949320774, -2.16639768042778, -2.32298554143781, -2.46847308384536, -2.60286031524244, -2.72614724306109, -2.83833387441712, -2.93942007215635, -3.02940234554185, -3.10827038352959, -3.17600758442049, -3.2325910127567, -3.27799254868253, -3.3121789241442, -3.3351132504636, -3.34675515430321, -3.34706273127117, -3.33599281047539, -3.31350339081168, -3.2795566455841, -3.23411925607482, -3.17717132926191, -3.10870142799591, -3.02871020433307, -2.93721133460879, -2.83423531902591, -2.71983048062549, -2.59406464069451, -2.45702777017675, -2.30881785313257, -2.14955810192147, -1.979397263987, -1.79849182735481, -1.60702396461572, -1.40520083306495, -1.19323651721254, -0.971366767601166, -0.73984797673277, -0.498941366820954, -0.248911575739006, 0.00997427289929259, 0.01, -0.257600200593386, -0.514101216540941, -0.759503051968566, -0.993805711509244, -1.21700920030706, -1.42911352401006, -1.63011868874993, -1.8200247011064, -1.99883156805453, -2.16653929689363, -2.32314789515681, -2.46865737050119, -2.60306773057987, -2.72637898289786, -2.83859113465557, -2.93970404880869, -3.02971413623551, -3.10861075175029, -3.17637671803946, -3.23298828091196, -3.27841630208828, -3.31262629707917, -3.33558002033777, -3.34723560663796, -3.34754959822706, -3.33647721954037, -3.31397490519801, -3.28000363765433, -3.23452907045773, -3.17753056743395, -3.10899626291006, -3.02892683387155, -2.93733647148093, -2.83425682599457, -2.71973804611781, -2.59385058721206, -2.45668790003176, -2.30835169791931, -2.14896989711196, -1.97869694360716, -1.79769533598507, -1.60615426698407, -1.40428890477113, -1.19232163587381, -0.97049739011665, -0.739082565096589, -0.498348585278744, -0.248570440755214, 0.00997428267014983, 0.01, -0.257609279262122, -0.514120538085532, -0.759533780592759, -0.993849011414882, -1.21706623569638, -1.42918545908903, -1.63020668773269, -1.82012992822103, -1.99895518755016, -2.16668247304889, -2.32331179228951, -2.46884315297909, -2.6032765628322, -2.72661202942707, -2.83884956004894, -2.93998901776346, -3.03002671750042, -3.10895168508929, -3.17674617313504, -3.23338561463262, -3.27883985905936, -3.31307321195516, -3.33604607747841, -3.34771510520781, -3.34803529061185, -3.33696025991485, -3.31444488951395, -3.28044897547662, -3.23493714732305, -3.17788802832406, -3.10928932572485, -3.02914174135993, -2.93745997961347, -2.83427683737197, -2.71964428384228, -2.59363540147608, -2.45634711222094, -2.30788485049805, -2.14838122711034, -1.97799637647018, -1.79689879816859, -1.60528469567169, -1.40337723935467, -1.19140711058157, -0.969628412388558, -0.738317542517255, -0.497756124100195, -0.24822949699568, 0.00997429243339923, 0.01, -0.257618653594626, -0.514140419764109, -0.759565302627639, -0.993893306814467, -1.21712443746961, -1.42925870024873, -1.63029610130014, -1.8202366472317, -1.99908034506092, -2.16682720214645, -2.32347722610015, -2.46903042467943, -2.60348680566062, -2.72684637669549, -2.83910914515429, -2.94027497421274, -3.03034008527995, -3.10929318033931, -3.17711594742773, -3.23378301262396, -3.2792632193203, -3.31351966952665, -3.33651142365629, -3.34819365276111, -3.34851981208825, -3.33744193608837, -3.31491334896573, -3.28089266484716, -3.23534349291637, -3.17824371847722, -3.10958062312944, -3.0293549334766, -2.93758186552469, -2.83429535937854, -2.71954919960084, -2.59341908877164, -2.45600541144065, -2.30741731492839, -2.1477920953172, -1.97729556532195, -1.79610221602467, -1.60441525222124, -1.4024658378501, -1.19049294194487, -0.968759834693916, -0.737552909041067, -0.497163983207036, -0.247888744366341, 0.00997430218902087, 0.01, -0.257628322359971, -0.514160859239056, -0.759597614753136, -0.993938593529716, -1.21718380071447, -1.42933324196717, -1.63038692344475, -1.82034485176963, -1.99920703398098, -2.16697347746768, -2.32364418988154, -2.46921917903064, -2.60369845275344, -2.72708201877552, -2.83936988455234, -2.94056191336983, -3.03065423553569, -3.10963523430798, -3.1774860386492, -3.23418047359845, -3.27968638259875, -3.31396567054706, -3.33697606063692, -3.34867125203695, -3.34900316630586, -3.3379222525339, -3.31538028873995, -3.28133471153988, -3.23574811345899, -3.17859764441265, -3.10987016178634, -3.02956641687296, -2.93770213570612, -2.83431239820876, -2.71945279917074, -2.59320165436075, -2.45566280236609, -2.30694909525098, -2.1472025051164, -1.97659451289396, -1.79530559166045, -1.60354593816541, -1.40155470128404, -1.18957913056674, -0.967891657305396, -0.736788664711411, -0.496572162519301, -0.247548182772416, 0.00997431193698164, 0.01, -0.257638284332337, -0.514181854182466, -0.75963071366299, -0.993984867399747, -1.21724432053921, -1.4294090787454, -1.63047914818418, -1.82045453549274, -1.9993352477323, -2.1671212923223, -2.32381267695486, -2.46940940948911, -2.60391149782598, -2.72731894976511, -2.83963177284741, -2.94084983046907, -3.0309691642474, -3.10997784381768, -3.17785644454222, -3.23457799627577, -3.28010934862543, -3.31441121576868, -3.33743999018056, -3.34914790576516, -3.34948535690125, -3.3384012137079, -3.31584571400365, -3.28177512130657, -3.23615101514803, -3.1789498126239, -3.11015794833144, -3.02977619817354, -2.93782079662269, -2.83432796003127, -2.71935508830464, -2.59298310348245, -2.45531928965143, -2.3064801954875, -2.14661245987512, -1.97589322190331, -1.79450892717098, -1.60267675502697, -1.40064383067523, -1.18866567704419, -0.967023880491321, -0.736024809568765, -0.495980661955319, -0.247207812118383, 0.00997432167725978, 0.01, -0.257648538290992, -0.514203402276104, -0.759664596064692, -0.994032124281006, -1.21730599207244, -1.42948620510747, -1.6305727695611, -1.82056569208559, -1.99946497976452, -2.16727064004824, -2.32398268066958, -2.46960110953906, -2.6041259346204, -2.72755716378762, -2.83989480466726, -2.94113872076586, -3.03128486741289, -3.11032100570556, -3.17822716286063, -3.23497557938272, -3.2805321171341, -3.31485630594275, -3.33790321404228, -3.34962361666637, -3.34996638749799, -3.33887882405037, -3.31630962990439, -3.28221389987698, -3.2365522041565, -3.17930022957893, -3.1104439893742, -3.02998428397609, -2.93793785471281, -2.83434205098902, -2.71925607273071, -2.59276344135293, -2.45497487792988, -2.30601061964083, -2.14602196294396, -1.97519169505282, -1.79371222463927, -1.60180770431885, -1.39973322703461, -1.18775258196829, -0.966156504515702, -0.735261343650724, -0.495389481431735, -0.246867632308, 0.00997433140983461, 0.01, -0.257659083020267, -0.514225501211358, -0.759699258679418, -0.994080360047184, -1.21736881046311, -1.42956461560029, -1.6306677816431, -1.82067831525918, -1.99959622355478, -2.16742151401154, -2.3241541944033, -2.4697942726924, -2.60434175690564, -2.72779665499171, -2.84015897466298, -2.94142857953646, -3.03160134104794, -3.11066471682338, -3.17859819136926, -3.23537322165319, -3.28095468786157, -3.31530094181937, -3.33836573397193, -3.35009838745202, -3.35044626170674, -3.33935508798496, -3.3167720415703, -3.28265105295887, -3.23695168663341, -3.17964890172026, -3.11072829149775, -3.03019068085174, -2.93805331638851, -2.83435467719931, -2.71915575815276, -2.59254267316562, -2.4546295718138, -2.30554037169511, -2.14543101765704, -1.97448993503109, -1.79291548613638, -1.60093878754419, -1.39882289136534, -1.18683984592416, -0.965289529638273, -0.734498266992032, -0.494798620863532, -0.246527643244318, 0.00997434113467571, 0.01, -0.257669917309533, -0.514248148689204, -0.759734698241974, -0.994129570589148, -1.21743277088036, -1.42964430479352, -1.63076417852261, -1.82079239875091, -1.99972897260768, -2.16757390760618, -2.32432721156167, -2.46998889248861, -2.60455895847727, -2.72803741755124, -2.84042427750894, -2.94171940207795, -3.03191858118625, -3.11100897403753, -3.17896952784389, -3.23577092182814, -3.28137706054767, -3.31574512414758, -3.33882755171417, -3.3505722208244, -3.35092498312525, -3.33983000991901, -3.31723295411021, -3.28308658623817, -3.2373494687039, -3.17999583546505, -3.11101086125896, -3.03039539534507, -2.93816718803557, -2.83436584475398, -2.71905415025034, -2.5923208040913, -2.45428337589479, -2.30506945561582, -2.14483962733203, -1.97378794451257, -1.79211871372146, -1.60007000619636, -1.39791282466285, -1.18592746949104, -0.964422956114508, -0.733735579624585, -0.494208080164033, -0.24618784482967, 0.00997435085176082, 0.01, -0.257681039953182, -0.514271342420157, -0.759770911500732, -0.994179751814859, -1.21749786851348, -1.4297252672795, -1.63086195431673, -1.8209079363244, -1.99986322045508, -2.16772781425399, -2.32450172557819, -2.47018496249463, -2.60477753315734, -2.72827944566513, -2.84069070790264, -2.9420111837081, -3.03223658387931, -3.11135377422889, -3.17934117007118, -3.23616867865557, -3.2817992349352, -3.31618885367528, -3.33928866900853, -3.35104511947669, -3.35140255533844, -3.3403035942436, -3.31769237261369, -3.28352050537899, -3.23774555646931, -3.18034103720521, -3.1112917051886, -3.03059843397425, -2.93827947601358, -2.83437555971948, -2.71895125467883, -2.5920978392782, -2.45393629474381, -2.30459787534988, -2.14424779527029, -1.97308572615764, -1.79132190944184, -1.59920136175907, -1.39700302791488, -1.18501545324232, -0.963556784195654, -0.73297328157746, -0.493617859244915, -0.24584823696569, 0.00997436056106776, 0.01, -0.257692451477509, -0.514295083453949, -0.759807900026008, -0.99423090581236, -1.21756410596538, -1.42980750617316, -1.63096111264957, -1.82102493211005, -1.99999897173082, -2.16788323908943, -2.32467774208508, -2.47038248883756, -2.60499748756502, -2.72852274644173, -2.84095827343878, -2.94230393250517, -3.03255535767779, -3.11169912639175, -3.1797131274411, -3.2365665018523, -3.28222122097719, -3.31663214047782, -3.3397490959151, -3.35151709329195, -3.35187898786652, -3.34077584990677, -3.31815030522527, -3.28395281747482, -3.23813995571116, -3.18068451114017, -3.11157082562874, -3.03079979694903, -2.93839017813048, -2.83438381724369, -2.71884706368454, -2.59187376816664, -2.45358831542698, -2.30412561604596, -2.14365550518489, -1.97238326275167, -1.79052505568632, -1.59833283677706, -1.39609348439287, -1.18410378176064, -0.962691000370727, -0.732211361848855, -0.493027950221157, -0.245508815494329, 0.00997437008229812, 0.01, -0.257704151171833, -0.514319370454086, -0.759845661940356, -0.994283030248115, -1.21763148053131, -1.42989101848338, -1.6310616503285, -1.82114338279861, -2.00013622309387, -2.16804017882454, -2.32485525793231, -2.47058146859018, -2.60521881908073, -2.728767317654, -2.8412269723677, -2.94259764728169, -3.03287490203354, -3.11204503067764, -3.18008540084713, -3.23696439307644, -3.2826430210983, -3.31707498772651, -3.34020883630952, -3.35198814678492, -3.35235428577552, -3.34124678241579, -3.31860675776264, -3.28438352850771, -3.23853267241724, -3.1810262630961, -3.11184822807186, -3.03099948925635, -2.93849929870092, -2.83439062081282, -2.71874157978452, -2.59164859222229, -2.45323943833797, -2.30365267702684, -2.14306275535179, -1.97168055157177, -1.78972814888715, -1.59746442709416, -1.39518418962562, -1.1831924505457, -0.961825600405628, -0.731449816773079, -0.492438350301897, -0.245169578808239, 0.00997437952962185, 0.01, -0.257716138797917, -0.514344202993237, -0.759884196676501, -0.994336124464055, -1.21769999151153, -1.42997580351793, -1.63116356671794, -1.82126328786027, -2.00027497416938, -2.16819863328855, -2.32503427320234, -2.47078190213732, -2.60544152844084, -2.72901316043896, -2.84149680627623, -2.94289233012349, -3.03319521957363, -3.11239149028255, -3.18045799406584, -3.23736235667951, -3.28306464020117, -3.317517400832, -3.34066789604768, -3.35245828617372, -3.35282845554298, -3.34171639838539, -3.31906173683734, -3.28481264493234, -3.23892371272082, -3.18136629871282, -3.11212391748816, -3.03119751502089, -2.9386068408324, -2.83439597235432, -2.71863480357599, -2.5914223105769, -2.45288966102553, -2.30317905415713, -2.14246953986752, -1.97097758487961, -1.78893117973841, -1.59659612242859, -1.39427513296, -1.18228144918482, -0.960960574745175, -0.730688638273062, -0.491849053510841, -0.244830523655628, 0.0099743888061177, 0.01, -0.257728413161747, -0.514369578803743, -0.759923501013501, -0.994390184406323, -1.21776963413966, -1.43006185591822, -1.63126685598748, -1.82138464111318, -2.00041521854439, -2.16835859595777, -2.32521478138112, -2.47098378309491, -2.60566560951159, -2.72926026903355, -2.84176776989236, -2.94318797636993, -3.03351630636102, -3.11273850208766, -3.18083090487234, -3.23776039138566, -3.28348607799243, -3.31795938049392, -3.34112627680928, -3.35292751408125, -3.35330150067445, -3.3421847021199, -3.31951524744685, -3.28524017231776, -3.23931308262767, -3.18170462428882, -3.11239790031988, -3.03139388067992, -2.93871281081392, -2.83439987787678, -2.71852674067153, -2.59119492835127, -2.45253898804701, -2.30270475138216, -2.14187586204166, -1.97027436535109, -1.78813415030618, -1.59572792428054, -1.39336631539223, -1.18137077824595, -0.960095923615329, -0.729927826326681, -0.491260059676517, -0.24449164981701, 0.00997439807680159, 0.01, -0.25774097306867, -0.514395495616618, -0.759963571728356, -0.994445206018219, -1.21784040364561, -1.43014917032111, -1.63137151230121, -1.82150743636898, -2.00055694979842, -2.1685200602999, -2.32539677594481, -2.47118710506791, -2.60589105614707, -2.72950863766126, -2.84203985792929, -2.94348458134422, -3.03383815844106, -3.11308606295518, -3.18120413102142, -3.23815849589753, -3.28390733415617, -3.31840092738863, -3.34158398025038, -3.35339583310677, -3.35377342465226, -3.34265169790143, -3.31996729456807, -3.28566611621465, -3.23970078812815, -3.18204124611092, -3.112670183002, -3.0315885926686, -2.93881721493821, -2.83440234339912, -2.7184173967012, -2.59096645069151, -2.45218742399347, -2.30222977268986, -2.14128172523574, -1.96957089572388, -1.78733706272854, -1.59485983423279, -1.39245773801211, -1.18046043840196, -0.959231647358576, -0.729167381040278, -0.490671368768099, -0.24415295722593, 0.00997440734114746, 0.01, -0.257753818098498, -0.514421952654576, -0.760004407749782, -0.994501187997554, -1.21791229855937, -1.43023774515189, -1.63147753404282, -1.82163167203284, -2.0007001664212, -2.16868302495233, -2.32558025574158, -2.47139186717834, -2.60611786780623, -2.72975826618108, -2.84231307070913, -2.94378214589471, -3.03416077724329, -3.11343417493343, -3.18157767519891, -3.23855667353671, -3.28432841262652, -3.31884204601676, -3.3420410113689, -3.35386324865236, -3.35424423316606, -3.34311739156747, -3.32041788402501, -3.28609048225631, -3.24008683447449, -3.18237616885081, -3.11294076942127, -3.03178165388458, -2.93892005491504, -2.83440336936966, -2.71830677090718, -2.59073687570929, -2.45183496594562, -2.30175411425248, -2.14068712486082, -1.96886717082076, -1.78653991143461, -1.59399184653535, -1.39154939512306, -1.17955042425588, -0.958367741134243, -0.728407298393803, -0.490082977855217, -0.243814444313315, 0.00997441653420775, 0.01, -0.257766946002473, -0.514448945634135, -0.760046002973598, -0.994558122633484, -1.21798530977746, -1.43032757012846, -1.63158490996562, -1.82175733610752, -2.00084485587894, -2.16884747705876, -2.32576520780662, -2.47159805656689, -2.60634603194927, -2.73000914258672, -2.84258739697311, -2.94408065972415, -3.03448415363802, -3.11378283024922, -3.18195153115858, -3.23895491973435, -3.28474931064125, -3.31928273552972, -3.34249737131394, -3.35432976390197, -3.35471393142546, -3.34358179023747, -3.32086702462729, -3.28651328067363, -3.24047123300424, -3.18270940462904, -3.11320967215268, -3.03197307702899, -2.93902134324863, -2.83440296786019, -2.71819487478472, -2.59050621419891, -2.4514816238959, -2.30127778518208, -2.14009206909419, -1.96816319785502, -1.78574270266554, -1.5931239664686, -1.39064129107351, -1.17864073926638, -0.957504207563633, -0.727647580230987, -0.489494888068445, -0.243476111563459, 0.00997442575006699, 0.01, -0.257780354674973, -0.514476470540893, -0.760088351673466, -0.994616002684569, -1.2180594287402, -1.43041863556971, -1.63169362946391, -1.82188441725955, -2.00099100630727, -2.16901340442072, -2.32595161980418, -2.47180566095738, -2.6065755365564, -2.73026125531158, -2.84286282580466, -2.94438011276278, -3.03480827859187, -3.11413202107958, -3.18232569244502, -3.23935322954137, -3.28517002487709, -3.31972299432894, -3.34295306028961, -3.35479538087614, -3.35518252321818, -3.3440448993833, -3.32131472341603, -3.2869345199067, -3.24085399333403, -3.18304096397587, -3.11347690234111, -3.03216287360701, -2.93912109159892, -2.83440115048932, -2.7180817197292, -2.59027447716877, -2.45112740832385, -2.30080079530843, -2.1394965670176, -1.96745898508559, -1.78494544380234, -1.5922562004987, -1.38973343139408, -1.17773138802028, -0.956641050290934, -0.726888229261416, -0.488907101195038, -0.243137959855822, 0.00997443500160711, 0.01, -0.257794042965294, -0.5145045251897, -0.760131450746048, -0.994674824245551, -1.21813465085665, -1.4305109363153, -1.63180368692422, -1.82201290953857, -2.0011386115352, -2.16918080076283, -2.32613948547079, -2.47201467421444, -2.60680637573661, -2.7305145988253, -2.84313935215025, -2.94468050055019, -3.03513314834583, -3.11448174445808, -3.18270015695703, -3.23975160177445, -3.28559055510002, -3.32016282313885, -3.34340807996507, -3.35526010215233, -3.35565001197101, -3.34450672320026, -3.32176098525375, -3.28735420536884, -3.24123512129921, -3.18337085300576, -3.11374246622712, -3.03235104983879, -2.93921930603057, -2.83439792304127, -2.71796731113448, -2.59004166953193, -2.45077232359484, -2.30032314840491, -2.13890062179241, -1.96675453506706, -1.78414813681945, -1.59138855006612, -1.38882581705525, -1.17682237109544, -0.955778269589124, -0.726129245548481, -0.48831961718878, -0.242799989137105, 0.00997444424560276, 0.01, -0.257808009284173, -0.514533106558759, -0.760175295893741, -0.99473458189974, -1.21821096974777, -1.43060446518055, -1.63191507451294, -1.8221428046188, -2.00128766290147, -2.16934965724509, -2.32632879594437, -2.47222508761069, -2.60703854105389, -2.73076916513994, -2.84341696862678, -2.94498181646478, -3.03545875718847, -3.11483199571503, -3.18307492117958, -3.24015003416599, -3.28601090036147, -3.32060222234582, -3.34386243202192, -3.35572393064461, -3.35611640174523, -3.34496726678956, -3.32220581615373, -3.28777234384248, -3.24161462429595, -3.18369907956448, -3.11400637193731, -3.03253761396296, -2.93931599473047, -2.83439329349736, -2.71785165663782, -2.58980779846258, -2.45041637632464, -2.29984485045615, -2.13830423872389, -1.96604985240248, -1.78335078561631, -1.59052101838512, -1.38791845062217, -1.17591369045768, -0.954915866884849, -0.725370630047378, -0.48773243660586, -0.242462199639461, 0.00997445349789736, 0.01, -0.257822252511649, -0.514562212521127, -0.760219884095601, -0.994795271845174, -1.21828838094355, -1.4306992171404, -1.63202778676294, -1.822274096704, -2.00143815439369, -2.16951996775196, -2.32651954511921, -2.4724368951632, -2.6072720267611, -2.73102494885709, -2.8436956702975, -2.94528405614447, -3.03578510143769, -3.11518277193718, -3.18344998303939, -3.24054852553442, -3.28643106040298, -3.32104119262344, -3.34431611805189, -3.35618686882688, -3.35658169583922, -3.34542653419514, -3.32264922080671, -3.28818894055171, -3.2419925079563, -3.18402564955819, -3.11426862551351, -3.03272257201857, -2.93941116360134, -2.83438726750018, -2.71773476151259, -2.5895728687748, -2.45005957080088, -2.29936590517821, -2.1377074209351, -1.96534493962522, -1.7825533921606, -1.58965360690085, -1.38701133307794, -1.17500534670157, -0.95405384246779, -0.724612382833815, -0.487145559403488, -0.242124591299516, 0.00997446274352515, 0.01, -0.257836771506732, -0.514591840910018, -0.760265212274239, -0.994856890209055, -1.21836687989099, -1.43079518707682, -1.63214181810636, -1.82240677989164, -2.00159007988992, -2.16969172605723, -2.32671172678002, -2.47265009078278, -2.60750682701033, -2.73128194448531, -2.84397545214266, -2.94558721515633, -3.03611217735462, -3.11553407016991, -3.18382534043776, -3.24094707468874, -3.28685103497186, -3.32147973466624, -3.34476913968325, -3.35664891922508, -3.35704589761809, -3.34588452954097, -3.32309120399483, -3.28860400082112, -3.24236877801922, -3.18435056900348, -3.11452923310858, -3.0329059301534, -2.93950481864943, -2.83437985078801, -2.71761663111778, -2.58933688535635, -2.44970191137171, -2.2988863163337, -2.13711017158151, -1.96463979928725, -1.78175595842579, -1.58878631705296, -1.38610446539069, -1.17409734039965, -0.953192196601083, -0.72385450395535, -0.486558985512141, -0.241787164031704, 0.00997447198197982, 0.01, -0.257851565133088, -0.514621989567498, -0.760311277364856, -0.99491943313445, -1.21844646205574, -1.43089236989281, -1.63225716299823, -1.82254084830359, -2.00174343329351, -2.16986492596049, -2.32690533473738, -2.47286466840571, -2.60774293597827, -2.73154014655644, -2.84425630916392, -2.94589128908662, -3.03643998121686, -3.11588588747199, -3.18420099128608, -3.24134568044439, -3.28727082381818, -3.32191784916769, -3.34522149853952, -3.35711008435673, -3.35750901043514, -3.34634125693611, -3.32353177048257, -3.2890175299553, -3.24274344020184, -3.18467384389382, -3.11478820085147, -3.03308769449104, -2.9395969658571, -2.83437104907599, -2.71749727079041, -2.58909985307459, -2.44934340236664, -2.29840608766857, -2.13651249380406, -1.96393443392817, -1.7809584863751, -1.58791915027282, -1.38519784852217, -1.17318967211967, -0.952330929544531, -0.723096993457356, -0.485972714860979, -0.241449917749704, 0.00997448121327141
0, 0, 0, 0, 0, 0, 0, 0, 0, 0, 0, 0, 0, 0, 0, 0, 0, 0, 0, 0, 0, 0, 0, 0, 0, 0, 0, 0, 0, 0, 0, 0, 0, 0, 0, 0, 0, 0, 0, 0, 0, 0, 0, 0, 0, 0, 0, 0, 0, 0, 0, -0.249463433280779, -0.488531220850472, -0.717203366750251, -0.935479875490082, -1.14336075203327, -1.34084600176509, -1.5279356304436, -1.70462964413108, -1.87092804910553, -2.02683085175252, -2.17233805843903, -2.30744967537224, -2.43216570844751, -2.54648616309126, -2.6504110441054, -2.74394035552056, -2.82707410046562, -2.89981228106041, -2.96215489833744, -3.01410195219703, -3.05565344139782, -3.08680936358277, -3.10756971533811, -3.11793449228103, -3.11790368916986, -3.10747730002952, -3.08665531828451, -3.05543773689156, -3.01382454846444, -2.96181574538459, -2.89941131989154, -2.82661126414863, -2.74341557027987, -2.64982423037443, -2.54583723645488, -2.43145458040474, -2.30667625384905, -2.17150224797852, -2.02593255330322, -1.86996715931407, -1.70360605401862, -1.52684922329898, -1.33969665000964, -1.14214831268276, -0.934204183622509, -0.71586422601727, -0.4871283894152, -0.247996602359724, 0.00153124014282716, 0, -0.249048613010754, -0.487737072497482, -0.716065382382733, -0.934033546981432, -1.14164157097659, -1.33888945938132, -1.52577721748619, -1.70230485079133, -1.86847236492365, -2.02427976554008, -2.16972705821898, -2.3048142483423, -2.42954134097253, -2.54390834072865, -2.64791525166625, -2.74156204867582, -2.82484850852889, -2.89777406479759, -2.96033779551923, -3.0125384112048, -3.05437424645332, -3.08584325061256, -3.10694298261869, -3.11767060521436, -3.11802288379087, -3.10799618538775, -3.08758648293242, -3.05678936060482, -3.01560002526655, -2.96401332202724, -2.90202375323194, -2.82962550407745, -2.7468124734344, -2.65357830822359, -2.54991645000162, -2.4358201753916, -2.31128263279415, -2.1762969187817, -2.03085611376417, -1.87495328877157, -1.70858160839745, -1.531734357353, -1.34440488289746, -1.14658674201851, -0.938273700367973, -0.719459590473923, -0.490138294388146, -0.250303717547716, 5.02497364570087e-05, 0, -0.248137808986459, -0.485987928417515, -0.713550362166469, -0.930825114351811, -1.13781218929184, -1.3345115914493, -1.52092332536701, -1.69704739559615, -1.86288380661923, -2.01843256277073, -2.16369366815812, -2.2986671265866, -2.42335294149021, -2.5377511158721, -2.64186165225544, -2.7356844683937, -2.81921888395973, -2.89246317755867, -2.95541454935157, -3.00806908466747, -3.05042172850874, -3.08246625706748, -3.10419526188945, -3.11560013206288, -3.11667105043965, -3.10739699026563, -3.08776572776261, -3.05776385807955, -3.01737682975649, -2.96658899196166, -2.90538365179151, -2.83374315201907, -2.75164896466883, -2.65908179555613, -2.55602172597607, -2.44244833533197, -2.31834081341259, -2.18367819315903, -2.0384394596448, -1.88260357125204, -1.71614977341041, -1.53905768107151, -1.35130710522451, -1.15287850300765, -0.943752978355174, -0.723911856226944, -0.493336638523348, -0.252008938716897, 8.96113581014268e-05, 0, -0.247228007607119, -0.484240682709504, -0.711038029131419, -0.927620050795309, -1.13398675165534, -1.33013813562465, -1.51607420649932, -1.69179496788265, -1.85730042311411, -2.01259057520705, -2.15766542679953, -2.29252498012131, -2.41716923697929, -2.53159819876178, -2.63581186646026, -2.72981010647965, -2.81359179338613, -2.88715406407441, -2.95049225528793, -3.00359984281725, -3.04646839885771, -3.07908754433192, -3.10144492231417, -3.11352616810324, -3.1153149027317, -3.10679272709997, -3.08793924277846, -3.05873207837783, -3.01914694689453, -2.96915772448999, -2.90873654584445, -2.83785393383424, -2.75647895563011, -2.66457939719954, -2.56212198241537, -2.44907259526242, -2.32539648450412, -2.19105863561208, -2.0460239528926, -1.89025729509351, -1.72372399967264, -1.54639002133103, -1.35822164283964, -1.15918622796473, -0.949252224017049, -0.728388452442605, -0.496564038197266, -0.253748305415622, 8.93701280134107e-05, 0, -0.246320487268189, -0.482497801887594, -0.708531947633598, -0.924422928233136, -1.13017074727721, -1.3257754081308, -1.51123691384515, -1.68655526707816, -1.85173047002911, -2.00676252439354, -2.1516514313437, -2.28639719153775, -2.41099980515928, -2.5254592719855, -2.62977559147961, -2.72394858448126, -2.80797669242857, -2.88185592374756, -2.94557976620654, -2.99913910168375, -3.0425221463388, -3.07571438369173, -3.09869852724445, -3.11145447835126, -3.11395931692538, -3.10618729295025, -3.08810985538013, -3.05969568876196, -3.02091079330978, -2.97171859509808, -2.91208007920997, -2.84195397114042, -2.76129695518847, -2.67006391872174, -2.56820824848709, -2.45568215205081, -2.3324369548281, -2.19842361096925, -2.05359295856419, -1.89789576971496, -1.73128348506474, -1.5537084085239, -1.36512330262797, -1.16548244415089, -0.954741628733712, -0.732857178158785, -0.49978584334004, -0.255484661232139, 8.92467861534074e-05, 0, -0.245415239520688, -0.480759269824906, -0.706032094639307, -0.921233717495854, -1.12636414162335, -1.32142336984005, -1.5064114044543, -1.681328247181, -1.84617389908211, -2.0009483605387, -2.14565163126077, -2.28028371033869, -2.40484459633659, -2.51933428742429, -2.62375278154011, -2.71809985971517, -2.80237354218406, -2.87656872208667, -2.9406770525949, -2.99468683723261, -3.03858295282272, -3.07234676327383, -3.09595607133589, -3.10938506418247, -3.11260430122515, -3.10558070287596, -3.08827758742645, -3.06065471775448, -3.02266840397698, -2.97427164493795, -2.91541429888651, -2.84604331640542, -2.76610302086882, -2.67553542226986, -2.57428059051513, -2.46227707589992, -2.33946229832601, -2.20577319679048, -2.06114655774626, -1.90551907967171, -1.73882831758607, -1.56101293410418, -1.37201217954184, -1.17176725008861, -0.960221294693694, -0.737318139343879, -0.503002163825934, -0.257218120080222, 8.91232407778664e-05, 0, -0.244512259252136, -0.479025076744754, -0.703538456155933, -0.918052400823198, -1.12256691361412, -1.31708199680165, -1.50159765195315, -1.67611387984297, -1.84063068039861, -1.99514805268991, -2.13966599496827, -2.27418450476004, -2.39870357901374, -2.51322321429549, -2.61774340702212, -2.71226390415775, -2.79678231662677, -2.87129243543136, -2.9357840934891, -2.99024303148818, -3.03465080357252, -3.0689846717868, -3.09321754690407, -3.10731792163412, -3.11124985545645, -3.10497296050825, -3.08844244632231, -3.06160917645242, -3.02441979355438, -2.97681689204937, -2.91873922606804, -2.85012199370383, -2.77089717930834, -2.68099393668337, -2.58033903914131, -2.46885739881711, -2.34647254790023, -2.21310742637282, -2.0686847836039, -1.91312725744749, -1.74635852847077, -1.56830362747295, -1.37888830055353, -1.17804066971667, -0.965691242190975, -0.741771352031318, -0.506213010809043, -0.258948687613927, 8.89999598817637e-05, 0, -0.243611541354221, -0.477295212878165, -0.701051018201486, -0.914878960467799, -1.1187790421844, -1.31275126508039, -1.49679562998406, -1.67091213673158, -1.83510078411889, -1.98936156990788, -2.13369449089491, -2.26809954304613, -2.39257672169824, -2.50712602181738, -2.61174743830228, -2.70644068977642, -2.79120298971623, -2.86602704010069, -2.93090086789859, -2.98580766644217, -3.03072568381276, -3.06562809789532, -3.09048294621595, -3.10525304669084, -3.1098959793891, -3.10436406942089, -3.08860443941483, -3.06255907589626, -3.02616497664658, -2.97935435442331, -2.92205488190659, -2.85419002707724, -2.77567945712239, -2.68643949079336, -2.58638362501469, -2.47542315283488, -2.35346773649852, -2.22042633308108, -2.0762076693945, -1.92072033564509, -1.75387414910096, -1.57558051821031, -1.38575169284773, -1.18430272722189, -0.971151491805854, -0.746216832581865, -0.509418395814911, -0.260676369906379, 8.88769407648149e-05, 0, -0.242713080730747, -0.475569668479315, -0.698569766827089, -0.911713378724308, -1.11500050631896, -1.30843115079769, -1.49200531225166, -1.66572298958125, -1.82958418045372, -1.98358888132624, -2.12773708754375, -2.26202879351595, -2.38646399297156, -2.50104267928042, -2.60576484582652, -2.700630188604, -2.78563553547253, -2.86077251246854, -2.92602735488115, -2.98138072412744, -3.02680757880142, -3.0622770302893, -3.08775226155509, -3.10319043534508, -3.10854267279182, -3.1037540331776, -3.08876357403226, -3.06350442709902, -3.02790396782248, -2.98188405000726, -2.92536128750345, -2.85824744050997, -2.78044988086323, -2.69187211336282, -2.59241437871226, -2.48197436991064, -2.3604478969915, -2.22772995020214, -2.08371524829791, -1.92829834679131, -1.7613752107856, -1.58284363582738, -1.39260238354563, -1.19055344673445, -0.976602064070122, -0.750654597317307, -0.512618330341001, -0.262401173014881, 8.87541829224237e-05, 0, -0.241816872297577, -0.473848433825446, -0.696094688116871, -0.908555637929247, -1.1112312850522, -1.30412163013138, -1.48722667252268, -1.66054641019311, -1.82408083968409, -1.97782995615137, -2.121793753492, -2.25597222456301, -2.38036536148896, -2.49497315604705, -2.59979560010992, -2.69483237273859, -2.78007992797623, -2.85552882896358, -2.92116353354284, -2.97696218661803, -3.02289647382995, -3.05893145768393, -3.08502548522188, -3.10113008359733, -3.10718993543252, -3.10314285533241, -3.08891985748444, -3.06444524104676, -3.0296367816159, -2.98440599670589, -2.92865846391, -2.86229425792994, -2.78520847702099, -2.69729183308778, -2.59843133074002, -2.48851108192786, -2.36741306217403, -2.23501831094633, -2.09120755341784, -1.93586132333851, -1.76886174476216, -1.59009300976804, -1.39944039970672, -1.19679285232973, -0.982042979469055, -0.755084662522539, -0.515812825858875, -0.264123102983197, 8.86316856645308e-05, 0, -0.240922890458657, -0.472131459702972, -0.693625711218243, -0.905405647569542, -1.10747127018909, -1.29982257918291, -1.48245957317357, -1.65538224919706, -1.81859060267177, -1.97208462745524, -2.1158643160002, -2.2499296596147, -2.3742806488229, -2.48891727381303, -2.59383952494966, -2.68904707004187, -2.7745360010857, -2.85029583133937, -2.91630925539466, -2.97255191700581, -3.01899224535367, -3.05559127163754, -3.08230252557235, -3.0990719182498, -3.10583771416045, -3.10253050433416, -3.08907328132338, -3.06538153384923, -3.03136346010011, -2.98692026391358, -2.93194650915215, -2.86633060725927, -2.78995540185343, -2.70269883021788, -2.60443468094336, -2.49503350389497, -2.37436345775157, -2.24229164722052, -2.09868481834096, -1.94340949600906, -1.77633397432613, -1.5973288513234, -1.4062659360284, -1.20302111751351, -0.987474385712896, -0.759507145504377, -0.519001964661506, -0.265842202478382, 8.85110216157226e-05, 0, -0.240030982487404, -0.470418454731365, -0.691162420169351, -0.902262881174601, -1.10371983882281, -1.29553329268171, -1.47770324064226, -1.65022967881167, -1.81311260148796, -1.96635200123345, -2.10994786905985, -2.24390019472976, -2.36820896717045, -2.48287417498461, -2.58789580703186, -2.68327352553551, -2.76900307218324, -2.84507292333059, -2.91146402447963, -2.96814953355999, -3.01509463974548, -3.05225636046197, -3.07958341340267, -3.09701610007542, -3.10448628709099, -3.1019173629588, -3.08922432025565, -3.06631385936552, -3.03308462346055, -2.98942752526867, -2.93522613740122, -2.87035723023736, -2.79469141444425, -2.7080938736606, -2.6104252005075, -2.50154240169308, -2.3812998366865, -2.24955069142478, -2.10614774723605, -1.95094353304965, -1.78379252409332, -1.6045517337552, -1.41307950668402, -1.20923868962829, -0.992896655565475, -0.763922336696588, -0.522185947098967, -0.267558574011313, 8.83952775908026e-05, 0, -0.239140872806789, -0.468708892154645, -0.688704061433323, -0.899126382824653, -1.09997585704857, -1.29125248313565, -1.47295625824681, -1.64508717756239, -1.80764523426233, -1.96063041961641, -2.10404272319819, -2.23788213322787, -2.36214863703895, -2.47684222165157, -2.58196287442318, -2.67751025625986, -2.76347976890291, -2.83985886474174, -2.90662675431571, -2.96375412501917, -3.01120293125928, -3.04892618323011, -3.07686780513703, -3.09496250844399, -3.10313576939528, -3.10130378242294, -3.08937355168868, -3.06724300146034, -3.03480124219034, -2.99192891801916, -2.93849863137359, -2.87437553236979, -2.79941802036194, -2.71347854628208, -2.61640452679444, -2.50803944434438, -2.3882238767947, -2.25679710727487, -2.11359796680115, -1.95846500120274, -1.79123887789625, -1.61176303501888, -1.41988236077505, -1.21544666593808, -0.998310711465885, -0.768330960723667, -0.525365276989957, -0.269272477601265, 8.82912340233744e-05, 0, -0.238252871610138, -0.467003366060239, -0.686251486692487, -0.895997235497794, -1.09624061284123, -1.28698161721756, -1.46822024505942, -1.63995649062256, -1.80219034597152, -1.9549218010866, -2.09815084410661, -2.2318774617129, -2.35610163964883, -2.47082336335547, -2.57604261869137, -2.67175906524808, -2.7579677710128, -2.83465517728159, -2.90179877372849, -2.95936679247009, -3.00731796963424, -3.04560132574444, -3.07415601009036, -3.09291116359328, -3.10178589246193, -3.10068921810105, -3.08952017788873, -3.06816794204707, -3.03651210527517, -2.99442306034403, -2.94176246187586, -2.87838386184544, -2.80413346990119, -2.71885102517046, -2.6223707883394, -2.51452273645294, -2.39513368334127, -2.26402902526266, -2.12103365729685, -1.96597215501861, -1.79867138907807, -1.61896123173852, -1.42667312268201, -1.22164384304531, -1.00371554669615, -0.77273223199912, -0.528539414327872, -0.270983643269864, 8.8174386477291e-05, 0, -0.237367027233232, -0.465301969299953, -0.683804829494916, -0.892875609618619, -1.09251430968219, -1.28272092764591, -1.46349545921601, -1.63483789772593, -1.79674823412756, -1.94922645711487, -2.09227255339536, -2.22588650811519, -2.35006830543127, -2.46481792920923, -2.57013536381198, -2.66602026751941, -2.75246738074164, -2.82946214652264, -2.89698034773444, -2.95498777643692, -3.00343996692708, -3.04228196757815, -3.07144817129369, -3.09086216790942, -3.10043671388412, -3.10007367859921, -3.08966415423397, -3.06908857898839, -3.03821705409842, -2.99690974343139, -2.94501737616523, -2.88238192821113, -2.80883744107676, -2.72421096294654, -2.62832361846937, -2.52099189811673, -2.40202886922764, -2.27124605709655, -2.12845443521658, -1.97346462173154, -1.80608970155117, -1.62614599042682, -1.43345148742784, -1.22782995038387, -1.00911093099511, -0.777125966456031, -0.53170822712635, -0.272691996996282, 8.80549046493595e-05, 0, -0.236483334989313, -0.463604692905252, -0.68136407699528, -0.889761488869986, -1.08879692818746, -1.27847039237488, -1.45878187641388, -1.62973137271788, -1.79131887112888, -1.94354435905764, -2.08640782178382, -2.21990924292201, -2.34404860504639, -2.4588258904507, -2.56424108200553, -2.66029383668196, -2.74697857347443, -2.82427974998386, -2.89217145630865, -2.95061705963581, -2.99956890884014, -3.03896809762319, -3.06874428098842, -3.08881551709805, -3.09908823290036, -3.09945716671022, -3.08980548704535, -3.07000492205939, -3.0399161017678, -2.99938898355298, -2.94826339346281, -2.88636975337788, -2.8135299581871, -2.7295583859526, -2.63426304518827, -2.52744695858323, -2.40890946449375, -2.2784482331287, -2.13586033071862, -1.98094243077758, -1.81349384348254, -1.63331733741981, -1.44021747894384, -1.23400500889767, -1.01449688173042, -0.781512177292659, -0.534871723818453, -0.274397541851047, 8.79356787281127e-05, 0, -0.235601324141246, -0.461910630055112, -0.678927920941894, -0.886653198222676, -1.08508646120324, -1.27422770677873, -1.45407692920764, -1.62463411998515, -1.78589926784552, -1.93787235891873, -2.08055337705922, -2.21394230435284, -2.33803912179377, -2.45284381010656, -2.55835635067188, -2.65457639915397, -2.74149805927679, -2.81910481597442, -2.88736907337483, -2.94625178190803, -2.99570212134208, -3.03565724814385, -3.06604209785949, -3.08676921634526, -3.09773872123273, -3.09883824068073, -3.08994304103584, -3.07091616233432, -3.04160878556733, -3.00186068400516, -2.95150080283508, -2.89034803189665, -2.81821214094052, -2.73489485868796, -2.64019109738352, -2.53389043069159, -2.41577848546445, -2.28563909267817, -2.14325542560418, -1.98841022591234, -1.82088904004488, -1.64048109876715, -1.44697754362145, -1.24017580310354, -1.01987994761918, -0.785896600365597, -0.538034250349709, -0.276102656806708, 8.79818390840947e-05, 0, -0.234721453684558, -0.460220664996329, -0.676497637088579, -0.883552371193389, -1.08138486626514, -1.2699951186683, -1.44938312194002, -1.61954886665955, -1.78049234045611, -1.93221352818205, -2.07471241227, -2.20798897328067, -2.33204319063195, -2.44687504348276, -2.55248451172711, -2.64887124972519, -2.7360290520643, -2.81394044376341, -2.88257615705026, -2.94189474081702, -2.99184222206438, -3.03235183742961, -3.06334382141125, -3.08472522689292, -3.0963898823483, -3.09821832665521, -3.090077945444, -3.07182311252713, -3.04329558203263, -3.00432496545731, -2.95472934936409, -2.89431611350911, -2.82288292395471, -2.74021888083375, -2.64610581995991, -2.54031988470506, -2.42263300787244, -2.2928151970365, -2.1506357467926, -1.99586347973256, -1.82827018954291, -1.64763157849231, -1.45372537119109, -1.24633569024793, -1.02525372708055, -0.790273652055519, -0.541191617838408, -0.277805124506481, 8.78623602327266e-05, 0, -0.233843724127172, -0.458534798792575, -0.674073227102589, -0.88045901010079, -1.07769214639106, -1.26577263180856, -1.44470045917089, -1.61447561814367, -1.77509809525382, -1.92656787407914, -2.06888493563392, -2.20204925895734, -2.32606082189468, -2.44091960204277, -2.54662557781226, -2.64317840226214, -2.73057156696129, -2.80878664973344, -2.87779272494142, -2.93754595512149, -2.98798923080698, -3.02905188616927, -3.06064947302576, -3.08268357057613, -3.09504173824916, -3.09759744647, -3.09021022156041, -3.07272579295525, -3.04497651003352, -3.00678184481044, -2.95794904741519, -2.89827400943367, -2.82754231464719, -2.74553045531197, -2.65200721061095, -2.54673531232006, -2.42947301661583, -2.29997652347318, -2.1580012630689, -2.00330215166073, -1.83563724114013, -1.65476871458823, -1.46046088755158, -1.25248458320264, -1.03061811901946, -0.794643216355649, -0.544343694417415, -0.279504796270829, 8.77436900625916e-05, 0, -0.23296813098531, -0.456853022865253, -0.67165467869946, -0.877373099343503, -1.07400828305167, -1.26156022513116, -1.44002891768184, -1.60941434945799, -1.76971650588693, -1.92093536927503, -2.06307091922167, -2.19612313324811, -2.32009198763068, -2.43497745840771, -2.54077952250974, -2.63749783169735, -2.7251255806239, -2.80364341260565, -2.87301875814106, -2.93320540855522, -2.98414313417462, -3.02575738402707, -3.05795904557218, -3.08064424356965, -3.09369428847052, -3.09697560302886, -3.09033987561824, -3.07362421311676, -3.04665158224293, -3.00923133777579, -2.96115991555561, -2.90222174086677, -2.83219033657409, -2.75082960772814, -2.65789529664292, -2.55313674215929, -2.43629854121674, -2.30712310196373, -2.16535200439036, -2.01072627114216, -1.84299022325768, -1.66189253392491, -1.46718411748291, -1.25862250410975, -1.0359731423858, -0.799005308465193, -0.547490490974105, -0.281201678112672, 8.76252535064737e-05, 0, -0.232094668720918, -0.455175326638808, -0.669241976766693, -0.874294619772637, -1.07033325356225, -1.25735787291607, -1.43536846921811, -1.60436503031351, -1.76434754053275, -1.91531598091389, -2.05727032964478, -2.19021056273237, -2.31413665488771, -2.42904858059416, -2.53494631530545, -2.63182950948654, -2.71969106695311, -2.79851070914966, -2.86825423665431, -2.92887308466554, -2.98030391950025, -3.0224683222987, -3.05527253441771, -3.07860724535081, -3.0923475365677, -3.09635280386191, -3.09046691894943, -3.0745183879517, -3.04832081699726, -3.01167346581858, -2.96436197806114, -2.90615933453239, -2.83682701850795, -2.75611636847422, -2.6637701096163, -2.55952420648703, -2.44310961417199, -2.31425496476276, -2.17268800229692, -2.01813586853552, -1.85032916461372, -1.66900306313011, -1.47389508508209, -1.26474947410297, -1.04131881492443, -0.803359942320451, -0.550632017220325, -0.282895775105707, 8.75070277858159e-05, 0, -0.231223332662948, -0.453501701175011, -0.666835108502744, -0.8712235551272, -1.0666670386062, -1.25316555319501, -1.43071908956351, -1.59932763465005, -1.75899117169095, -1.90970968045904, -2.05148313773406, -2.18431151801225, -2.30819479444303, -2.42313293995836, -2.52912592853837, -2.62617340935523, -2.71426800144945, -2.79338851699773, -2.86349914056738, -2.92454896627788, -2.97647157259476, -3.01918468998564, -3.05258993191674, -3.07657257174498, -3.09100148190957, -3.09572905190774, -3.09059135804158, -3.07540832742891, -3.04998422763186, -3.01410824547947, -2.96755525447111, -2.91008681271761, -2.84145238519001, -2.76139076441143, -2.66963167813978, -2.56589773525117, -2.44990626632776, -2.32137214314468, -2.18000928799548, -2.02553097446218, -1.85765409470754, -1.67610033002944, -1.4805938159374, -1.27086551596039, -1.04665515602367, -0.807707133335888, -0.553768284009695, -0.284587092953858, 8.73890486877693e-05, 0, -0.230354118151071, -0.45183213755609, -0.664434061135281, -0.868159889183182, -1.06300961891072, -1.24898324404923, -1.42608075455628, -1.59430213646566, -1.75364737192224, -1.90411643943673, -2.04570931438415, -2.17842596975363, -2.30226637713659, -2.41723050791711, -2.52331833460502, -2.62052950508244, -2.70885635966199, -2.78827681382488, -2.85875345000264, -2.92023303624665, -2.97264607929023, -3.01590647610239, -3.04991123042821, -3.0745402185734, -3.08965612385215, -3.09510435008341, -3.09071319935229, -3.07629404147898, -3.05164182743597, -3.01653569324571, -2.97073976426472, -2.9140041976433, -2.84606646129008, -2.76665282232515, -2.67548003074273, -2.57225735831791, -2.45668852844724, -2.32847466830084, -2.18731589261109, -2.03291161946429, -1.86496504296337, -1.68318436237931, -1.48728033557564, -1.27697065240831, -1.05198218503208, -0.81204689690083, -0.556899302188143, -0.286275637374, 8.72713148366566e-05, 0, -0.229486710713293, -0.450166028988072, -0.66203795769836, -0.865102496952611, -1.05935964361565, -1.24480939089599, -1.42145172804048, -1.58928664018025, -1.74831410837104, -1.89853410986402, -2.03994661863235, -2.17255160616104, -2.29634904248654, -2.41133889744794, -2.51752114208736, -2.6148954229991, -2.7034538077993, -2.78317332781401, -2.85401497717936, -2.9159232128525, -2.96882548591478, -3.01263187696981, -3.04723479816859, -3.0725087478072, -3.08831023993554, -3.09447771326662, -3.09083171681947, -3.0771750847765, -3.05329347345141, -3.01895599011155, -2.97391603392952, -2.91791238278828, -2.85067052873502, -2.77190423400803, -2.68131729046497, -2.57860565132231, -2.46345945007895, -2.33556601206008, -2.19461158703857, -2.04028174983057, -1.87226600737844, -1.6902590861909, -1.49395837432204, -1.28306829438429, -1.0573028697988, -0.816381634077908, -0.560026782335072, -0.287962304760466, 8.71953419043781e-05, 0, -0.228621415693503, -0.448503964791785, -0.659647650122801, -0.862052471609419, -1.05571842577125, -1.24064550529534, -1.41683369871957, -1.58428299027472, -1.74299335993003, -1.89296478368026, -2.03419723410006, -2.16669068117393, -2.29044509338695, -2.40546043903674, -2.51173668770097, -2.60927348468886, -2.69806263093919, -2.77808028613697, -2.84928586993464, -2.91162154313847, -2.96501171722565, -3.00936267353353, -3.04456225071063, -3.07047958804834, -3.08696505015545, -3.09385013117327, -3.09094764816724, -3.07805192130337, -3.05493933412929, -3.02136898717124, -2.97708357534019, -2.92181051890932, -2.85526335523121, -2.77714336215091, -2.68714139298562, -2.58494010090629, -2.47021604677474, -2.3426427698204, -2.20189266908165, -2.04763748874962, -1.87955305948658, -1.6973206442868, -1.50062426921617, -1.28915509605924, -1.06261430452837, -0.820709001997765, -0.563149067393946, -0.289646246759229, 8.70778692655949e-05, 0, -0.227758202842452, -0.44684588769795, -0.65726305734852, -0.859009711531926, -1.05208584642344, -1.23649145418998, -1.41222652266221, -1.57929103517275, -1.73768497060707, -1.8874083037065, -2.02846100565058, -2.16084304492677, -2.28455438847243, -2.39959500304718, -2.50596485676746, -2.60366359366019, -2.69268275203346, -2.77299763050471, -2.84456608800417, -2.90732800409406, -2.96120476665654, -3.00609887482116, -3.0418936117832, -3.06845277679047, -3.08562060478873, -3.09322166583596, -3.09106106611001, -3.07892463333523, -3.05657950013943, -3.02377478227563, -2.98024249227041, -2.92569871440087, -2.85984505244955, -2.78237032031651, -2.69295245233661, -2.59126082011314, -2.47695842909891, -2.34970504814796, -2.20915923976372, -2.05497893013545, -1.88682628450764, -1.70436911159314, -1.50727808327909, -1.29523110692885, -1.06791652356441, -0.825029018220912, -0.566266156508289, -0.291327442460941, 8.69614968597165e-05, 0, -0.226897095553479, -0.445191841842597, -0.654884241603589, -0.855974294389607, -1.04846199603248, -1.23234733818031, -1.40763030795834, -1.57431088780331, -1.73238905551954, -1.88186478459806, -2.02273804482662, -2.15500880319924, -2.27867702510915, -2.39374267578151, -2.50020572187473, -2.59806580613621, -2.68731421032476, -2.76792538453212, -2.83985564071079, -2.90304259204951, -2.95740461880622, -3.00284045492089, -3.03922884614273, -3.06642827059359, -3.08427685328966, -3.09259226064836, -3.09117190897993, -3.07979315509542, -3.05821390250291, -3.02617330410445, -2.98339271187468, -2.92957689566473, -2.8644155467697, -2.78758503555286, -2.69875039688713, -2.59756773925074, -2.48368652988343, -2.35675278295536, -2.21641123860927, -2.06230601763375, -1.89408563069956, -1.71140444145635, -1.51391977541022, -1.30129629190097, -1.07320949827219, -0.829341661014764, -0.569378035289729, -0.293005885262086, 8.68446031624392e-05, 0, -0.226038089204569, -0.44354181838043, -0.652511190218167, -0.852946204086807, -1.04484685547563, -1.22821313551524, -1.40304503062726, -1.56934252235477, -1.72710558742364, -1.87633419807763, -2.01702832271609, -2.14918792684317, -2.27281297431154, -2.38790342881542, -2.49445925555841, -2.59248009601116, -2.68195698144921, -2.76286352594902, -2.83515450819563, -2.89876528983859, -2.9536112594438, -2.99958740273932, -3.03656794599328, -3.06440606507543, -3.08293379476094, -3.0919619182237, -3.09128018288001, -3.08065749610943, -3.05984255405408, -3.0285645686414, -2.98653425308154, -2.93344508432602, -2.86897486222301, -2.792787533967, -2.70453525445144, -2.60386088743695, -2.4904003791137, -2.36378600463082, -2.22364869591911, -2.06961878094579, -1.90133112663376, -1.71842666077297, -1.52054937027436, -1.30735067284288, -1.07849324714933, -0.833646944931008, -0.572484713765054, -0.294681580084122, 8.6727953276744e-05, 0, -0.225181179189596, -0.441895808497448, -0.65014389056862, -0.849925424588509, -1.04124040570473, -1.22408882453172, -1.39847066678925, -1.56438591312898, -1.72183453920101, -1.87081651600487, -2.01133181055488, -2.14338038686885, -2.26696220726253, -2.38207723390265, -2.48872543054125, -2.58690643737495, -2.67661104124674, -2.75781203269675, -2.83046267081886, -2.89449608052131, -2.94982467457173, -2.99633970742355, -3.03391090378659, -3.06238615610879, -3.08159142856804, -3.09133064144608, -3.09138589419272, -3.08151766619145, -3.06146546792589, -3.03094859217947, -2.98966713514047, -2.93730330234348, -2.8735230231882, -2.79797784202822, -2.7103070532223, -2.6101402941856, -2.49710000719008, -2.37080474399785, -2.23087164245126, -2.07691725025352, -1.90856280138741, -1.72543579697192, -1.52716689309705, -1.31339427221266, -1.08376778931602, -0.83794488517731, -0.575586202652188, -0.296354532576515, 8.66115456837901e-05, 0, -0.224326360912903, -0.44025380339967, -0.647782330059983, -0.846911939896096, -1.03764262771485, -1.21997438361582, -1.39390719261872, -1.55944103448601, -1.71657588379468, -1.8653117103031, -2.00564847964391, -2.13758615435209, -2.26112469521008, -2.37626406286061, -2.48300421960735, -2.58134480437567, -2.67127636561142, -2.75277088276591, -2.82578010898431, -2.89023494719516, -2.94604485022325, -2.99309735814425, -3.03125771199045, -3.06036853957474, -3.08024975407682, -3.09069843319206, -3.09148904928515, -3.0823736751326, -3.06308265722086, -3.03332539097426, -2.99279137725702, -2.94115157162594, -2.87806005398881, -2.80315598614615, -2.71606582132903, -2.61640598894429, -2.50378544444479, -2.377809031811, -2.238080108895, -2.0842014556715, -1.91578068397278, -1.73243187742092, -1.53377236904753, -1.31942711241816, -1.08903314384954, -0.842235496927017, -0.578682512644559, -0.298024748375324, 8.64953799407653e-05, 0, -0.223473629789245, -0.438615794313034, -0.645426496125809, -0.843905734047166, -1.03405350254405, -1.21586979120251, -1.38935458434396, -1.55450786084388, -1.71132959420883, -1.85981975295905, -1.99997830134882, -2.13180520043386, -2.25530040946687, -2.37046388757006, -2.47729559560194, -2.57579517121936, -2.66595293049117, -2.74774005419617, -2.82110680313929, -2.88598187299495, -2.94227177246215, -2.98986034409551, -3.0286083630886, -3.05835321136262, -3.07890877065352, -3.0900652963307, -3.09158965450911, -3.08322553270113, -3.06469413501131, -3.03569498124418, -2.99590699859313, -2.94498991403276, -2.88258597889364, -2.80832199267115, -2.72181158683805, -2.62265800109494, -2.51045672114258, -2.38479889875655, -2.24527412587158, -2.09147142724766, -1.92298480333806, -1.73941492942735, -1.54036582323959, -1.32544921581797, -1.0942893297853, -0.846518795320236, -0.581773654412246, -0.299692233104384, 8.63794554392672e-05, 0, -0.222622981243753, -0.436981772483334, -0.643076376228079, -0.840906791115412, -1.03047301127327, -1.21177502577548, -1.38481281824692, -1.54958636667834, -1.70609564350849, -1.85434061602253, -1.99432124709972, -2.12603749632006, -2.24948932141004, -2.36467667997487, -2.47159953143106, -2.57025751216969, -2.66064071188753, -2.74271952507594, -2.81644273377438, -2.88173684109257, -2.93850542738263, -2.98662865449472, -3.0259628495806, -3.05634016736983, -3.07756847766466, -3.08943123372348, -3.09168771620102, -3.08407324864227, -3.06629991433922, -3.03805737917042, -2.99901401826703, -2.94881835137369, -2.88710082211668, -2.81347588789432, -2.72754437775284, -2.62889635995375, -2.51711386748065, -2.39177437545243, -2.25245372393423, -2.09872719496326, -1.93017518836726, -1.74638498023811, -1.54694728073148, -1.33146060472125, -1.09953636611666, -0.850794795463636, -0.584859638601731, -0.301356992375034, 8.62637717276571e-05, 0, -0.221774410711927, -0.435351729176197, -0.640731957857171, -0.837915095210589, -1.02690113502626, -1.2076900658671, -1.38028187066321, -1.54467652652283, -1.70087400481956, -1.8488742716065, -1.98867728839122, -2.12028301328148, -2.2436914024812, -2.358902412082, -2.4659160000616, -2.56473180154803, -2.65533968585575, -2.73770927354255, -2.8117878814235, -2.87749983469714, -2.93474580110946, -2.98340227858269, -3.02332116398201, -3.05432940350213, -3.07622887447726, -3.08879624822455, -3.09178324068226, -3.08491683267866, -3.06790000821667, -3.04041260089734, -3.00211245535369, -2.95263690540938, -2.89160460781761, -2.81861769804795, -2.73326422201444, -2.63512109477171, -2.5237569135892, -2.39873549244876, -2.25961893356859, -2.10596878873338, -1.93735186788079, -1.75334205704019, -1.55351676652643, -1.33746130138826, -1.10477427179539, -0.855063512430872, -0.587940475836307, -0.303019031786485, 8.61483281702768e-05, 0, -0.220927913639589, -0.433725655676988, -0.638393228531724, -0.834930630478335, -1.02333785496938, -1.20361489005817, -1.3757617179818, -1.5397783149682, -1.69566465132847, -1.84342069188665, -1.98304639678197, -2.11454172265347, -2.23790662418601, -2.35314105596111, -2.46024497452089, -2.55921801373305, -2.65004982850432, -2.73270927778176, -2.80714222666353, -2.87327083705456, -2.93099287979754, -2.98018120562328, -3.02068329882397, -3.05232091567322, -3.07488996045851, -3.0881603426804, -3.09187623425876, -3.08575629450991, -3.06949442962547, -3.04276066253212, -3.00520232888449, -2.95644559785098, -2.89609736010143, -2.8237474493052, -2.73897114750109, -2.64133223473428, -2.53038588953105, -2.40568228022752, -2.26676978519244, -2.11319623840659, -1.94451487063504, -1.76028618696026, -1.56007430557225, -1.34345132802995, -1.11000306573131, -0.859324961262226, -0.591016176715705, -0.304678356925445, 8.60331243355272e-05, 0, -0.220083485482863, -0.43210354329079, -0.63606017579861, -0.83195338110014, -1.01978315231156, -1.19954947697789, -1.37125233664499, -1.53489170666265, -1.69046755628212, -1.83797984910144, -1.97742854389474, -2.10881359583587, -2.23213495809421, -2.34739258374462, -2.45458642789677, -2.55371612316076, -2.64477111599508, -2.72771951602791, -2.80250575011442, -2.86904983144775, -2.9272466496321, -2.97696542490363, -3.01804924665352, -3.05031469980501, -3.07355173497604, -3.08752351993019, -3.09196670322142, -3.0865916438131, -3.07108319151759, -3.04510158014524, -3.0082836578477, -2.96024445036076, -2.90057910301905, -2.82886516778069, -2.74466518202887, -2.64752980896197, -2.53700082530233, -2.41261476920316, -2.27390630915631, -2.1204095737656, -1.95166422532307, -1.76721739706533, -1.56661992276196, -1.34943070680856, -1.11522276679285, -0.863579156965111, -0.594086751816562, -0.306334973366539, 8.59181596239433e-05, 0, -0.219241121708152, -0.430485383342347, -0.633732787232846, -0.82898333129323, -1.01623700830418, -1.19549380530372, -1.36675370314821, -1.53001667631155, -1.68528269298774, -1.8325517155518, -1.97182370141613, -2.10309860429285, -2.22637637583941, -2.34165696762744, -2.44894033333732, -2.5482261043243, -2.63950352454304, -2.7227399665637, -2.79787843243901, -2.86483680119638, -2.92350709682855, -2.973754925734, -3.01541900003343, -3.04831075182753, -3.07221419739786, -3.08688578280564, -3.09205465384599, -3.08742289024259, -3.07266630681511, -3.0474353697704, -3.01135646118842, -2.96403348455196, -2.90504986056716, -2.83397087953041, -2.75034635335158, -2.6537138465103, -2.54360175083233, -2.41953298972255, -2.2810285357434, -2.12760882452713, -1.95879996057442, -1.7741357143626, -1.57315364293362, -1.35539945983745, -1.12043339380681, -0.86782611451386, -0.597152211692187, -0.307988886672048, 8.58034335546876e-05, 0, -0.218400668626618, -0.428870879563953, -0.631410635097834, -0.826019932962054, -1.01269876560261, -1.19144711955174, -1.36226497497793, -1.52515230548122, -1.68010907820081, -1.82713525429147, -1.9662307898069, -2.0973956370007, -2.22062974602165, -2.33593306694126, -2.44330555201355, -2.54274683134128, -2.63424595230441, -2.717769562645, -2.79325925302026, -2.86063078280225, -2.91977332596151, -2.97054889167616, -3.01279183238574, -3.04630844585356, -3.07087683331418, -3.08624673911656, -3.09213982685902, -3.08824991809352, -3.07424381398854, -3.0497622346158, -3.01442111737123, -2.9678132646218, -2.90951039311128, -2.83906555148503, -2.75601584532573, -2.65988573123909, -2.5501902062279, -2.42643859421154, -2.28813818574717, -2.13479573588104, -1.96592380198821, -1.78104280086108, -1.57967702049779, -1.36135898991436, -1.12563615394042, -0.872066801425966, -0.600213240190133, -0.309640452996474, 8.57045171870352e-05, 0, -0.217561827968066, -0.427259455203848, -0.629092883948859, -0.823062111757503, -1.00916713074179, -1.18740792692922, -1.35778447980177, -1.52029676208734, -1.67494473987237, -1.82172837309369, -1.9606476164488, -2.09170242073543, -2.21489273459626, -2.33021850660521, -2.4376796875921, -2.53727590640907, -2.62899601977604, -2.71280596280782, -2.78864592814196, -2.85642956997242, -2.91604322780192, -2.96734533016915, -3.01016588738398, -3.04430608131861, -3.0695381174102, -3.08560505824525, -3.09222110574663, -3.08907184432189, -3.07581508278952, -3.05208181651466, -3.0174775595581, -2.97158403427074, -2.91396127406416, -2.8441501059095, -2.76167494817672, -2.66604716769028, -2.55676838350775, -2.43333433544906, -2.29523864597265, -2.14197440191158, -1.97304045215674, -1.78794370104082, -1.58619517387147, -1.36731422144669, -1.13083550965215, -0.876304950279844, -0.60327257208255, -0.311291141372427, 8.56860895081524e-05, 0, -0.216725037621891, -0.425651956327842, -0.626780758315181, -0.820111440959401, -1.0056439960394, -1.18337840907921, -1.35331465887607, -1.51545271728793, -1.66979254935104, -1.81633411378732, -1.95507736394136, -2.08602224915844, -2.20916871657869, -2.32451671328187, -2.43206618867675, -2.5318167703675, -2.62375713031796, -2.70785250319362, -2.78404169696329, -2.85223627509349, -2.91231975814532, -2.96414701056935, -3.00754371806649, -3.04230596503237, -3.06820008032394, -3.08496246468213, -3.09229987884277, -3.08988969106349, -3.07738073908155, -3.05439431495237, -3.02052553071965, -2.97534504978827, -2.91840124283939, -2.84922273511972, -2.76732127687537, -2.67219516321819, -2.56333265211565, -2.44021591465308, -2.30232491907639, -2.14913909635813, -1.98014359768754, -1.79483182412993, -1.59270154596871, -1.3732589420807, -1.1360259043482, -0.880535971253303, -0.606326895321139, -0.312939228535326, 8.55715734686679e-05, 0, -0.215890295886401, -0.424048379722454, -0.624474253661441, -0.817167914900421, -1.00212935488604, -1.17935855864018, -1.34885550427705, -1.51062016278684, -1.66465249815825, -1.81095246790124, -1.94952002401076, -2.08035511438316, -2.20345768465954, -2.31882768042886, -2.426465049682, -2.5263694187779, -2.61852928081326, -2.70290918215156, -2.77944655941068, -2.84805089974498, -2.90860292026264, -2.96095393783804, -3.00492533104277, -3.04030810516791, -3.06686273166369, -3.08431896929791, -3.09237615806268, -3.09070347101488, -3.07894079603416, -3.05669974321839, -3.0235650438685, -2.97909632347065, -2.92283031053639, -2.85428344849855, -2.77295483853143, -2.67832972206855, -2.56988301281099, -2.44708332844621, -2.3093969968691, -2.15628980552295, -1.98723321865988, -1.8017071432555, -1.59919610222373, -1.37919310880802, -1.14120728582153, -0.884759802179971, -0.609376137016287, -0.314584630105905, 8.54576069519997e-05, 0, -0.215057598265595, -0.422448716784321, -0.622173357665549, -0.814231517928381, -0.998623188688076, -1.17534835446565, -1.34440699269404, -1.50579907349782, -1.65952455982077, -1.80558340796387, -1.94397556857571, -2.07470098810714, -2.19775961070374, -2.31315138046713, -2.42087624397341, -2.52093382633896, -2.61331244766742, -2.69797597813697, -2.77486049629922, -2.84387342737632, -2.9048927004748, -2.9577661013654, -3.002310718929, -3.03831249768167, -3.0655260707968, -3.08367457489694, -3.09244994962885, -3.09151319375254, -3.08049526646856, -3.05899811722469, -3.02659611780962, -2.98283787677553, -2.9272485009841, -2.85933227192573, -2.77857566071796, -2.68445087311606, -2.57641949534696, -2.453936607009, -2.31645490948278, -2.16342655899226, -1.99430934359909, -1.80856968535234, -1.60567886743967, -1.38511674375039, -1.14637967295648, -0.888976458146761, -0.612420307894909, -0.316227351887047, 8.5343875884325e-05, 0, -0.214226897503029, -0.420852876541523, -0.619877939181071, -0.811302082263285, -0.99512529657289, -1.1713475661313, -1.33996886769184, -1.50098917051565, -1.65440843650411, -1.80022662075213, -1.93844367256513, -2.06905953695184, -2.19207415656576, -2.30748747402445, -2.41529943449229, -2.51550966184574, -2.60810630905446, -2.69305258219743, -2.77028321501167, -2.8397035851317, -2.90118884907632, -2.95458327794596, -2.9996996883285, -3.03631898225217, -3.06418997369998, -3.0830291969328, -3.09252121160555, -3.09231886304019, -3.08204420289179, -3.0612895412211, -3.02961891149153, -2.98656992626365, -2.93165609122824, -2.86436953942082, -2.78418412463011, -2.69055903486832, -2.58294254564941, -2.46077621376367, -2.32349912788987, -2.17054982532164, -2.00137242865945, -1.81541988417493, -1.61215024296201, -1.39103020582701, -1.1515433722232, -0.893186183148587, -0.615459579448289, -0.317867482836243, 8.52339895366372e-05, 0, -0.213397925765259, -0.419260346648669, -0.617587264672153, -0.808378676500235, -0.991634572587841, -1.16735493645787, -1.33553974418555, -1.49618896417041, -1.64930255727366, -1.79488047738665, -1.93292267247445, -2.06342908610662, -2.18639965944754, -2.30183433363363, -2.40973305242025, -2.51009543844618, -2.60290948339147, -2.68813774129207, -2.76571361428974, -2.83554044674172, -2.89749063795672, -2.95140496076027, -2.99709197680542, -3.03432755293794, -3.06285469224126, -3.08238333682321, -3.09259067733585, -3.09312142037916, -3.08358872519157, -3.06357528363765, -3.03263481200052, -2.99029394775075, -2.93605461584795, -2.86939682066799, -2.78978181761428, -2.69665579488942, -2.58945373402586, -2.4676036842605, -2.33053113535968, -2.17766101795613, -2.00842379990212, -1.82225896082833, -1.61861132735786, -1.39693445347838, -1.1566991843427, -0.897389602591637, -0.618494384170868, -0.319505244937025, 8.51340801443223e-05, 0, -0.212570964374032, -0.417671665614989, -0.615302105701254, -0.805462281120737, -0.988152181999417, -1.16337179136295, -1.33112108461016, -1.49140002928112, -1.64420858519943, -1.78954670505583, -1.92741433547823, -2.05781141860043, -2.18073789410115, -2.29619370163902, -2.40417878356344, -2.50469276127817, -2.59772347100552, -2.68323282676859, -2.76115291230503, -2.8313850529749, -2.89379890622234, -2.94823176295946, -2.99448794722732, -3.03233830897762, -3.06152005947832, -3.08173656844694, -3.09265767786294, -3.0939199764151, -3.08512775201034, -3.06585409741292, -3.03564243077631, -2.99400843487972, -2.94044247390589, -2.87441244332969, -2.7953670190799, -2.70273940745232, -2.59595131270086, -2.47441729173813, -2.33754924918443, -2.18475852126072, -2.01546193176684, -1.82908550281419, -1.6250608441659, -1.40282836924549, -1.16184617381587, -0.901585985888743, -0.62152421933614, -0.321140386272122, 8.50223014146612e-05, 0, -0.211746032077056, -0.416086869508625, -0.613022514229688, -0.80255296255201, -0.984678204273485, -1.15939822192381, -1.32671299022711, -1.48662247586619, -1.63912663762961, -1.78422542701046, -1.92191878930274, -2.05220666520793, -2.17508899292256, -2.29056571063089, -2.39863675927943, -2.49930175903963, -2.5925483964933, -2.6783379576509, -2.75660122100472, -2.82723750716303, -2.89011374701427, -2.94506376588001, -2.9918876674719, -3.03035130309409, -3.06018611124024, -3.08108890895646, -3.09272220983549, -3.09471450542127, -3.08666123332984, -3.06812590837446, -3.03864167165416, -2.99771327207651, -2.944819533408, -2.87941626194487, -2.80093957301576, -2.70880970887876, -2.60243511318125, -2.48121686571297, -2.34455329969022, -2.19184216915021, -2.02248666451822, -1.83589935949368, -1.63149865457904, -1.40871182887935, -1.16698423367181, -0.905775246062771, -0.624549020673681, -0.322772867989368, 8.49093758701347e-05, 0, -0.210922995378358, -0.414505703661836, -0.610748126742132, -0.799650260755312, -0.981212095171983, -1.15543361202708, -1.32231478537166, -1.48185558103326, -1.63405595676784, -1.77891586287362, -1.91643524331376, -2.04661403736061, -2.16945218173187, -2.28494961314054, -2.39310627113329, -2.49392177465171, -2.5873836664396, -2.67345261646466, -2.75205811109982, -2.82309748041214, -2.88643494400622, -2.94190086798395, -2.98929114324437, -3.02836664058543, -3.05885304472449, -3.08044063971112, -3.09278463099277, -3.09550543369008, -3.0881896561243, -3.07039125626285, -3.0416331191823, -3.00140908069628, -2.94918644447524, -2.88440894732059, -2.8065001627991, -2.71486738696642, -2.60890581950466, -2.48800307825462, -2.35154393874654, -2.19891258504117, -2.02949858484995, -1.84270107255371, -1.63792524698295, -1.41458525916197, -1.17211372078104, -0.909957661761617, -0.627568980295423, -0.324402787349567, 8.48012119787911e-05, 0, -0.21010198026285, -0.41292840836499, -0.608479286154968, -0.79675460959362, -0.977754367825125, -1.15147854239092, -1.31792710667073, -1.47710002563898, -1.62899725602158, -1.77361874692486, -1.91096444098434, -2.04103427604671, -2.16382818735425, -2.27934611015215, -2.38758798259026, -2.48855342238304, -2.58222983422485, -2.66857728398204, -2.7475239790033, -2.81896527299194, -2.88276268950562, -2.93874315176256, -2.98669835513996, -3.02638420809451, -3.057520660524, -3.07979148311431, -3.09284459336638, -3.09629235065626, -3.08971255496383, -3.0726496284735, -3.04461622122995, -3.00509527669009, -2.95354259870963, -2.8893898742417, -2.81204815389427, -2.72091180532309, -2.61536280085602, -2.49477531153184, -2.35852056888869, -2.20596919919739, -2.03649715809855, -1.84949014973333, -1.64434017883738, -1.42044827458291, -1.17723431396542, -0.914132983437321, -0.630583927578659, -0.326030059949374, 8.46886980684913e-05, 0, -0.209282982319733, -0.411354975174945, -0.606215980371167, -0.793865993694476, -0.974305003963475, -1.14753299222739, -1.31354993119629, -1.47235578499366, -1.62395050931796, -1.76833405208651, -1.90550635461047, -2.03546735331427, -2.15821698196824, -2.2737551743531, -2.382081867225, -2.48319667707393, -2.5770868763187, -2.66371193863556, -2.7429988054115, -2.81484086812874, -2.87909696949789, -2.93559060615063, -2.98410929519238, -3.02440400086145, -3.05618895714957, -3.07914144096773, -3.09290210202463, -3.09707526458568, -3.0912299411982, -3.07490103928233, -3.04759099479811, -3.00877187954097, -2.95788801779265, -2.89435906626598, -2.81758357137685, -2.72694299014976, -2.6218060841383, -2.50153359269851, -2.36548321704595, -2.21301203782692, -2.04348240923658, -1.85626661424099, -1.65074347104674, -1.426300893194, -1.18234602786952, -0.918301221768453, -0.63359386867472, -0.327654686850149, 8.45764263054938e-05, 0, -0.20846599712409, -0.409785395624365, -0.603958197263467, -0.790984397653185, -0.9708639852874, -1.14359694072439, -1.3091832360063, -1.46762283440779, -1.61891569060245, -1.76306175132153, -1.90006095655504, -2.02991324130855, -2.15261853788392, -2.26817677860076, -2.3765878988246, -2.4778515138236, -2.57195476950026, -2.65885655922195, -2.73848257144388, -2.81072424953516, -2.87543777052245, -2.93244322070905, -2.98152395613814, -3.02242601491055, -3.05485793398235, -3.07849051603454, -3.09295716309336, -3.0978541849029, -3.09274182744217, -3.07714550434182, -3.05055745838135, -3.012438910348, -2.96222272514989, -2.89931654882901, -2.82310644233962, -2.73296096980983, -2.62823569856799, -2.50827795137899, -2.37243191278106, -2.22004112994033, -2.05045436621426, -1.86303049244401, -1.65713514786165, -1.4321431365868, -1.1874488808774, -0.922462391379143, -0.636598813892784, -0.329276673489702, 8.44643874254314e-05