15.6082, 15.6083632653061, 15.6085265306122, 15.6086897959184, 15.6088530612245, 15.6090163265306, 15.6091795918367, 15.6093428571429, 15.609506122449, 15.6096693877551, 15.6098326530612, 15.6099959183673, 15.6101591836735, 15.6103224489796, 15.6104857142857, 15.6106489795918, 15.610812244898, 15.6109755102041, 15.6111387755102, 15.6113020408163, 15.6114653061225, 15.6116285714286, 15.6117918367347, 15.6119551020408, 15.6121183673469, 15.6122816326531, 15.6124448979592, 15.6126081632653, 15.6127714285714, 15.6129346938776, 15.6130979591837, 15.6132612244898, 15.6134244897959, 15.613587755102, 15.6137510204082, 15.6139142857143, 15.6140775510204, 15.6142408163265, 15.6144040816327, 15.6145673469388, 15.6147306122449, 15.614893877551, 15.6150571428571, 15.6152204081633, 15.6153836734694, 15.6155469387755, 15.6157102040816, 15.6158734693878, 15.6160367346939, 15.6162, 15.6082, 15.6097066684233, 15.6137898946959, 15.6203397976216, 15.6292465108459, 15.6404001828395, 15.6536909768801, 15.6690090710364, 15.6862446581499, 15.7052879458181, 15.7260291563775, 15.7483585268861, 15.7721663091062, 15.7973427694875, 15.8237781891494, 15.8513628638639, 15.8799871040388, 15.9095412346997, 15.939915595473, 15.9710005405689, 16.0026864387636, 16.0348636733822, 16.0674226422813, 16.100253757832, 16.1332474469022, 16.1662941508393, 16.1992843254535, 16.2321084410002, 16.2646569821628, 16.2968204480359, 16.3284893521081, 16.3595542222453, 16.3899056006733, 16.4194340439617, 16.4480301230066, 16.4755844230144, 16.5019875434849, 16.5271300981952, 16.5509027151836, 16.5731960367333, 16.5939007193568, 16.6129074337806, 16.6301068649306, 16.6453897119174, 16.6586466880237, 16.6697685206925, 16.6786459515177, 16.6851697362378, 16.6892306447357, 16.690719461046, 15.6082, 15.6097113708496, 15.6138078574207, 15.6203787463451, 15.629313347098, 15.6405009928273, 15.6538310415084, 15.6691928774201, 15.6864759128605, 15.7055695901419, 15.7263633837557, 15.7487468031857, 15.7726093953491, 15.7978407470283, 15.8243304862063, 15.8519682834132, 15.8806438553275, 15.9102469681918, 15.9406674409794, 15.9717951480002, 16.0035200198627, 16.0357320459665, 16.0683212729096, 16.1011778062013, 16.1341918154428, 16.1672535400479, 16.2002532928143, 16.2330814583757, 16.26562849218, 16.2977849268323, 16.3294413775762, 16.3604885469042, 16.3908172247319, 16.4203182811972, 16.4488826729926, 16.4764014518025, 16.5027657692424, 16.5278668772062, 16.5515961267849, 16.5738449633566, 16.5945049301332, 16.6134676739782, 16.6306249505404, 16.6458686304658, 16.6590906986515, 16.6701832515414, 16.6790384991859, 16.6855487678363, 16.6896065016032, 16.6911042625037, 15.6082, 15.6097206339965, 15.6138431838263, 15.6204552396195, 15.629444430677, 15.6406984280231, 15.6541049479473, 15.6695517565222, 15.6869266748485, 15.706117585147, 15.7270124373689, 15.7494992577726, 15.7734661563685, 15.7988013343369, 15.8253930881252, 15.8531298135656, 15.8819000168426, 15.9115923249008, 15.9420954950948, 15.9732984231466, 16.0050901460899, 16.03735984988, 16.069996864622, 16.1028906697822, 16.1359309099637, 16.1690074123194, 16.2020101974535, 16.2348294747735, 16.2673556399665, 16.29947929376, 16.3310912586176, 16.3620825927851, 16.3923445908708, 16.4217687620118, 16.4502468491865, 16.477670854893, 16.5039330561808, 16.5289260057589, 16.5525425287586, 16.5746757077889, 16.595218893904, 16.6140657243302, 16.6311101381093, 16.6462463950151, 16.659369073143, 16.6703730607109, 16.679153562574, 16.6856061081316, 16.6896265562037, 16.6911110951377, 15.6082, 15.6097298794963, 15.613878443067, 15.6205315877313, 15.6295752659993, 15.6408954901394, 15.6543783380986, 15.6699099610474, 15.6873765921412, 15.7066645566899, 15.7276602831948, 15.7502503176632, 15.7743213360318, 15.7997601565448, 15.8264537466241, 15.8542892297237, 15.8831539036237, 15.9129352578013, 15.9435209895369, 15.9747990172371, 16.0066574853034, 16.0389847768682, 16.0716695059457, 16.1046005260084, 16.1376669563273, 16.1707582110449, 16.203764017484, 16.2365744084727, 16.2690797181864, 16.3011706133084, 16.3327381209265, 16.3636736520133, 16.3938690024863, 16.4232163170054, 16.4516081209917, 16.478937363543, 16.5050974426379, 16.5299822070155, 16.5534859508176, 16.5755033887588, 16.5959296743596, 16.6146604296031, 16.6315917711153, 16.6466203418072, 16.6596433068954, 16.670558340229, 16.6792636352293, 16.6856579181306, 16.6896404561023, 16.6911110574232, 15.6082, 15.6097390946571, 15.6139135864523, 15.620607684747, 15.629705670705, 15.6410919032691, 15.6546508274482, 15.6702669848777, 15.6878250260812, 15.7072097247008, 15.7283059929405, 15.750998901594, 15.7751736974206, 15.8007158204583, 15.8275109136772, 15.8554448325377, 15.88440367057, 15.914273783681, 15.9449418126879, 15.9762947020223, 16.0082197064648, 16.0406044090148, 16.0733367100672, 16.1063048392192, 16.1393973921478, 16.1725033713089, 16.2055122117294, 16.2383137703777, 16.2707983202415, 16.3028565938692, 16.3343798224562, 16.3652597663729, 16.3953887191609, 16.4246594572243, 16.4529652842828, 16.4802000915204, 16.5062583930411, 16.5310353285453, 16.5544266558716, 16.5763287164314, 16.5966384605535, 16.6152534890916, 16.6320720901673, 16.6469932835607, 16.6599168152574, 16.67074313832, 16.6793734282263, 16.6857096014652, 16.6896543269328, 16.691111026185, 15.6082, 15.6097482858763, 15.6139486385654, 15.6206835842248, 15.6298357371183, 15.6412878072942, 15.6549226112294, 15.6706230853922, 15.6882723019898, 15.7077534872415, 15.728950041209, 15.7517455635124, 15.7760238756328, 15.8016690431355, 15.828565388117, 15.8565975015446, 15.8856502759712, 15.915608936748, 15.9463590709604, 15.9777866515243, 16.0097780457326, 16.0422200382635, 16.0749998174862, 16.1080049903643, 16.1411236298434, 16.1742443271429, 16.2072562251065, 16.2400490046887, 16.2725128771416, 16.304538639918, 16.3360177269355, 16.3668422462223, 16.3969049868498, 16.4260993547766, 16.4543194294597, 16.4814600412406, 16.5074168171303, 16.5320861843071, 16.5553653605792, 16.577152310232, 16.5973457763312, 16.6158453343025, 16.6325514392626, 16.6473654831808, 16.6601897880475, 16.67092758131, 16.6794830155812, 16.6857611926124, 16.6896681779923, 16.691111001488, 15.6082, 15.6097574527556, 15.6139835979092, 15.6207592829636, 15.6299654598239, 15.6414831941703, 15.6551936784487, 15.6709782484237, 15.6887184023969, 15.7082958235052, 15.7295924039183, 15.7524902762187, 15.7768718406044, 15.802619791998, 15.8296171352968, 15.8577472004492, 15.8868936822762, 15.9169406785632, 15.947772725369, 15.9792748265291, 16.0113324639568, 16.0438316257979, 16.0766587899641, 16.1097009420043, 16.1428456329719, 16.1759810432786, 16.208996023675, 16.2417800789252, 16.2742233579764, 16.3062167222037, 16.3376518068416, 16.3684210658165, 16.3984177816158, 16.4275359875426, 16.4556705362107, 16.4827171941705, 16.5085726981029, 16.5331347591619, 16.5563020513799, 16.577974158075, 16.5980516109605, 16.6164359557163, 16.6330298099365, 16.6477369330817, 16.660462218365, 16.6711116627719, 16.6795923911116, 16.685812685388, 16.6896820028304, 16.6911109763347, 15.6082, 15.6097665953527, 15.6140184647036, 15.6208347814385, 15.6300948396345, 15.6416780651188, 15.6554640307966, 15.6713324761815, 15.6891633300696, 15.7088367368449, 15.7302330850259, 15.753233044283, 15.7777175975173, 15.8035680728296, 15.8306661615834, 15.8588939361742, 15.8881338969298, 15.9182690170523, 15.9491827842739, 15.9807592357798, 16.0128829702076, 16.0454391809557, 16.0783136370433, 16.1113927038201, 16.1445634112857, 16.1777135294722, 16.2107316171279, 16.2435070026502, 16.2759297721124, 16.3078908498336, 16.3392820709631, 16.3699962335712, 16.3999271114529, 16.4289693630507, 16.4570186115598, 16.4839715567985, 16.5097260418876, 16.5341810584626, 16.5572367330428, 16.578794264146, 16.5987559680523, 16.6170253563885, 16.6335072047171, 16.648107635303, 16.6607341078105, 16.6712953839271, 16.6797015557298, 16.6858640804765, 16.6896958019962, 16.6911109512409, 15.6082, 15.6097757136862, 15.6140532390172, 15.6209100797946, 15.6302238767918, 15.6418724204931, 15.655733668748, 15.6716857692661, 15.689607085733, 15.7093762281047, 15.7308720854839, 15.7539738687507, 15.778561147491, 15.8045138868012, 15.8317124681736, 15.8600377099141, 15.8893709210934, 15.9195939533125, 15.9505892486767, 15.9822398801507, 16.014429565202, 16.0470427042688, 16.0799643590439, 16.1130802758961, 16.1462769646138, 16.1794417852834, 16.2124630047472, 16.2452297748645, 16.2776321182729, 16.3095610212647, 16.3409085175124, 16.3715677474855, 16.4014329741897, 16.4303994790113, 16.4583636531632, 16.4852231267986, 16.5108768462375, 16.5352250800917, 16.5581694036205, 16.5796126266974, 16.599458846079, 16.6176135350221, 16.6339836225408, 16.6484775890086, 16.661005455761, 16.6714787443435, 16.6798105091649, 16.6859153777302, 16.6897095754192, 16.6911109261599, 15.6082, 15.6097848169203, 15.61408795618, 15.6209852552112, 15.6303527046913, 15.6420664629539, 15.6560028759601, 15.6720385027455, 15.6900501449624, 15.7099148811467, 15.7315101039034, 15.7547135681266, 15.7794034327521, 15.8054583023727, 15.8327572509548, 15.8611798448615, 15.8906062038267, 15.9209170595161, 15.951993809792, 15.983718564513, 16.0159741607673, 16.0486442065047, 16.0816130563423, 16.1147658375716, 16.1479885392971, 16.1811681107788, 16.2141925256824, 16.24695075779, 16.2793327643749, 16.3112295913636, 16.3425334681931, 16.373137874621, 16.4029375593989, 16.4318284232944, 16.4597076265036, 16.486473730104, 16.5120267838378, 16.5362683332539, 16.5591014020685, 16.580430411132, 16.6001612370519, 16.6182013138618, 16.6344597229737, 16.6488473016376, 16.6612766315437, 16.6716619927143, 16.6799194004168, 16.6859666508588, 16.6897233493848, 16.6911109112817, 15.6082, 15.6097938988989, 15.6141225925027, 15.6210602560176, 15.6304812341606, 15.6422600572353, 15.6562714634107, 15.6723904271063, 15.6904921919479, 15.710452308987, 15.7321466781787, 15.755451602165, 15.7802438328259, 15.8064006176813, 15.8337997264476, 15.8623194766223, 15.8918388014542, 15.9222373152709, 15.9533953740089, 15.985194126468, 16.0175155310807, 16.0502424047149, 16.0832583960964, 16.1164480142767, 16.1496967281397, 16.1828910761752, 16.2159187385044, 16.2486685101959, 16.2810302821323, 16.3128951584414, 16.3441555624713, 16.3747053110626, 16.4044396361556, 16.4332550552414, 16.461049494463, 16.4877224424089, 16.5131750484673, 16.5373101310836, 16.5600321581484, 16.58124715711, 16.6008627798005, 16.6187884161785, 16.6349352999731, 16.6492166250518, 16.6615475331162, 16.6718450622579, 16.6800281881024, 16.6860178749896, 16.6897371076156, 16.691110891982, 15.6082, 15.6098029563407, 15.6141571352915, 15.6211350544045, 15.6306094170005, 15.6424531299027, 15.656539328012, 15.6727414056193, 15.6909330527584, 15.7109882973621, 15.7327815510123, 15.7561876682617, 15.7810819979592, 15.8073404344129, 15.8348394467952, 15.8634561072465, 15.8930681658135, 15.9235541225161, 15.954793294115, 15.9866658708318, 16.0190529346022, 16.0518365130537, 16.0848995506392, 16.118125939444, 16.1514006290316, 16.1846097476157, 16.2176406818453, 16.2503820478775, 16.282723669619, 16.3145567084072, 16.3457737800913, 16.3762690368335, 16.4059381916494, 16.4346783765397, 16.4623882810014, 16.4889683181668, 16.5143207337396, 16.538349615468, 16.5609608715816, 16.5820621321943, 16.6015628201847, 16.6193742770319, 16.6354098841774, 16.6495851873229, 16.6618178833145, 16.6720277633816, 16.6801367584846, 16.6860689960019, 16.6897508348457, 16.6911108665653, 15.6082, 15.6098119892891, 15.6141915847105, 15.621209650725, 15.6307372538122, 15.6426456818547, 15.656806471001, 15.6730914398913, 15.6913727293936, 15.7115228486788, 15.7334147252234, 15.7569217696461, 15.7819179317817, 15.8082777565803, 15.8358764163695, 15.8645897414349, 15.8942943018986, 15.9248674864981, 15.9561875755647, 15.9881338032196, 16.0205863770576, 16.0534265373058, 16.0865365257613, 16.1197996188156, 16.1531002476124, 16.1863241305861, 16.2193583609889, 16.2520913758718, 16.2844129315846, 16.3162142456886, 16.3473881251317, 16.3778290556444, 16.4074332292136, 16.4360983901427, 16.4637239886996, 16.490211359603, 16.5154638415535, 16.5393867880205, 16.5618875437496, 16.5828753375999, 16.6022613593314, 16.6199588975531, 16.635883476828, 16.6499529899234, 16.6620876839771, 16.6722100984398, 16.6802451145983, 16.6861200177908, 16.6897645360247, 16.6911108412451, 15.6082, 15.6098209978077, 15.6142259410019, 15.6212840455028, 15.6308647454916, 15.642837714439, 15.6570728942442, 15.6734405323628, 15.6918112249118, 15.712055966645, 15.7340462051908, 15.7576539113784, 15.7827516400345, 15.8092125905954, 15.8369106422335, 15.8657203868725, 15.8955172179792, 15.9261774160267, 15.9575782276569, 15.9895979333613, 16.0221158685457, 16.0550124878722, 16.0881693320941, 16.121469063178, 16.1547955947466, 16.1880342359506, 16.2210717867216, 16.2537965048101, 16.2860980784298, 16.3178677803834, 16.3489986073196, 16.3793853767895, 16.4089247576533, 16.4375151043153, 16.4650566252373, 16.4914515737751, 16.5166043783153, 16.5404216544767, 16.5628121797074, 16.583686777701, 16.6029584009433, 16.6205422807939, 16.6363560803572, 16.6503200347092, 16.6623569364389, 16.6723920683128, 16.6803532569479, 16.6861709405753, 16.6897782111891, 16.6911108159903, 15.6082, 15.6098299819596, 15.6142602044069, 15.6213582392596, 15.6309918929319, 15.6430292289985, 15.6573385996011, 15.6737886854653, 15.6922485423596, 15.7125876549549, 15.7346759952773, 15.7583840984999, 15.7835831284374, 15.8101449428463, 15.8379421314237, 15.8668480512154, 15.8967369222939, 15.9274839198787, 15.9589652596551, 15.9910582709504, 16.0236414191274, 16.0565943751147, 16.0897979802287, 16.123134283277, 16.1564866812573, 16.189740074532, 16.2227809697886, 16.2554974452832, 16.2877791205158, 16.3195173225512, 16.3506052363456, 16.3809380095284, 16.4104127857411, 16.4389285272924, 16.4663861982672, 16.4926889677159, 16.5177423504102, 16.5414542205545, 16.5637347844959, 16.5844964568612, 16.6036539487167, 16.6211244298036, 16.6368276971991, 16.6506863235425, 16.6626256420447, 16.6725736738952, 16.6804611860562, 16.6862217645972, 16.6897918604023, 16.691110790801, 15.6082, 15.6098389418082, 15.6142943751659, 15.6214322325156, 15.6311186970232, 15.6432202268718, 15.6576035889256, 15.6741359016227, 15.6926846847747, 15.7131179172918, 15.7353040998326, 15.7591123360367, 15.7844124026927, 15.8110748197016, 15.8389708909553, 15.8679727420967, 15.8979534230569, 15.9287870068044, 15.960348680795, 15.992514825651, 16.0251630388331, 16.0581722093636, 16.0914224807243, 16.1247952898258, 16.1581735179352, 16.1914416571203, 16.2244859209027, 16.2571942078499, 16.2894560681726, 16.3211628822211, 16.3522080218709, 16.3824869630926, 16.4118973222232, 16.4403386672841, 16.4677127154185, 16.4939235484374, 16.518877764204, 16.5424844919546, 16.564655363141, 16.5853043794311, 16.6043480063369, 16.6217053476224, 16.6372983297803, 16.6510518582797, 16.6628938021356, 16.6727549160789, 16.6805689024446, 16.6862724900976, 16.6898054837276, 16.6911107656769, 15.6082, 15.6098478774164, 15.6143284535189, 15.6215060257894, 15.631245158653, 15.6434107093938, 15.6578678640662, 15.674482183252, 15.6931196551857, 15.7136467573278, 15.7359305231931, 15.759838629, 15.785239468486, 15.8120022275111, 15.8399969278225, 15.8690944671266, 15.8991667284573, 15.9300866855278, 15.9617285002848, 15.9939676070981, 16.0266807376631, 16.0597460009182, 16.0930428441082, 16.1264520935052, 16.1598561155379, 16.1931389944731, 16.2261866507445, 16.2588868030374, 16.291128931699, 16.3228044693921, 16.3538069735277, 16.3840322466859, 16.4133783758194, 16.4417455324755, 16.4690361842978, 16.4951553229301, 16.5200106260433, 16.5435124743603, 16.5655739206533, 16.5861105497483, 16.6050405774779, 16.6222850372812, 16.6377679805203, 16.6514166407715, 16.6631614180482, 16.6729357957531, 16.6806764066326, 16.6863231173166, 16.6898190812278, 16.6911107406177, 15.6082, 15.6098567888469, 15.6143624397048, 15.6215796195981, 15.6313712787063, 15.6436006778952, 15.6581314268656, 15.6748275327628, 15.6935534566119, 15.7141741787239, 15.7365552696825, 15.7605629823858, 15.7860643314855, 15.8129271726052, 15.8410202489986, 15.8702132338925, 15.9003768466597, 15.9313829647467, 15.9631047273047, 15.995416624898, 16.0281945255875, 16.0613157600467, 16.094659080876, 16.1281047049642, 16.1615344847911, 16.1948320973156, 16.2278831699621, 16.2605752413408, 16.2927977213626, 16.3244420940332, 16.3554021009194, 16.3855738694845, 16.4148559552233, 16.4431491310276, 16.4703566124887, 16.4963842981641, 16.521140942256, 16.5445381734384, 16.5664904620285, 16.5869149721374, 16.6057316658029, 16.6228635018021, 16.6382366518313, 16.6517806728633, 16.6634284911157, 16.6731163138043, 16.6807836991385, 16.686373646494, 16.689832652966, 16.6911107156234, 15.6082, 15.6098656800355, 15.6143963486487, 15.6216530460977, 15.6314971120007, 15.6437902144745, 15.6583943905115, 15.6751720974284, 15.6939862725988, 15.7147004026729, 15.7371785987054, 15.7612856935654, 15.786887325974, 15.813850024314, 15.8420412561874, 15.8713294729901, 15.9015842328627, 15.9326763191662, 15.9644778512307, 15.9968623785231, 16.0297049078632, 16.0628819937408, 16.0962716959671, 16.1297536235662, 16.1632091162242, 16.1965214443507, 16.229575942708, 16.2622599699047, 16.294462865112, 16.3260761629785, 16.3569937881194, 16.3871121914271, 16.4163303951382, 16.4445497715787, 16.4716742820093, 16.4976107292553, 16.5222689410507, 16.54556179076, 16.5674051627476, 16.5877177968119, 16.6064213973581, 16.6234408444416, 16.6387044258357, 16.6521440174771, 16.6636950672721, 16.6732965016701, 16.6808907996723, 16.6864240886607, 16.689846204621, 16.6911106946269, 15.6082, 15.6098745471463, 15.6144301658059, 15.6217262739551, 15.6316226051272, 15.643979239152, 15.6586566447514, 15.6755157338144, 15.6944179244132, 15.7152252138193, 15.737800257754, 15.7620064731421, 15.7877081267233, 15.8147704234295, 15.8430595588474, 15.8724427659859, 15.9027884449778, 15.9339662880766, 15.9658473974913, 15.9983043840253, 16.0312113953773, 16.0644442116624, 16.097880201485, 16.1313983672512, 16.1648795367374, 16.1982065742942, 16.2312645221003, 16.2639405585684, 16.2961239515594, 16.3277062853993, 16.3585816663798, 16.388646867105, 16.4178013744896, 16.4459471581202, 16.4729889223852, 16.4988343714709, 16.5233944033818, 16.5465831326536, 16.5683178539392, 16.5885188788676, 16.6071096501137, 16.6240169646931, 16.6391712219407, 16.6525066120674, 16.6639610998943, 16.6734763262671, 16.6809976860514, 16.6864744296376, 16.6898597268634, 16.6911106697369, 15.6082, 15.6098833902423, 15.6144638914173, 15.6217993036914, 15.6317477589783, 15.6441677532713, 15.6589181914476, 15.6758584443584, 15.6948484151133, 15.7157486158762, 15.7384202512193, 15.7627253261973, 15.788526739508, 15.8156883764121, 15.8440751641085, 15.8735531206542, 15.9039894913904, 15.9352528804337, 15.9672133755659, 15.9997426513546, 16.032713998493, 16.0660024245263, 16.0994846084293, 16.1330389472338, 16.1665457576889, 16.1998874985749, 16.2329489195671, 16.2656170186881, 16.2977809919192, 16.3293324723019, 16.3601657464372, 16.3901779069284, 16.4192689033115, 16.4473413002646, 16.4743005427683, 16.5000552334705, 16.5245173373943, 16.5476022067352, 16.5692285426864, 16.5893182248595, 16.6077964301119, 16.6245918681116, 16.6396370452509, 16.6528684613364, 16.6642265933421, 16.6736557916843, 16.6811043621771, 16.6865246732338, 16.689873223517, 16.6911106449114, 15.6082, 15.6098922043442, 15.6144975062568, 15.6218720932548, 15.6318725007841, 15.6443556461394, 15.659178875467, 15.6762000236572, 15.6952774838836, 15.7162702881613, 15.7390381947863, 15.7634418017058, 15.7893426442031, 15.8166032923379, 15.8450874092376, 15.8746598021323, 15.905186565479, 15.9365352189198, 15.9685748391954, 16.0011761677583, 16.0342116411053, 16.0675554967114, 16.1010837261937, 16.1346741231482, 16.168206494876, 16.2015628957747, 16.2346277837948, 16.2672879770744, 16.2994325998468, 16.3309533336087, 16.3617446446068, 16.391703944436, 16.4207316439009, 16.4487309013066, 16.4756079003956, 16.5012721400846, 16.5256366498706, 16.5486180132723, 16.5701363314491, 16.5901150453221, 16.6084810590187, 16.6251649877278, 16.6401014375716, 16.6532292104509, 16.6644912879079, 16.6738347222818, 16.6812107225966, 16.6865747674817, 16.6898866765755, 16.6911106137597, 15.6082, 15.6099009968807, 15.6145310388322, 15.6219447046833, 15.6319969373659, 15.6445430794156, 15.6594389221627, 15.6765407684158, 15.6957055052408, 15.7167906882652, 15.7396546331836, 15.7641565344012, 15.7901565672186, 15.8175159897676, 15.8460972042248, 15.8757638099238, 15.9063807531502, 15.9378144715406, 15.9699330329886, 16.0026062477606, 16.0357056997761, 16.0691048581416, 16.1026790285905, 16.1363054024257, 16.1698632804428, 16.2032343152093, 16.2363026750974, 16.2689549981075, 16.3010803360998, 16.3325704180113, 16.3633198883174, 16.3932264758437, 16.4221910505603, 16.4501173621816, 16.4769123306309, 16.5024863481511, 16.5267535054199, 16.5496316137907, 16.5710421706638, 16.5909101744444, 16.6091642524675, 16.6257369211606, 16.6405648818986, 16.6535892340253, 16.6647554589175, 16.6740133060393, 16.6813168827375, 16.6866247729006, 16.6899001121447, 16.6911105913193, 15.6082, 15.6099097722433, 15.6145645061631, 15.6220171753184, 15.6321211335386, 15.6447301519962, 15.6596984705786, 15.6768808633488, 15.6961327145513, 15.7173101066443, 15.7402699158548, 15.7648699360697, 15.7909689854966, 15.8184270130723, 15.8471051626031, 15.876865827916, 15.9075728092989, 15.9390914643136, 15.9712888536629, 16.0040338578191, 16.0371972092068, 16.0706516093582, 16.1042716786887, 16.1379340064436, 16.1715173867808, 16.2049030699173, 16.237974933721, 16.2706194348559, 16.3027255512403, 16.3341850572934, 16.3648927758951, 16.3947467529357, 16.4236483170411, 16.4515018087113, 16.4782148830636, 16.5036988243201, 16.5278687826432, 16.5506437953287, 16.5719467538895, 16.5917042119874, 16.6098465176989, 16.6263080860065, 16.6410277106585, 16.6539487853897, 16.665019288276, 16.6741916627076, 16.6814229110651, 16.686674719138, 16.6899135351208, 16.6911105734, 15.6082, 15.6099185239065, 15.6145978831521, 15.6220894504409, 15.6322449949075, 15.6449167207551, 15.6599573207974, 15.6772200446848, 15.6965587781237, 15.717828134619, 15.7408835550603, 15.7655814368377, 15.791779244954, 15.8193356228818, 15.8481104596355, 15.877964946925, 15.9087617422133, 15.9403651259181, 15.9726411542086, 16.0054577801557, 16.0386848867736, 16.0721944098166, 16.1058602859492, 16.1395585035965, 16.1731673511508, 16.2065676769622, 16.2396430684746, 16.2722798008078, 16.3043667773605, 16.3357958170698, 16.3664619198491, 16.3962634469396, 16.4251021835681, 16.4528830588488, 16.47951446056, 16.5049085620109, 16.5289815696077, 16.5516537431527, 16.5728493645992, 16.592496539093, 16.6105273314434, 16.6268780509605, 16.6414895793446, 16.6543076001273, 16.665282583406, 16.6743696617565, 16.6815287277622, 16.6867245642145, 16.6899269269449, 16.6911105489055, 15.6082, 15.6099272519375, 15.6146311700535, 15.6221615305992, 15.6323685224086, 15.6451027870958, 15.6602154747564, 15.6775583149488, 15.696983699111, 15.7183447759983, 15.7414955552813, 15.7662910418631, 15.7925873514187, 15.8202418256774, 15.8491131024308, 15.8790611746518, 15.9099475601442, 15.9416354651061, 15.9739899438254, 16.0068780243604, 16.0401687423964, 16.0737332697045, 16.1074448607627, 16.1411789044137, 16.1748131841576, 16.2082281469656, 16.2413070899434, 16.2739361064561, 16.3060040248052, 16.3374027074823, 16.3680273300669, 16.3977765674435, 16.4265526593904, 16.4542611214692, 16.4808110715932, 16.5061155692747, 16.5300918739342, 16.5526614644538, 16.5737500095669, 16.5932871621413, 16.6112066997217, 16.6274468217323, 16.6419504934171, 16.6546656835248, 16.6655453495117, 16.6745473084123, 16.6816343381974, 16.6867743137753, 16.6899402936891, 16.6911105244995, 15.6082, 15.609935956397, 15.6146643670987, 15.6222334162939, 15.6324917168989, 15.6452883523067, 15.6604729342402, 15.6778956764742, 15.6974074804375, 15.7188600343283, 15.7421059207058, 15.7669987559856, 15.7933933103823, 15.8211456275929, 15.8501130977462, 15.8801545184496, 15.9111302710056, 15.9429024903098, 15.9753352314149, 16.0082945997491, 16.0416487857465, 16.0752681989842, 16.1090254133142, 16.1427952192302, 16.176454896211, 16.2098844903363, 16.2429670084598, 16.2755883619818, 16.3076373035306, 16.3390057381923, 16.3695890158507, 16.3992861233303, 16.4279997529181, 16.4556360044614, 16.4821047234883, 16.5073198528387, 16.5311997017251, 16.5536669646927, 16.5746486936026, 16.5940760852923, 16.611884626054, 16.6280144012218, 16.6424104551866, 16.655023037345, 16.6658075878604, 16.6747246035108, 16.6817397428498, 16.6868239680297, 16.6899536353905, 16.691110500156, 15.6082, 15.6099446373454, 15.6146974745184, 15.6223051080241, 15.6326145792322, 15.6454734176723, 15.6607297010275, 15.6782321315869, 15.6978301250182, 15.7193739131435, 15.7427146555083, 15.7677045840297, 15.7941971273188, 15.8220470347428, 15.8511104523176, 15.8812449856486, 15.9123098826864, 15.9441662099346, 15.9766770258503, 16.0097075156088, 16.0431250264649, 16.0767992075874, 16.1106019537569, 16.1444074583488, 16.1780924976891, 16.2115367174516, 16.2446228343252, 16.2772365775355, 16.3092666234635, 16.3406049188338, 16.3711469864762, 16.4007921234582, 16.4294434725385, 16.4570077156935, 16.4833954235527, 16.5085214194143, 16.5323050590705, 16.5546702493202, 16.5755454215099, 16.5948633127024, 16.6125611139595, 16.6285807923313, 16.6428694669689, 16.655379663359, 16.666069299731, 16.6749015479025, 16.6818449422166, 16.6868735272076, 16.6899669521093, 16.6911104758749, 15.6082, 15.6099532937403, 15.6147304882931, 15.6223765970083, 15.6327370942305, 15.6456579601323, 15.6609857428405, 15.6785676376058, 15.6982515787327, 15.7198863459994, 15.743321680185, 15.7684084328478, 15.7949986950044, 15.8229459255452, 15.8521050300759, 15.8823324257153, 15.9134862303651, 15.9454264452009, 15.9780151348788, 16.0111165668535, 16.0445972474287, 16.0783260673074, 16.1121742439099, 16.1460153748805, 16.1797257344201, 16.2131845684423, 16.2462743037194, 16.2788804872544, 16.3108917187699, 16.3421999858371, 16.3727009830395, 16.4022943161568, 16.4308835765497, 16.4583760258058, 16.4846829567816, 16.5097200700064, 16.5334077642802, 16.5556711548897, 16.576440048666, 16.5956487187959, 16.6132360567752, 16.6291459068199, 16.6433274580988, 16.655735507275, 16.666330445648, 16.6750781150153, 16.681949920361, 16.6869229833846, 16.6899802409558, 16.6911104504681, 15.6082, 15.6099619263822, 15.6147634115048, 15.6224478899711, 15.6328592735022, 15.6458419973014, 15.6612410843026, 15.6789022270462, 15.6986718827524, 15.7203973833684, 15.7439270550352, 15.7691103729746, 15.7957980944983, 15.8238423917564, 15.8530969335295, 15.8834169518484, 15.9146594377531, 15.9466833300401, 15.9793497022449, 16.01252190652, 16.046065610334, 16.0798489477535, 16.1137424604374, 16.1476191515749, 16.1813547941587, 16.2148282348799, 16.2479216107346, 16.2805202863483, 16.3125127842686, 16.3437911320166, 16.3742511946353, 16.4037928849829, 16.4323202410518, 16.4597411017731, 16.4859674796094, 16.5109159493461, 16.5345079494753, 16.5566698002588, 16.5773326802681, 16.5964323949666, 16.6139095322052, 16.6297098090717, 16.6437844802665, 16.6560906089732, 16.6665910548224, 16.675254324789, 16.6820546896075, 16.6869723431833, 16.6899935050215, 16.6911104259245, 15.6082, 15.6099705353376, 15.6147962444067, 15.6225189874608, 15.6329811179864, 15.6460255305927, 15.6614957273719, 15.6792359024707, 15.6990910402914, 15.7209070291509, 15.7445307846699, 15.7698104097434, 15.7965953318583, 15.82473644015, 15.8540861701486, 15.8844985721868, 15.9158295136208, 15.947936873809, 15.98068073784, 16.0139235449753, 16.0475301259587, 16.0813678600452, 16.1153066147248, 16.1492188000035, 16.1829796885802, 16.2164677284583, 16.2495647669985, 16.2821559862935, 16.3141298312005, 16.3453783682968, 16.3757976317941, 16.405287840001, 16.4337534755758, 16.4611029525329, 16.4872490003261, 16.5121090650321, 16.5356056215278, 16.5576661915486, 16.5782233216709, 16.597214345799, 16.6145815440696, 16.6302725021598, 16.6442405358281, 16.6564449701343, 16.6668511283133, 16.6754301777281, 16.6821592499848, 16.6870216062484, 16.6900067436713, 16.6911104014468, 15.6082, 15.6099791206717, 15.6148289872475, 15.6225898900154, 15.6331026286047, 15.6462085613929, 15.6617496739706, 15.6795686663941, 15.6995090545033, 15.7214152871741, 15.7451328736125, 15.7705085483865, 15.7973904130266, 15.8256280773693, 15.8550727472594, 15.8855772947114, 15.9169964665674, 15.949187085681, 15.9820082513598, 16.0153214923802, 16.0489908048655, 16.0828828150788, 16.1168667179287, 16.1508143315053, 16.1846004291246, 16.2181030606364, 16.251203783906, 16.2837875983385, 16.3157428705862, 16.3469617053923, 16.37734030485, 16.4067791910953, 16.4351832894926, 16.4624615868851, 16.4885275271116, 16.5132994245828, 16.5367007872639, 16.5586603348715, 16.5791119782632, 16.5979945759573, 16.6152520963188, 16.6308339893431, 16.6446956273846, 16.6567985927478, 16.6671106675581, 16.6756056747888, 16.6822636020523, 16.687070772839, 16.6900199569743, 16.6911103770365, 15.6082, 15.6099876824496, 15.6148616402752, 15.6226605981717, 15.6332238062759, 15.6463910910847, 15.6620029260145, 15.6799005213233, 15.6999259285318, 15.7219221612528, 15.7457333263722, 15.771204794119, 15.7981833439261, 15.8265173100363, 15.8560566721643, 15.8866531273772, 15.9181603051641, 15.9504339747991, 15.9833322524688, 16.0167157588626, 16.0504476575829, 16.0843938237152, 16.1184227811691, 16.1524057573816, 16.1862170271943, 16.2197342428353, 16.2528386728147, 16.2854151336947, 16.3173519134103, 16.3485411539822, 16.3788792241031, 16.4082669481175, 16.4366096921422, 16.463817013601, 16.4898030681185, 16.5144870354918, 16.5377934534871, 16.5596522363201, 16.5799986554157, 16.5987730900903, 16.6159211928902, 16.6313942738693, 16.645149757528, 16.6571514787965, 16.6673696739885, 16.6757808169234, 16.6823677463663, 16.6871198432125, 16.690033144998, 16.6911103526933, 15.6082, 15.609996220736, 15.6148942037368, 15.6227311124642, 15.6333446519155, 15.646573121046, 15.662255485413, 15.6802314697569, 15.7003416655103, 15.7224276551894, 15.7463321474433, 15.7718991521392, 15.7989741304602, 15.8274041447511, 15.8570379521416, 15.887726078113, 15.9193210379538, 15.9516775502767, 15.9846527507992, 16.0181063545168, 16.0519006946044, 16.0859008967795, 16.1199748155292, 16.1539930888965, 16.1878294941538, 16.2213612864382, 16.2544694450442, 16.2870386035361, 16.3189569706204, 16.3501167247101, 16.3804143998188, 16.4097511208864, 16.4380326928332, 16.4651692414221, 16.4910756314722, 16.5156719052274, 16.538883626978, 16.5606419019664, 16.5808833584813, 16.5995498928313, 16.6165888377078, 16.6319533589752, 16.6456029288417, 16.6575036302563, 16.6676281490317, 16.6759556050809, 16.6824716834815, 16.6871688176252, 16.6900463078095, 16.691110328417, 15.6082, 15.6100047379201, 15.6149266863995, 15.622801451246, 15.6334651958891, 15.6467546953, 15.6625074107114, 15.6805615848451, 15.7007563524967, 15.7229318684708, 15.7469294473111, 15.7725917425484, 15.7997629010122, 15.8282887168938, 15.8580167283323, 15.8887962926348, 15.920478814092, 15.9529179636241, 15.9859698991847, 16.0194934325198, 16.0533500685246, 16.087404185412, 16.1215229698768, 16.1555764718819, 16.1894379720916, 16.2229843291403, 16.2560962333052, 16.2886581350568, 16.3205581634224, 16.3516885323835, 16.3819459400597, 16.4112318104363, 16.4394523853537, 16.466518356737, 16.4923452960754, 16.5168541051876, 16.5399713716796, 16.5616293884172, 16.5817661369189, 16.6003250267485, 16.617255066776, 16.6325112744988, 16.6460551654656, 16.6578550661083, 16.6678861071207, 16.6761300498284, 16.6825754208527, 16.687217701245, 16.6900594491865, 16.6911103075639, 15.6082, 15.6100132364013, 15.6149590980048, 15.6228716366835, 15.633585478011, 15.6469358766725, 15.6627587932506, 15.6808909920886, 15.7011701549357, 15.7234350124119, 15.7475254883957, 15.7732828834172, 15.800550033159, 15.8291714667138, 15.8589935061358, 15.8898643432811, 15.9216342739578, 15.9541559236757, 15.9872844746435, 16.0208778371167, 16.0547966891737, 16.0889046627023, 16.1230682775504, 16.1571569962313, 16.1910436030804, 16.2246045601362, 16.2577202681778, 16.2902749938067, 16.3221567852417, 16.353257890533, 16.3834751700156, 16.4127103444956, 16.4408700901757, 16.4678656622939, 16.4936133358119, 16.5180348685808, 16.541057867644, 16.562615809417, 16.5826480243445, 16.6010994308386, 16.6179207093125, 16.6330687298261, 16.6465070520038, 16.658206246327, 16.6681438888554, 16.6763043827477, 16.682679096502, 16.6872665590947, 16.6900725868148, 16.6911102912464, 15.6082, 15.6100217092947, 15.6149914121945, 15.6229416115286, 15.6337053998984, 15.647116516573, 15.6630094263314, 15.68121941995, 15.7015827308953, 15.7239366703007, 15.7481197759926, 15.7739720000082, 15.8013348712626, 15.8300516579782, 15.8599674695485, 15.8909293356203, 15.9227864465542, 15.9553903852514, 15.9885953607094, 16.0222583839682, 16.0562393082679, 16.0904010208661, 16.1246093762256, 16.1587332505562, 16.1926449326604, 16.2262204884058, 16.2593400291109, 16.2918876372514, 16.323751279628, 16.3548232373794, 16.3850005316861, 16.4141851784721, 16.4422842862657, 16.4692096712895, 16.4948783093029, 16.5192128111695, 16.5421418000142, 16.5635999322522, 16.5835278834734, 16.6018720770548, 16.6185848608405, 16.6336249531253, 16.6469579530858, 16.6585566705616, 16.6684011222033, 16.6764783481668, 16.6827825539021, 16.6873153113181, 16.6900856897788, 16.6911102645016, 15.6082, 15.6100301588624, 15.615023637451, 15.6230113938815, 15.6338249921065, 15.6472966602879, 15.6632593716878, 15.6815469477663, 15.7019941779102, 15.7244369579046, 15.7487124435772, 15.77465924242, 15.8021175804005, 15.8309294685402, 15.8609388070941, 15.8919914668401, 15.923935535825, 15.9566215572434, 15.9899027695149, 16.0236352868334, 16.0576781396751, 16.0918934724593, 16.1261464758204, 16.1603054409081, 16.194242161886, 16.2278323089745, 16.2609557041696, 16.2934962456645, 16.3253418183344, 16.3563847355286, 16.386522178008, 16.4156564552152, 16.4436951060733, 16.4705505055674, 16.4961403276867, 16.5203880333949, 16.543223258652, 16.5645818364314, 16.5844057837977, 16.6026430253179, 16.6192475722644, 16.6341799869505, 16.6474079036921, 16.6589063671059, 16.6686578297714, 16.6766519641157, 16.6828858077277, 16.6873639705685, 16.6900987701547, 16.6911102403852, 15.6082, 15.6100385850706, 15.6150557736467, 15.6230809834681, 15.6339442541692, 15.6474763071214, 15.663508628363, 15.6818735742971, 15.7024044944411, 15.7249358733783, 15.7493034889983, 15.775344608205, 15.8028981578473, 15.8318048954241, 15.8619075155839, 15.8930507335867, 15.9250815383106, 15.9578494361567, 15.9912066976135, 16.0250085423835, 16.0591131802407, 16.0933820145445, 16.1276795736445, 16.1618735648617, 16.1958352886042, 16.2294400199599, 16.2625672917317, 16.2951008176673, 16.3269284002013, 16.3579423840124, 16.3880401081721, 16.4171241740409, 16.4451025490035, 16.4718881645844, 16.4973993904346, 16.5215605347074, 16.5443022429539, 16.5655615212668, 16.5852817245173, 16.6034122746914, 16.6199088424904, 16.6347338300335, 16.6478569023679, 16.659255334312, 16.6689140097165, 16.6768252285594, 16.6829888557612, 16.6874125344592, 16.6901118254075, 16.6911102162394, 15.6082, 15.6100469880256, 15.6150878211877, 15.6231503811702, 15.6340631876013, 15.6476554593606, 15.6637571995381, 15.6821993037206, 15.7028136857489, 15.7254334231329, 15.7498929198681, 15.77602810621, 15.8036766137007, 15.8326779499795, 15.862873607604, 15.8941071496521, 15.926224468963, 15.9590740380423, 15.9925071620775, 16.0263781686209, 16.0605444487914, 16.0948666666546, 16.1292086898053, 16.1634376429551, 16.1974243336286, 16.2310436422863, 16.2641748126597, 16.2967013738786, 16.3285110454338, 16.3594962024623, 16.3895543410908, 16.4185883530098, 16.4465066321473, 16.473222664359, 16.4986555124066, 16.5227303287394, 16.5453787652745, 16.5665389978038, 16.5861557153562, 16.6041798335839, 16.6205686786382, 16.6352864882517, 16.6483049538153, 16.6596035757948, 16.6691696646756, 16.676998143288, 16.683091699097, 16.6874610035634, 16.6901248557836, 16.6911101922004, 15.6082, 15.610055368081, 15.6151197814319, 15.6232195899428, 15.6341817974914, 15.6478341247069, 15.6640050959494, 15.6825241501732, 15.7032217696789, 15.7259296289745, 15.7504807621493, 15.776709766693, 15.8044529825979, 15.8335486712504, 15.8638371265778, 15.8951607627565, 15.9273643796629, 15.960295418748, 15.9938042224741, 16.0277442285291, 16.061972011371, 16.0963474974837, 16.130733895184, 16.16499774774, 16.1990093706137, 16.2326432500922, 16.2657783409079, 16.2982979873515, 16.3300898255254, 16.3610462602154, 16.3910649434084, 16.4200490556001, 16.4479074154062, 16.4745540608691, 16.499908745374, 16.5238974628388, 16.5464528683874, 16.5675143041573, 16.5870277897533, 16.604945730808, 16.6212271050108, 16.6358379815829, 16.6487520739396, 16.6599511037082, 16.6694248034414, 16.677170714191, 16.6831943412496, 16.687509379616, 16.6901378619039, 16.6911101685094, 15.6082, 15.6100637252971, 15.6151516546085, 15.623288610282, 15.6343000846884, 15.6480123044367, 15.6642523193644, 15.6828481159663, 15.7036287491271, 15.7264244944148, 15.7510670199884, 15.7773895944456, 15.8052272699749, 15.8344170653076, 15.8647980791919, 15.8962115801747, 15.9285012782376, 15.961513586611, 15.9950978876013, 16.0291067313125, 16.0633958775317, 16.0978245168689, 16.1322551998354, 16.166553889419, 16.2005904098374, 16.2342388536581, 16.2673778866871, 16.2998906681558, 16.3316647503342, 16.3625925668488, 16.392571924356, 16.4215062906349, 16.4493049071384, 16.4758823619563, 16.501159096617, 16.5250619436869, 16.5475245583462, 16.5684874457333, 16.5878979524563, 16.6057099704514, 16.6218841250434, 16.6363883128282, 16.6491982649368, 16.6602979196833, 16.669679427131, 16.6773429419343, 16.6832967825071, 16.6875576626131, 16.6901508435691, 16.6911101448801, 15.6082, 15.6100720606323, 15.6151834444999, 15.6233574506079, 15.634418064013, 15.648190021483, 15.6644989024887, 15.683171245187, 15.7040346811209, 15.7269180909283, 15.7516517807645, 15.7780676941577, 15.8059995991894, 15.8352832754837, 15.8657566300124, 15.8972597889161, 15.9296353753016, 15.9627287769658, 15.9963884185822, 16.0304659649062, 16.0648163629993, 16.0992980692624, 16.133772977829, 16.1681064725265, 16.2021678871054, 16.2358309208263, 16.2689739494774, 16.301479945847, 16.3332363767643, 16.3641357027259, 16.3940758827048, 16.4229606690817, 16.4506997231353, 16.4772081797043, 16.5024071648217, 16.5262243457248, 16.5485943761167, 16.5694589224089, 16.5887666562576, 16.6064729538431, 16.622540085841, 16.6369377737256, 16.6496437636539, 16.6606442077709, 16.6699336707129, 16.6775149177369, 16.683399077291, 16.6876058787497, 16.6901638089377, 16.6911101232437, 15.6082, 15.6100803812905, 15.6152151786846, 15.623426170817, 15.6345358383956, 15.6483674312984, 15.6647450615584, 15.6834938218886, 15.7044399233376, 15.7274108543964, 15.752235561916, 15.778744666952, 15.8067706559495, 15.836148071748, 15.8667136317197, 15.8983063215981, 15.9307676794113, 15.9639420690862, 15.9976769589638, 16.0318231294652, 16.0662347156787, 16.1007694402673, 16.1352885412222, 16.1696568231382, 16.2037431288843, 16.2374207636376, 16.2705678120562, 16.3030670590803, 16.3348058844696, 16.3656767764705, 16.3955778468723, 16.4244131328276, 16.4520927152838, 16.4785322753831, 16.5036536228793, 16.5273852585594, 16.5496628331967, 16.5704291728288, 16.5896342722857, 16.6072349900129, 16.6231952398338, 16.6374865656867, 16.650088726147, 16.6609900844176, 16.6701876168526, 16.6776866963942, 16.6835012585199, 16.6876540451438, 16.6901767654864, 16.6911101076772, 15.6082, 15.610088686914, 15.6152468556261, 15.6234947672694, 15.6346534010642, 15.6485445228464, 15.6649907800359, 15.683815822693, 15.7048444441146, 15.7279027433249, 15.7528183104671, 15.7794204466172, 15.8075403589519, 15.8370113557463, 15.8676689668475, 15.8993510394785, 15.9318980282832, 15.9651532747813, 15.9989632921814, 16.0331779774842, 16.0676506544667, 16.1022383124358, 16.1368015333837, 16.1712045446726, 16.2053156999485, 16.239007911602, 16.2721589741229, 16.3046514852725, 16.3363727381853, 16.3672152489317, 16.397077281811, 16.4258631581139, 16.4534833774936, 16.4798541661476, 16.5048980159635, 16.5285442593539, 16.5507295419083, 16.5713978468417, 16.5905004894825, 16.6079958077611, 16.6238493556442, 16.6380344963196, 16.6505329973729, 16.6613354294918, 16.6704411770937, 16.6778582170881, 16.6836032881787, 16.6877021409474, 16.6901897030993, 16.6911100915628, 15.6082, 15.6100969700855, 15.6152784469763, 15.6235631784823, 15.6347706465076, 15.648721137004, 15.6652358369132, 15.6841369577435, 15.7052478790939, 15.7283933145121, 15.7533995013401, 15.7800944244788, 15.8083080155151, 15.8378723516915, 15.868621778716, 15.9003930085101, 15.9330254153402, 15.9663613210948, 16.0002462863638, 16.0345293269565, 16.0690629573149, 16.1037034350861, 16.1383106877219, 16.1727483664936, 16.2068843366257, 16.2405911181635, 16.2737462155346, 16.3062320391355, 16.3379357950645, 16.3687500264349, 16.3985731488973, 16.4273097663926, 16.454870795466, 16.4811730052692, 16.5061395673858, 16.529700643081, 16.5517938696571, 16.5723643842088, 16.5913648190392, 16.6087549879345, 16.6245020811523, 16.6385812770672, 16.6509763480204, 16.6616800677643, 16.6706942242782, 16.6780293938752, 16.6837051138344, 16.6877501386888, 16.6902026098703, 16.6911100683175, 15.6082, 15.6101052384092, 15.6153099815868, 15.6236314666465, 15.6348876807967, 15.6488974327109, 15.6654804514369, 15.6844575124803, 15.705650584245, 15.7288829972414, 15.7539796383667, 15.7807671786005, 15.8090742760692, 15.8387317789648, 15.869572850693, 15.901433069534, 15.9341507308359, 15.9675671391776, 16.0015269045916, 16.035878163472, 16.0704726234493, 16.1051658127541, 16.1398170063031, 16.1742892809659, 16.2084500148962, 16.242171336785, 16.2753304616553, 16.3078096129039, 16.3394959097324, 16.3702819220687, 16.4000662163088, 16.4287536781109, 16.456255639652, 16.4824894114935, 16.5073788430336, 16.5308549221741, 16.5528562753857, 16.5733291909042, 16.5922276150424, 16.609512834372, 16.625153672149, 16.6391271184321, 16.6514189466238, 16.6620241296822, 16.6709468552075, 16.678200294914, 16.6838067805663, 16.6877980664928, 16.6902155036553, 16.6911100527758, 15.6082, 15.6101134665349, 15.615341362272, 15.623699420439, 15.6350041403509, 15.6490728601925, 15.6657238578838, 15.6847764796604, 15.7060512894163, 15.7293702412472, 15.7545568781446, 15.7814365636041, 15.8098366886043, 15.8395868784523, 15.8705191202727, 15.9024678645484, 15.9352703333533, 15.9687668193647, 16.0028009872052, 16.0372200987182, 16.071875059309, 16.1066206720989, 16.1413155635377, 16.1758222398472, 16.210007595526, 16.2437433709685, 16.2769064945175, 16.3093790050028, 16.3410479369359, 16.3718058888994, 16.4015515794979, 16.4301901772441, 16.4576334228943, 16.4837991610807, 16.508611911344, 16.532003480216, 16.5539134750019, 16.5742893265503, 16.5930862864305, 16.6102671051407, 16.625802229854, 16.6396704530242, 16.6518595396337, 16.6623666522018, 16.6711983682238, 16.6783704450266, 16.6839079989874, 16.6878457742894, 16.6902283214439, 16.6911100109455, 15.6082, 15.6101216725519, 15.6153726586864, 15.6237671918711, 15.6351202876471, 15.6492478178159, 15.6659666132527, 15.6850945949725, 15.7064509263615, 15.7298561890403, 15.755132585952, 15.7821041768636, 15.8105970892367, 15.8404397289796, 15.8714629102763, 15.9034999589781, 15.9363870268503, 15.9699633973998, 16.0040717923117, 16.0385586010684, 16.0732739287644, 16.1080718550465, 16.1428103592944, 16.1773513781659, 16.211561323252, 16.2453115470415, 16.2784786912567, 16.3109446099284, 16.342596252421, 16.373326245149, 16.4030334577295, 16.4316233400075, 16.4590080395977, 16.4851059331988, 16.5098422081561, 16.5331494869617, 16.5549683547592, 16.5752473818203, 16.5939431215563, 16.611019784872, 16.6264494391169, 16.6402126751903, 16.6522992455147, 16.6627084978667, 16.6714493952519, 16.6785402761631, 16.6840090370566, 16.6878934073716, 16.6902411325289, 16.6911099881255
1.9816, 1.9816, 1.9816, 1.9816, 1.9816, 1.9816, 1.9816, 1.9816, 1.9816, 1.9816, 1.9816, 1.9816, 1.9816, 1.9816, 1.9816, 1.9816, 1.9816, 1.9816, 1.9816, 1.9816, 1.9816, 1.9816, 1.9816, 1.9816, 1.9816, 1.9816, 1.9816, 1.9816, 1.9816, 1.9816, 1.9816, 1.9816, 1.9816, 1.9816, 1.9816, 1.9816, 1.9816, 1.9816, 1.9816, 1.9816, 1.9816, 1.9816, 1.9816, 1.9816, 1.9816, 1.9816, 1.9816, 1.9816, 1.9816, 1.9816, 1.9816, 1.98630091299933, 2.00001892234257, 2.02237050258148, 2.05297211338138, 2.09144019953918, 2.13739119100149, 2.1904415028827, 2.25020753548299, 2.31630567430642, 2.3883522900789, 2.46596373876622, 2.548756361592, 2.63634648505561, 2.72835042095005, 2.82438446637983, 2.92406490377869, 3.02700800092737, 3.13283001097127, 3.24114717243805, 3.35157570925526, 3.46373183076786, 3.57723173175586, 3.69169159245188, 3.80672757855885, 3.92195584126777, 4.0369925172756, 4.15145372880333, 4.26495558361417, 4.37711417503198, 4.48754558195989, 4.59586586889918, 4.70169108596838, 4.80463726892265, 4.90432043917349, 5.0003566038087, 5.09236175561283, 5.17995187308804, 5.26274292047559, 5.34035084777801, 5.41239159078236, 5.47848107108469, 5.5382351961164, 5.59126985917305, 5.63720093944678, 5.67564430206395, 5.70621579813051, 5.7285312647894, 5.74220652529682, 5.74685738912995, 1.9816, 1.98629873493492, 2.00001073996629, 2.0223530083828, 2.05294251090114, 2.09139619495832, 2.13733098374691, 2.19036377501862, 2.25011144025606, 2.31619082326616, 2.38821873945512, 2.46581197531769, 2.54858728721776, 2.63616140141534, 2.72815101243094, 2.82417277929053, 2.92384332529168, 3.02677923844107, 3.13259707255765, 3.24091334732572, 3.3513445460111, 3.46350711628557, 3.57701746511226, 3.69149195107854, 3.80654688516311, 3.92179853262281, 4.03686311582205, 4.15135680734039, 4.26489572199908, 4.37709591881648, 4.48757340437774, 4.59594413744784, 4.7018240235649, 4.80482890589859, 4.90457456407312, 5.00067671934507, 5.09275103925304, 5.18041313077238, 5.26327853915281, 5.34096273717311, 5.41308111993573, 5.47924901125566, 5.5390816717809, 5.59219429928093, 5.63820202925396, 5.67671993352721, 5.70736301733342, 5.72974621955774, 5.74348441806762, 5.74819242956906, 1.9816, 1.9862931332003, 1.99998941835431, 2.02230690950668, 2.052863622456, 2.09127753256934, 2.13716657181662, 2.19014862510081, 2.24984152770809, 2.3158630610002, 2.38783095017834, 2.46536286269812, 2.54807640453208, 2.635589120218, 2.72751848783165, 2.82348190756067, 2.9230967009698, 3.02598011229543, 3.13174931176234, 3.24002139567267, 3.35041337947445, 3.46254220020566, 3.57602470084215, 3.6904776070823, 3.80551752964184, 3.92076096994825, 4.03582432861411, 4.1503238844079, 4.26387577009278, 4.37609597836457, 4.48660037204945, 4.59500469807727, 4.70092457094943, 4.80397544471049, 4.90377260959104, 4.9999312076911, 5.09206624698866, 5.17979258048835, 5.26272490263195, 5.34047771644072, 5.41266531783057, 5.47890181497446, 5.53880115292244, 5.59197711439399, 5.63804332142071, 5.67661323099003, 5.70730012613682, 5.72971711652729, 5.74347715439025, 5.74819303375208, 1.9816, 1.98628755814249, 1.99996819933845, 2.02226103430969, 2.05278511928955, 2.09115945294251, 2.13700297140731, 2.18993454216554, 2.24957295978131, 2.31553693870743, 2.38744510954984, 2.46491601641952, 2.54756811069341, 2.63501975109173, 2.72688919522988, 2.82279458058309, 2.92235392327604, 3.02518512023675, 3.13090595472378, 3.2391340963836, 3.34948708976889, 3.46158235835115, 3.57503717822087, 3.68946863958981, 3.8044936506058, 3.91972894683599, 4.03479110520598, 4.14929650878573, 4.26286130674278, 4.3751014242413, 4.48563257943726, 4.59407030677328, 4.70002992924007, 4.80312651115807, 4.90297485308237, 4.99918951794127, 5.09138485424925, 5.17917497333362, 5.26217373124822, 5.3399946736333, 5.4122510098348, 5.47855564519771, 5.53852122214052, 5.59176012142188, 5.6378844646891, 5.67650610716868, 5.7072366228452, 5.72968730536415, 5.7434691945318, 5.74819307492707, 1.9816, 1.98628199761995, 1.99994703565279, 2.02221527871339, 2.05270682069355, 2.09104168079341, 2.13683979658281, 2.18972101541997, 2.24930508849179, 2.31521166074862, 2.38706026568088, 2.46447032161915, 2.54706112300979, 2.634451840529, 2.72626150918512, 2.82210900173523, 2.92161302702462, 3.0243921330019, 3.13006471445379, 3.23824901296413, 3.34856310097842, 3.46062488733449, 3.57405208020599, 3.68846213358575, 3.80347225261286, 3.91869940682624, 4.03376034939271, 4.1482715676609, 4.26184922752842, 4.37410918728036, 4.4846670213518, 4.59313805282898, 4.69913731450066, 4.80227948214868, 4.90217886815423, 4.99844945804106, 5.09070494273965, 5.17855869388412, 5.26162373125044, 5.33951264516557, 5.41183756071251, 5.47821018291212, 5.53824185420706, 5.5915435561732, 5.63772591284526, 5.67639918045752, 5.70717322678072, 5.72965753232555, 5.7434612273781, 5.74819308998523, 1.9816, 1.98627643226942, 1.99992585265157, 2.02216947965761, 2.05262844484879, 2.09092378798639, 2.13667644812074, 2.18950725257169, 2.24903690928063, 2.31488599388849, 2.38667494303618, 2.46402404962397, 2.54655345161812, 2.63388313220937, 2.72563290443719, 2.82142237713324, 2.92087095282163, 3.02359783159747, 3.12922202106608, 3.23736233613777, 3.34763737873425, 3.45966554478728, 3.57306497631837, 3.68745349316385, 3.80244859980656, 3.9176675023813, 4.03272713301695, 4.14724408611198, 4.26083454741208, 4.3731143117667, 4.48369881362877, 4.59220316861417, 4.69824212337323, 4.80142996909199, 4.90138052423715, 4.99770719145159, 5.09002299871786, 5.17794057271766, 5.2610720918157, 5.33902918585095, 5.4114228907075, 5.47786370634251, 5.53796167063495, 5.59132636151231, 5.6375669009255, 5.67629194164271, 5.70710964081527, 5.72962766146313, 5.74345322001288, 5.74819308365268, 1.9816, 1.98627088135129, 1.99990472458255, 2.02212379933048, 2.05255027206282, 2.0908062003535, 2.13651352200879, 2.18929404162115, 2.2487694212441, 2.31456116462805, 2.38629060905619, 2.46357891957423, 2.54604707534432, 2.63331586985551, 2.72500589204217, 2.82073748483311, 2.92013074261905, 3.02280551599644, 3.12838142390825, 3.23647785320924, 3.34671393410894, 3.45870854858876, 3.57208027151232, 3.68644728785057, 3.80142740101022, 3.91663805357274, 4.03169635657718, 4.14621901147184, 4.25982222419613, 4.37212172683378, 4.48273281481963, 4.59127039741039, 4.69734893640648, 4.80058233956826, 4.90058393295724, 4.99696653810832, 5.08934252194116, 5.17732376817459, 5.26052161587717, 5.33854673647443, 5.41100907896394, 5.47751794074724, 5.53768205779869, 5.59110960717818, 5.63740821152752, 5.67618492292081, 5.70704619072939, 5.72959786337124, 5.74344524631869, 5.7481930988195, 1.9816, 1.98626534486233, 1.99988365143468, 2.02207823771043, 2.05247230230273, 2.0906889178515, 2.13635101819616, 2.18908138251443, 2.24850262433111, 2.3142371729264, 2.38590726371863, 2.46313493147564, 2.54554199423192, 2.63275005355884, 2.72438047214964, 2.82005432505252, 2.91939239671163, 3.0220151865781, 3.12754292344931, 3.23559556474037, 3.34579276775727, 3.45775389948365, 3.57109796661763, 3.68544351855266, 3.80040865719513, 3.91561106141834, 4.03066802111462, 4.14519634477829, 4.25881225888289, 4.37113143340968, 4.48176902573159, 4.59033973984922, 4.69645775399319, 4.79973659366197, 4.89978909401353, 4.99622749723899, 5.08866351107138, 5.17670827824723, 5.25997230064494, 5.33806529334268, 5.41059612075476, 5.47717288022538, 5.53740300847316, 5.59089328446064, 5.63724983428485, 5.67607811208736, 5.70698286228853, 5.72956812158252, 5.74343728738196, 5.74819311390189, 1.9816, 1.98625978830408, 1.99986250012917, 2.02203250393698, 2.05239403260545, 2.09057117597424, 2.13618786607343, 2.18886785885885, 2.24823472156575, 2.31391181130409, 2.38552226399973, 2.46268898659825, 2.54503463856169, 2.63218163220585, 2.72375210672492, 2.81936787218615, 2.91865040615063, 3.02122086015348, 3.1267000762385, 3.23470858587231, 3.34486657714058, 3.45679390585589, 3.57011001441871, 3.68443382080724, 3.79938372987632, 3.91457766150838, 4.02963308926467, 4.14416693355581, 4.25779544660257, 4.37013424181846, 4.480798344341, 4.58940225888809, 4.69555988627091, 4.79888437576241, 4.89898807799015, 4.99548265071231, 5.08797912878819, 5.1760879003895, 5.25941861674771, 5.3375800230982, 5.41017988601354, 5.4768250897172, 5.53712175875958, 5.59067526121516, 5.63709021384067, 5.67597046004784, 5.70691902657706, 5.72953812571958, 5.74342923416601, 5.74819308844864, 1.9816, 1.98625425019707, 1.99984141917241, 2.02198692243162, 2.05231602370066, 2.09045382661665, 2.13602525802178, 2.18865504730677, 2.2479677121205, 2.31358753416671, 2.38513854671512, 2.46224452580882, 2.54452896935645, 2.63161509754437, 2.72312582327404, 2.81868368899565, 2.91791086291473, 3.02042914634333, 3.12585999242712, 3.23382450463917, 3.34394339999126, 3.455837021415, 3.569125245346, 3.68342735697364, 3.79836206301346, 3.9135475235369, 4.02860139628744, 4.14314071416166, 4.25678175603906, 4.36914007999757, 4.47983058046227, 4.58846756453815, 4.69466465746348, 4.79803463402084, 4.89818936237391, 4.99473991820782, 5.08729666611672, 5.17546924242042, 5.25886645054159, 5.33709606867301, 5.40976476858165, 5.47647822460053, 5.53684125249198, 5.5904578129434, 5.63693101686655, 5.67586310043612, 5.70685537627247, 5.72950823587289, 5.7434212388314, 5.74819310763611, 1.9816, 1.9862487271741, 1.99982039565655, 2.02194146512888, 2.05223822730494, 2.09033679677346, 2.13586309236666, 2.18844281412334, 2.24770142736537, 2.31326413571037, 2.38475586716423, 2.46180126434286, 2.5440246611761, 2.63105008340195, 2.72250121539072, 2.81800132989407, 2.91717328384363, 3.01963952657505, 3.12502212074437, 3.23294274033936, 3.34302262999706, 3.45488261861066, 3.56814301553739, 3.68242347235693, 3.79734299710951, 3.91251998978615, 4.02757229228602, 4.14211705002255, 4.25577056890566, 4.36814835236887, 4.47886516510584, 4.58753511773647, 4.69377156123057, 4.79718689707505, 4.89739251249477, 4.99399890291939, 5.08661576474344, 5.17485198460474, 5.25831552041227, 5.33661318557377, 5.40935055954373, 5.47613210945167, 5.53656134510643, 5.59024082276364, 5.6367721504399, 5.67575596002008, 5.70679185301895, 5.72947840320321, 5.74341325615005, 5.74819312339625, 1.9816, 1.98624321919508, 1.99979942942887, 2.02189613169862, 2.05216064285351, 2.09022008559566, 2.13570136793278, 2.18823115777236, 2.24743586537597, 2.31294161360244, 2.38437422259297, 2.46135919901844, 2.54352171041076, 2.63048658574683, 2.72187827863349, 2.81732079004802, 2.91643766373487, 3.0188519953044, 3.12418645533544, 3.23206328684266, 3.34210426079082, 3.45393069088026, 3.56716331828062, 3.68142216014417, 3.79632652530172, 3.91149505339549, 4.02654577045373, 4.14109593443889, 4.25476187866283, 4.36715905260452, 4.47790209220476, 4.58660491272349, 4.69288059216359, 4.7963411599102, 4.89659752377228, 4.99325960073861, 5.08593642106581, 5.17423612387573, 5.25776582385466, 5.33613137187947, 5.40893725758128, 5.47578674356849, 5.53628203652007, 5.59002429120384, 5.63661361567982, 5.67564904047918, 5.70672845901425, 5.7294486303732, 5.74340528918489, 5.74819313911629, 1.9816, 1.98623772622004, 1.99977852033736, 2.02185092181241, 2.05208326978489, 2.09010369223979, 2.13554008355343, 2.18802007673007, 2.24717102424519, 2.31261996553323, 2.38399361027698, 2.46091832669104, 2.54302011349675, 2.62992460060314, 2.72125700862733, 2.81664206470189, 2.91570399747568, 3.01806654708917, 3.12335299045992, 3.23118613814551, 3.3411882861437, 3.45298123181023, 3.5661861470218, 3.68042341368814, 3.79531264089798, 3.91047270767651, 4.02552182415362, 4.14007736087334, 4.25375567891997, 4.36617217450533, 4.47694135579216, 4.58567694380165, 4.69199174486706, 4.79549741746338, 4.89580439150323, 4.99252200734438, 5.08525863116176, 5.17362165672152, 5.25721735777238, 5.33565062490929, 5.40852486042314, 5.47544212507707, 5.53600332523677, 5.589808217119, 5.63645541175856, 5.67554234126197, 5.70666519393501, 5.72941891723208, 5.74339733789481, 5.74819315479457, 1.9816, 1.98623224820915, 1.99975766823048, 2.02180583514287, 2.05200610753943, 2.08998761586519, 2.13537923806572, 2.1878095694778, 2.24690690207222, 2.31229918920079, 2.383614027501, 2.46047864422671, 2.54251986688239, 2.62936412400843, 2.72063740101206, 2.81596514911625, 2.91497227997081, 3.01728317650585, 3.12252172039728, 3.23031128826523, 3.34027469984868, 3.45203423500961, 3.5652114952303, 3.67942722636542, 3.79430133723028, 3.90945294596508, 4.02450044677305, 4.13906132281276, 4.25275196331042, 4.3651877118956, 4.47598294992408, 4.58475120529563, 4.69110501396684, 4.79465566469214, 4.89501311100376, 4.99178611843385, 5.0845823911262, 5.17300857964597, 5.25667011908346, 5.3351709419955, 5.4081133658099, 5.47509825211386, 5.53572520976948, 5.58959259937187, 5.63629753785489, 5.67543586182234, 5.70660205746213, 5.72938926363233, 5.74338940224115, 5.7481931704312, 1.9816, 1.98622678512272, 1.99973687295726, 2.02176087136385, 2.05192915555956, 2.08987185563428, 2.13521883031112, 2.18759963450247, 2.24664349696333, 2.31197928231168, 2.38323547155986, 2.46004014850316, 2.54202096702923, 2.62880515201505, 2.72001945144378, 2.81529003856942, 2.91424250614405, 3.01650187815126, 3.12169263944846, 3.22943873124162, 3.33936349572209, 3.45108969411154, 3.56423935640014, 3.67843359157759, 3.79329260765583, 3.90843576162229, 4.02348163172442, 4.1380478137687, 4.25175072549162, 4.36420565862299, 4.47502686867906, 4.58382769155153, 4.69022039410915, 4.79381589657306, 4.89422367760773, 4.99105192972038, 5.08390769706881, 5.17239688916614, 5.25612410471758, 5.33469232048041, 5.40770277149065, 5.47475512282233, 5.53544768863672, 5.58937743682949, 5.63613999315069, 5.67532960161625, 5.70653904927774, 5.72935966942704, 5.74338148218545, 5.74819318602633, 1.9816, 1.98622133692122, 1.99971613436729, 2.02171603015038, 2.05185241328976, 2.08975641071259, 2.13505885913534, 2.18739027029661, 2.24638080703179, 2.31166024258099, 2.38285793975845, 2.45960283640972, 2.54152341041198, 2.62824768069003, 2.7194031555948, 2.81461672835734, 2.91351467093818, 3.01572264664244, 3.12086574193573, 3.22856846113683, 3.33845466760348, 3.45014760277305, 3.5632697240498, 3.67744250275109, 3.79228644555689, 3.90742114803429, 4.02246537244499, 4.1370368272772, 4.25075195914496, 4.36322600855842, 4.474073106158, 4.58290639693682, 4.68933787996036, 4.79297810810167, 4.89343608666655, 4.9903194369335, 5.08323454511388, 5.17178658181216, 5.25557931161593, 5.33421475771632, 5.40729307522293, 5.47441273535292, 5.53517076036256, 5.58916272836314, 5.63598277683088, 5.6752235601017, 5.70647616906516, 5.72933013446984, 5.74337357768935, 5.74819320158012, 1.9816, 1.98621590356524, 1.9996954523107, 2.0216713111787, 2.05177588017656, 2.08964128026872, 2.13489932338836, 2.18718147535832, 2.24611883039782, 2.31134206773224, 2.38248142941159, 2.45916670484718, 2.54102719351841, 2.627691706115, 2.71878850915347, 2.81394521379341, 2.91278876931481, 3.01494547661649, 3.12004102220254, 3.22770047203521, 3.33754820935543, 3.44920795467499, 3.5623025917221, 3.67645395333706, 3.7912828443406, 3.90640909861211, 4.02145166239675, 4.13602835689862, 4.24975565797562, 4.36224875559586, 4.47312165648398, 4.58198731584015, 4.68845746620694, 4.79214229429232, 4.89265033354913, 4.98958863581875, 5.08256293140027, 5.17117765412719, 5.25503573673115, 5.33373825106542, 5.40688427477265, 5.47407108786295, 5.5348944234766, 5.5889484728483, 5.63582588808341, 5.67511773673869, 5.70641341650887, 5.72930065861489, 5.74336568871468, 5.74819321709271, 1.9816, 1.98621048501555, 1.99967482663818, 2.02162671412623, 2.05169955566853, 2.08952646347433, 2.13474022192439, 2.18697324819122, 2.24585756518858, 2.31102475549732, 2.38210593784403, 2.45873175072783, 2.54053231284928, 2.62713722438609, 2.71817550782416, 2.81327549020846, 2.91206479625424, 3.01417036273044, 3.11921847461343, 3.22683475804315, 3.33664411486347, 3.44827074352178, 3.56133795298402, 3.67546793681117, 3.79028179743879, 3.90539960679147, 4.0204404950662, 4.13502239621754, 4.24876181571243, 4.36127389365221, 4.47217251380216, 4.58107044267124, 4.68757914755526, 4.79130845017803, 4.8918664136417, 4.98885952213763, 5.08189285208124, 5.17057010266729, 5.25449337702727, 5.33326279789977, 5.40647636791406, 5.47373017851662, 5.5346186765139, 5.58873466916464, 5.63566932609927, 5.67501213098924, 5.70635079129454, 5.72927124171693, 5.7433578152234, 5.74819323256426, 1.9816, 1.98620508123211, 1.99965425719742, 2.02158223866394, 2.0516234392032, 2.08941195948459, 2.13458155357495, 2.18676558726942, 2.24559700949452, 2.31070830356398, 2.38173146232879, 2.45829797090473, 2.54003876483892, 2.62658423152622, 2.71756414723179, 2.81260755284844, 2.91134274664748, 3.01339729954866, 3.11839809343792, 3.22597131317068, 3.33574237791628, 3.44733596292143, 3.56037580130718, 3.67448444655548, 3.78928329819206, 3.90439266591972, 4.01943186385477, 4.1340189387371, 4.24777042600686, 4.36030141657135, 4.4712256721892, 4.58015577177603, 4.6867029186528, 4.79047657073786, 4.89108432228148, 4.9881320916075, 5.08122430327086, 5.16996392395407, 5.25395222943845, 5.33278839556594, 5.40606935240014, 5.47339000546076, 5.5343435179957, 5.58852131618124, 5.63551309006168, 5.67490674230999, 5.70628829310437, 5.72924188362859, 5.74334995717623, 5.74819324799398, 1.9816, 1.98619969217713, 1.99963374384475, 2.02153788448146, 2.05154753025006, 2.08929776750263, 2.13442331723783, 2.18655849115361, 2.2453371615144, 2.31039270975112, 2.38135800029367, 2.45786536240971, 2.5395465461245, 2.62603272378497, 2.71695442325132, 2.81194139723198, 2.91062261567987, 3.01262628195055, 3.11757987327987, 3.22511013177972, 3.33484299266989, 3.44640360686235, 3.55941613055411, 3.67350347635061, 3.78828734034424, 3.9033882697491, 4.0184257625674, 4.13301797835958, 4.24678148290202, 4.35933131857844, 4.47028112609001, 4.57924329785314, 4.68582877448191, 4.78964665126585, 4.89030405509895, 4.98740634021578, 5.08055728132879, 5.16935911472951, 5.25341229109362, 5.33231504157957, 5.40566322612748, 5.47305056696116, 5.53406894653877, 5.58830841284089, 5.63535717920785, 5.67480157019447, 5.70622592164334, 5.7292125842147, 5.74334211453946, 5.74819326338439, 1.9816, 1.98619431781185, 1.99961328643265, 2.02149365126009, 2.05147182826427, 2.08918388671001, 2.13426551178098, 2.18635195836535, 2.24507801939783, 2.31007797181786, 2.38098554909549, 2.45743392219209, 2.53905565324874, 2.62548269730527, 2.71634633163854, 2.81127701874573, 2.90990439839171, 3.01185730465689, 3.11676380857087, 3.22425120804665, 3.33394595308225, 3.44547366912343, 3.5584589343677, 3.67252501974905, 3.78729391740435, 3.90238641179229, 4.01742218476677, 4.13201950874436, 4.24579498019969, 4.35836359366095, 4.46933886971746, 4.57833301537675, 4.68495670980982, 4.78881868685196, 4.88952560753307, 4.98668226377219, 5.07989178245193, 5.16875567158856, 5.2528735589909, 5.33184273334202, 5.405257986895, 5.47271186120216, 5.53379496069403, 5.58809595803513, 5.63520159273704, 5.6746966141098, 5.70616367659961, 5.72918334333048, 5.74333428727422, 5.74819327873425, 1.9816, 1.98618895809181, 1.99959288479169, 2.02144953863322, 2.05139633261809, 2.08907031616221, 2.13410813589557, 2.1861459871921, 2.24481958099714, 2.30976408715773, 2.3806141056529, 2.4570036466868, 2.5385660821611, 2.62493414755591, 2.71573986739307, 2.81061441193775, 2.90918808890257, 3.01109036138683, 3.11594989266201, 3.22339453499118, 3.33305125188206, 3.44454614218606, 3.55750420503023, 3.67154906888552, 3.78630302141319, 3.90138708405086, 4.0164211224699, 4.13102352197978, 4.24481091011517, 4.35739823421523, 4.46839889570027, 4.57742491725626, 4.68408671787162, 4.78799267110066, 4.88874897359881, 4.98595985673974, 5.07922780158423, 5.16815358998029, 5.25233602909964, 5.33137146734982, 5.40485363172417, 5.47237388571841, 5.53352155848748, 5.58788395024919, 5.63504632955137, 5.67459187332253, 5.70610155754136, 5.72915416077261, 5.74332647532217, 5.74819329403634, 1.9816, 1.98618361277458, 1.99957253799302, 2.02140554458216, 2.05132103984019, 2.08895705061291, 2.13395118227843, 2.18594056803232, 2.24456183421107, 2.3094510410084, 2.38024365242088, 2.45657451548401, 2.53807780954382, 2.62438704830684, 2.71513500140687, 2.80995354489436, 2.90847365260296, 3.01032541498152, 3.1151380860276, 3.22254007093939, 3.33215884550092, 3.44362098084531, 3.55655189596354, 3.67057557607585, 3.78531460384973, 3.90039023743673, 4.01542252629093, 4.13002996866478, 4.2438292235265, 4.35643519170287, 4.46746115639679, 4.57651895706852, 4.68321875379242, 4.78716856102525, 4.88797411254639, 4.98523908096161, 5.07856530352431, 5.16755283794175, 5.25179967289864, 5.33090121864786, 5.40445013927051, 5.47203662273994, 5.53324872560654, 5.58767237842927, 5.63489138157589, 5.67448734237534, 5.70603956118635, 5.72912503490977, 5.74331867809725, 5.74819330906256, 1.9816, 1.98617828179312, 1.99955224578115, 2.02136166855405, 2.05124594898392, 2.08884408863769, 2.1337946489558, 2.18573569830366, 2.24430477580163, 2.30913882944118, 2.37987418475686, 2.4561465232156, 2.53759082930289, 2.62384139274873, 2.71453172617686, 2.80929440945077, 2.90776108070831, 3.00956245608788, 3.1143283788061, 3.22168780559015, 3.33126872327519, 3.44269817415357, 3.55560199601732, 3.66960453004991, 3.78432865340701, 3.89939586068807, 4.01442638509326, 4.12903883786801, 4.24284990978618, 4.35547445583615, 4.46652564194744, 4.5756151254426, 4.68235280874238, 4.7863463483833, 4.88720101675969, 4.98451992947857, 5.07790428199101, 5.16695340988221, 5.25126448549081, 5.3304319830274, 5.40404750599918, 5.4717000693817, 5.53297645978165, 5.5874612408766, 5.63473674762759, 5.67438302053578, 5.70597768717701, 5.72909596567321, 5.74331089572294, 5.74819332402159, 1.9816, 1.98617299835056, 1.99953213556519, 2.02131818780503, 2.05117153743157, 2.08873215266236, 2.13363954295245, 2.18553270382336, 2.24405007921004, 2.3088294969908, 2.37950813639638, 2.45572250556297, 2.53710838644817, 2.62330083723986, 2.7139341060672, 2.80864146927166, 2.90705522211518, 3.00880669940207, 3.11352632669672, 3.22084360548525, 3.33038702706409, 3.44178409839798, 3.55466106965374, 3.6686426318276, 3.78335195067986, 3.89841075162544, 4.01343944620641, 4.12805676442713, 4.24187943495425, 4.35452227332532, 4.46559833485102, 4.57471910151458, 4.68149422505355, 4.78553101097323, 4.8864342774845, 4.98380659067428, 5.07724851190508, 5.16635866236753, 5.25073340590372, 5.32996628850326, 5.40364786114585, 5.47136597404111, 5.53270615221967, 5.58725160096131, 5.63458319829949, 5.67427942638479, 5.70591624855219, 5.72906711273416, 5.74330319238172, 5.74819337119084, 1.9816, 1.98616772923016, 1.99951207988571, 2.02127482497297, 2.05109732762428, 2.08862052000303, 2.13348485689691, 2.1853302583353, 2.24379607046372, 2.30852099850121, 2.3791430728974, 2.45529962605955, 2.53662723511343, 2.62276172450198, 2.71333807573783, 2.80799025966703, 2.90635122685625, 3.00805292911186, 3.11272637283389, 3.22000160285611, 3.32950761370429, 3.44087237588656, 3.55372255087698, 3.66768317869115, 3.78237771316617, 3.8974281102543, 4.01245495978869, 4.12707711059086, 4.24091132959758, 4.3535723935719, 4.46467324814776, 4.57382520105463, 4.68063765460397, 4.78471756444728, 4.88566929610047, 4.98309486789468, 5.07659420910238, 5.1657652285323, 5.25020348366438, 5.32950159437416, 5.40324906144515, 5.47103257283738, 5.53243639465736, 5.58704237655496, 5.63442994239999, 5.67417601875484, 5.70585490754113, 5.72903828937699, 5.74329547435721, 5.74819338608254, 1.9816, 1.9861624743779, 1.99949207853771, 2.02123157961582, 2.0510233188078, 2.08850918952901, 2.13333058922862, 2.18512835980637, 2.24354274702489, 2.30821333090832, 2.37877899065806, 2.45487788056422, 2.53614737062639, 2.62222404934914, 2.71274362951593, 2.80734077451273, 2.90564908839983, 3.00730113832947, 3.11192851003211, 3.21916179028509, 3.32863047561792, 3.43996299895962, 3.55278643203161, 3.66672616308195, 3.78140593350205, 3.89644792950776, 4.01147291917566, 4.12609987020638, 4.23994558818632, 4.35262481178137, 4.46375037789068, 4.57293342107511, 4.67978309547646, 4.78390600807114, 4.88490607316858, 4.98238476310749, 5.07594137706688, 5.16517311348474, 5.24967472561161, 5.32903790931473, 5.40285111751097, 5.47069987842479, 5.5321672018878, 5.58683358468485, 5.63427699928312, 5.67407281941636, 5.70579368841737, 5.729009522462, 5.7432877711771, 5.74819340096945, 1.9816, 1.98615723375639, 1.99947213137889, 2.02118845142615, 2.05094951045655, 2.08839816045077, 2.13317673885542, 2.18492700681011, 2.24329010710808, 2.30790649204964, 2.37841588712738, 2.45445726613229, 2.53566878964948, 2.62168780805722, 2.71215076330283, 2.8066930093527, 2.90494880195415, 3.006551321953, 3.11113273290834, 3.21832416214038, 3.32775560695947, 3.43905596159591, 3.55185270696248, 3.66577157875567, 3.7804366054004, 3.89547020310288, 4.01049331813524, 4.12512503713905, 4.23898220472849, 4.35167952214692, 4.4628297184968, 4.57204375625153, 4.67893054263541, 4.78309633712596, 4.88414460431112, 4.98167627229578, 5.07529001215658, 5.16458231396678, 5.24914712887482, 5.32857523084078, 5.40245402723897, 5.47036788906632, 5.53189857252239, 5.58662522428525, 5.63412436817387, 5.67396982784645, 5.70573259086483, 5.72898081182799, 5.74328008277639, 5.74819341581727, 1.9816, 1.98615200765786, 1.999452239537, 2.02114544286961, 2.05087590683554, 2.08828743925319, 2.13302331486154, 2.18472621136854, 2.24303816597022, 2.30760050067279, 2.37805378475782, 2.45403780909335, 2.53519152251946, 2.62115303505779, 2.71155951567001, 2.80604700690037, 2.90425041433304, 3.00580353081101, 3.11033909617539, 3.21748877684385, 3.32688306963928, 3.43815132892834, 3.55092144371507, 3.66481949631499, 3.77946980161928, 3.89449500550388, 4.00951623233999, 4.12415268772388, 4.2380212556261, 4.35073660049132, 4.46191134451152, 4.57115627910169, 4.67808006576824, 4.78228861777328, 4.88338495157408, 4.98096945290533, 5.07464016683631, 5.16399287718597, 5.24862073523217, 5.32811359523374, 5.40205782145064, 5.47003663026387, 5.53163052698696, 5.58641731105225, 5.63397206048793, 5.67386705173273, 5.70567161949829, 5.72895215977487, 5.74327241000083, 5.74819343098117, 1.9816, 1.98614679633634, 1.99943240399271, 2.0211025560908, 2.05080251165537, 2.08817703157959, 2.13287032515439, 2.18452598394899, 2.2427869368989, 2.30729537311006, 2.37769270311486, 2.45361953239829, 2.53471559568832, 2.6206197603826, 2.71096992027077, 2.80540280443497, 2.90355396640797, 3.0050578092948, 3.10954764763275, 3.21665568545237, 3.32601291778083, 3.43724915791638, 3.54999270181554, 3.66386997754352, 3.77850558584955, 3.89352240191642, 4.00854172807489, 4.12318288884675, 4.23706280784335, 4.34979611328889, 4.46099532130438, 4.5702710532285, 4.67723172600215, 4.78148290805013, 4.88262716938335, 4.98026435532214, 5.07399188711498, 5.16340484452866, 5.24809558129356, 5.32765303426541, 5.40166252710952, 5.46970612429339, 5.5313630830811, 5.58620985861049, 5.63382008606666, 5.67376449761524, 5.70561077812868, 5.72892356804675, 5.74326475328012, 5.74819344641881, 1.9816, 1.98614159974899, 1.99941262458269, 2.02105979073641, 2.05072932431124, 2.08806693652019, 2.13271776847371, 2.18432632290305, 2.24253641782757, 2.3069911068544, 2.37733263923587, 2.45320243262093, 2.53424100526507, 2.62008797968107, 2.71038197230657, 2.80476039672747, 2.90285945254226, 3.00431415138763, 3.10875838091534, 3.21582488128839, 3.32514514443342, 3.43634944137915, 3.54906647390043, 3.66292301494639, 3.77754395051843, 3.89255238474474, 4.00756979777638, 4.12221563303221, 4.236106854048, 4.34885805340378, 4.46008164198596, 4.5693880720356, 4.67638551707684, 4.78067920207102, 4.88187125226156, 4.97956097450383, 5.07334516840457, 5.16281821187363, 5.24757166340977, 5.32719354475713, 5.40126814149877, 5.46937636888331, 5.53109623895364, 5.58600286549578, 5.63366844379092, 5.67366216466969, 5.70555006616769, 5.72889503622388, 5.74325711228695, 5.74819346181065, 1.9816, 1.98613641785269, 1.99939290114272, 2.02101714645117, 2.05065634419498, 2.08795715316014, 2.13256564355211, 2.1841272265729, 2.24228660667781, 2.3066876993842, 2.37697359014084, 2.45278650631473, 2.53376774733538, 2.61955768857624, 2.70979566694944, 2.80411977851649, 2.90216686706407, 3.00357255103488, 3.1079712896176, 3.21499635763159, 3.3242797426016, 3.43545217208934, 3.54814275255855, 3.66197860098013, 3.77658488800421, 3.89158494634429, 4.00660043383293, 4.12125091275825, 4.23515338686349, 4.34792241365879, 4.45917029962928, 4.56850732889394, 4.67554143270516, 4.77987749393058, 4.88111719471967, 4.97885930540577, 5.07270000612573, 5.16223297512071, 5.24704897796656, 5.32673512358089, 5.40087466196964, 5.4690473618494, 5.53082999286196, 5.58579633037575, 5.63351713269892, 5.67356005225676, 5.70548948324206, 5.72886656413404, 5.74324948697667, 5.74819347715751, 1.9816, 1.98613125060451, 1.9993732335092, 2.02097462288115, 2.05058357070075, 2.08784768058809, 2.13241394912711, 2.18392869330711, 2.24203750137921, 2.30638514818757, 2.37661555286127, 2.45237175004652, 2.53329581800011, 2.61902888270814, 2.70921099939019, 2.80348094456112, 2.9014762043236, 3.00283300220549, 3.10718636735902, 3.21417010778794, 3.32341670531732, 3.434557342848, 3.54722153040791, 3.66103672813102, 3.77562839071529, 3.89062007910077, 4.00563362866312, 4.12028872053266, 4.23420239894246, 4.34698918690515, 4.45826128733489, 4.56762881720074, 4.67469946662488, 4.77907777774686, 4.88036499129037, 4.97815934300333, 5.07205639571723, 5.16164913018593, 5.24652752136396, 5.32627776762096, 5.40048208588373, 5.46871910101591, 5.53056434307014, 5.5855902519231, 5.63336615183235, 5.67345815973934, 5.70542902897961, 5.72883815160526, 5.74324187730424, 5.74819349245959, 1.9816, 1.98612609796169, 1.99935362151917, 2.02093221967381, 2.05051100322502, 2.08773851789616, 2.132262683941, 2.18373072146055, 2.24178909986926, 2.30608345076223, 2.37625852444, 2.45195816039626, 2.53282521337506, 2.61850155773354, 2.7086279648381, 2.80284388964063, 2.90078745869288, 3.00209549889172, 3.10640360778375, 3.21334612508935, 3.32255602563962, 3.43366494648422, 3.54630280009526, 3.6600973889147, 3.77467445108972, 3.88965777542968, 4.00466937471525, 4.11932904889263, 4.2332538829664, 4.34605836602217, 4.45735459823038, 4.56675253037915, 4.67385961259836, 4.778280047661, 4.87961463652783, 4.97746108229158, 5.07141433263571, 5.1610666730013, 5.24600729001607, 5.3258214737738, 5.40009041061295, 5.46839158421557, 5.53029928784906, 5.58538462881567, 5.63321550023666, 5.67335648648279, 5.70536870300959, 5.72880979846621, 5.74323428322482, 5.74819350771703, 1.9816, 1.98612095988336, 1.99933406501669, 2.02088993649134, 2.05043864118875, 2.08762966421205, 2.13211184678355, 2.18353330944758, 2.24154140015655, 2.30578260468755, 2.37590250201105, 2.45154573404357, 2.53235592968318, 2.6179757094229, 2.70804655862175, 2.80220860865818, 2.90010062467152, 3.00136003521631, 3.1056230046684, 3.21252440300138, 3.32169769676149, 3.43277497596067, 3.54538655439981, 3.65916057597734, 3.77372306169362, 3.88869802787132, 4.00370766455864, 4.11837189049199, 4.23230783172858, 4.34512994399558, 4.45645022554402, 4.56587846194687, 4.67302186447612, 4.77748429789563, 4.87886612506091, 4.97676451833339, 5.07077381239871, 5.16048559955286, 5.24548828038429, 5.32536623897659, 5.39969963356366, 5.46806480930964, 5.53003482549256, 5.58517945974931, 5.6330651769708, 5.67325503186219, 5.70530850496792, 5.72878150454994, 5.7432267046965, 5.74819352293255, 1.9816, 1.98611582555205, 1.99931452216587, 2.02084768170301, 2.05036632581444, 2.08752087768398, 2.13196109822559, 2.18333600718277, 2.2412938298447, 2.30548190502541, 2.37554663928767, 2.45113347596972, 2.53188681721368, 2.61745002883613, 2.7074653094574, 2.80157346629436, 2.89941390263413, 3.00062464839863, 3.10484243464848, 3.21170266156751, 3.32083928754616, 3.43188485579196, 3.54447008174031, 3.65822345131442, 3.77277126919063, 3.88773778026687, 4.00274535313816, 4.11741402672277, 4.23136096982763, 4.3442006068048, 4.45554483622394, 4.56500328082225, 4.67218291556151, 4.77668726996681, 4.87811627185774, 4.97606656619922, 5.07013187823928, 5.15990311070711, 5.2449678818499, 5.32490967341814, 5.39930761943576, 5.46773693062059, 5.52976942043041, 5.58497352511739, 5.63291426962141, 5.67315316726116, 5.70524805201358, 5.72875308014452, 5.74321907786581, 5.74819351821585, 1.9816, 1.98611069270306, 1.99929498519274, 2.02080544005176, 2.05029403365883, 2.08741212725017, 2.13181040142513, 2.18313877515287, 2.24104635112868, 2.30518132132892, 2.3751909201013, 2.45072139247481, 2.53141791419558, 2.61692459686113, 2.70688435289249, 2.80093866602719, 2.89872757853036, 2.99988972267062, 3.10406239374852, 3.21088151981463, 3.31998154893177, 3.43099547543583, 3.5435544144031, 3.65728719204985, 3.77182039525027, 3.88677849623782, 4.00178404113138, 4.11645718812079, 4.23041514815692, 4.34327231389639, 4.45464048416102, 4.564129118927, 4.67134495708898, 4.77589119339872, 4.87736732140367, 4.97536945970065, 5.06949072535336, 5.15932133279592, 5.24444811932555, 5.32445366573056, 5.39891608341289, 5.46740945040446, 5.52950433625498, 5.58476783785703, 5.63276354222173, 5.6730514233029, 5.70518767059541, 5.72872469050123, 5.74321146350411, 5.74819352031707, 1.9816, 1.98610557846748, 1.99927551908942, 2.02076335161897, 2.05022200361915, 2.08730377084848, 2.13166025008375, 2.18294225604449, 2.24079976539949, 2.3048818199109, 2.37483647840185, 2.45031078435883, 2.53095068398934, 2.61640103162647, 2.70630545052895, 2.80030609813446, 2.89804365301304, 2.99915734725559, 3.10328503803983, 3.21006318014505, 3.31912671033924, 3.43010907322422, 3.54264178272938, 3.65635400483709, 3.77087260834507, 3.88582229278533, 4.00082578197939, 4.11550335368054, 4.22947226157874, 4.3423468675144, 4.45373887169363, 4.56325757260481, 4.67050947451657, 4.77509743907042, 4.87662052750187, 4.97467433426351, 5.06885137068253, 5.1587411653646, 5.24392977724297, 5.32399888870996, 5.39852559132808, 5.4670828333977, 5.52923994366621, 5.58456268288477, 5.63261320335115, 5.67294994286904, 5.70512744972945, 5.72869638379539, 5.74320388316348, 5.74819353957522, 1.9816, 1.98610047891638, 1.99925610892752, 2.02072138418683, 2.05015018067872, 2.0871957259345, 2.13151053018081, 2.18274630119259, 2.2405538869598, 2.30458317643376, 2.37448305038331, 2.44990134829862, 2.53048478448518, 2.61587895374502, 2.70572818799035, 2.79967531631663, 2.89736165170338, 2.99842702431633, 3.10250985162399, 3.20924711370307, 3.31827423476547, 3.42922510852254, 3.54173164667605, 3.65542335415346, 3.76992738110648, 3.88486865403247, 3.9998700743372, 4.11455203933229, 4.22853184574363, 4.34142382517514, 4.45283958004869, 4.56238824833714, 4.66967610082299, 4.7743056673988, 4.87587557864537, 4.97398090679084, 5.06821355956892, 5.15816238191886, 5.2434126566912, 5.32354517014433, 5.39813599647905, 5.46675695691322, 5.52897614219185, 5.58435797983682, 5.63246319034209, 5.67284867827002, 5.70506735368007, 5.72866813291516, 5.74319631471968, 5.74819355491139, 1.9816, 1.986095381125, 1.99923670570944, 2.02067943221482, 2.05007838496198, 2.08708772318341, 2.13136087050594, 2.18255042774266, 2.24030811422991, 2.30428466618903, 2.37412978648201, 2.44949211082582, 2.53001912193704, 2.61535715549621, 2.70515125256101, 2.79904491451795, 2.89668008953563, 2.99769720369203, 3.10173523274392, 3.20843168021757, 3.31742245609025, 3.4283419016093, 3.54082232475207, 3.65449356815291, 3.76898306232974, 3.8839159599928, 3.99891533959352, 4.11360171757691, 4.22759243298239, 4.34050178673674, 4.45194128328754, 4.56151990004276, 4.66884367441669, 4.77351480489175, 4.87513149202758, 4.97328828672309, 5.06757649423596, 5.15758427697608, 5.24289614296722, 5.32309198357134, 5.39774685707992, 5.46643145925168, 5.52871264460311, 5.58415350931266, 5.63231334395381, 5.67274752173049, 5.70500731641686, 5.72863990282856, 5.74318874236662, 5.74819355694668, 1.9816, 1.98609029739038, 1.9992173560227, 2.02063759599638, 2.05000678730576, 2.08698001823489, 2.13121162318303, 2.18235509340614, 2.24006301703399, 2.30398697506049, 2.37377749000978, 2.44908399147015, 2.52955472830358, 2.61483677489963, 2.70457587937435, 2.79841621345917, 2.89600035871146, 2.99696933548218, 3.10096267633692, 3.20761840692599, 3.3165729218352, 3.42746100879619, 3.53991537108806, 3.65356618833578, 3.76804117095665, 3.88296569764134, 3.99796302386743, 4.11265378530778, 4.22665536350026, 4.33958202915992, 4.45104518947518, 4.56065366214465, 4.66801325223695, 4.7727258280673, 4.87438916171089, 4.97259728453463, 5.06694090133896, 5.15700749404299, 5.24238079800111, 5.3226398118183, 5.39735858023057, 5.46610667606155, 5.52844972027345, 5.58394948048711, 5.63216382013896, 5.67264658385734, 5.70494741197722, 5.72861174067948, 5.74318119693031, 5.7481935716646, 1.9816, 1.9860852276722, 1.999198059713, 2.0205958751966, 2.04993538713487, 2.08687261022072, 2.13106278700502, 2.18216029659805, 2.23981859337674, 2.3036901006166, 2.37342615807923, 2.44867698687482, 2.52909159975079, 2.61431780764164, 2.70400206364014, 2.79778920788134, 2.89532245351546, 2.99624341353086, 3.10019217582569, 3.20680728685126, 3.31572562464689, 3.42658242237877, 3.53901077765688, 3.65264120638235, 3.7671016984059, 3.88201785816592, 3.99701311814552, 4.11170823333901, 4.22572062796767, 4.338664542999, 4.45015128907516, 4.55978952503843, 4.66718482463154, 4.77193872724219, 4.87364857799333, 4.97190789051167, 5.0663067711529, 5.15643202337801, 5.24186661202328, 5.32218864507064, 5.39697115604813, 5.46578259736175, 5.52818735908649, 5.58374588306397, 5.63201460836959, 5.67254585383176, 5.70488762918491, 5.72858363486017, 5.74317366628991, 5.74819358634212, 1.9816, 1.9860801718483, 1.99917881631286, 2.02055426880043, 2.04986418270542, 2.08676549650781, 2.13091435831007, 2.18196603250902, 2.23957483720311, 2.30339403547896, 2.37307578193119, 2.44827108686245, 2.52862972466538, 2.61380024067476, 2.70342979089774, 2.79716388195062, 2.89464635679885, 2.99551941945031, 3.09942371167654, 3.20599829942332, 3.31488054304424, 3.42570612010619, 3.53810852159604, 3.65171859899258, 3.76616462112867, 3.88107241797154, 3.99606559897862, 4.11076503854892, 4.22478820376261, 4.33774930629323, 4.44925956093777, 4.55892746852336, 4.6663583724743, 4.77115348447774, 4.87290972422264, 4.9712200893725, 5.06567408982786, 5.15585785260187, 5.24135357414123, 5.32173847391669, 5.39658457657317, 5.46545921659319, 5.52792555580791, 5.58354271303419, 5.63186570573863, 5.6724453297015, 5.70482796687144, 5.7285555847909, 5.74316615023538, 5.74819360089584, 1.9816, 1.98607512526764, 1.99915960811774, 2.02051273853944, 2.04979310856664, 2.08665857873665, 2.13076620099543, 2.1817721233504, 2.2393315259876, 2.30309851022578, 2.37272604397949, 2.4478659253055, 2.52816868889222, 2.61328361322047, 2.70285855603993, 2.79653968941571, 2.89397148524025, 2.99479673781198, 3.09865664220486, 3.20519078344025, 3.3140370026892, 3.42483142052791, 3.53720792000972, 3.65079768713494, 3.7652292689089, 3.88012872024935, 3.9951198271576, 4.10982358312175, 4.22385749785833, 4.3368357537985, 4.44836947019232, 4.55806699028986, 4.66553342780115, 4.77036966753591, 4.87217220486263, 4.9705335228528, 5.06504253653456, 5.15528469807686, 5.24084143725863, 5.32128908674517, 5.39619866421637, 5.46513638831826, 5.52766419487415, 5.5833398820229, 5.63171704796691, 5.67234496778269, 5.70476839804032, 5.72852757584691, 5.74315864179057, 5.74819361086738, 1.9816, 1.98607009218329, 1.99914045131439, 2.02047131939603, 2.04972222454001, 2.08655194679254, 2.13061843941634, 2.18157873153477, 2.23908886296869, 2.30280377087116, 2.37237723414448, 2.44746183634201, 2.52770887027913, 2.61276834550879, 2.70228881953183, 2.79591712800977, 2.89329837005358, 2.99407592870243, 3.09789155094053, 3.20438533962432, 3.31319561560896, 3.42395894145234, 3.53630959132859, 3.6498790850679, 3.76429624740192, 3.87918735798342, 3.99417637928989, 4.10888442394595, 4.22292904444587, 4.33592439439296, 4.44748149815066, 4.55720854219198, 4.66471041147868, 4.76958766512764, 4.87143637566104, 4.96984851328935, 5.06441240011033, 5.15471281541195, 5.24033042438665, 5.32084067495995, 5.39581358012427, 5.46481424513528, 5.52740338240313, 5.58313747209399, 5.63156869584926, 5.67224481074464, 5.70470895073731, 5.72849962531095, 5.74315115169402, 5.74819362502837, 1.9816, 1.98606507257208, 1.99912134581446, 2.02043001117907, 2.04965153029832, 2.08644560018322, 2.13047107289074, 2.18138585616974, 2.23884684702726, 2.30250981605675, 2.37202935081993, 2.44705881811283, 2.52725026671231, 2.61225443517276, 2.70172057875788, 2.79529619487603, 2.89262700815044, 2.99335698881311, 3.09712843436767, 3.20358196426591, 3.31235637791471, 3.42308867882719, 3.53541353135478, 3.64896278846751, 3.76336555217803, 3.87824832665862, 3.99323525079497, 4.1079475563958, 4.22200283887553, 4.33501522342405, 4.44659564017763, 4.55635211963123, 4.66388931896305, 4.76880747278011, 4.87070223222969, 4.96916505638889, 5.06378367636286, 5.15414220051802, 5.23982053153765, 5.32039323466976, 5.39542932049288, 5.46449278331399, 5.52714311472005, 5.58293547960481, 5.63142064574702, 5.67214485491962, 5.70464962122763, 5.72847172933806, 5.74314367594252, 5.74819363916415, 1.9816, 1.98606006642638, 1.99910229158905, 2.02038881382627, 2.04958102573539, 2.08633953874958, 2.13032410119912, 2.18119349696922, 2.23860547780573, 2.30221664534968, 2.37168239349478, 2.44665687002646, 2.52679287751795, 2.61174188145443, 2.70115383287422, 2.79467688908239, 2.89195739850731, 2.99263991702434, 3.09636729126363, 3.20278065602997, 3.31151928815353, 3.4222206310803, 3.53451973840054, 3.64804879553817, 3.76243718134453, 3.8773116242979, 3.99229643962604, 4.10701297837132, 4.22107887901361, 4.33410823874561, 4.44571189413654, 4.55549772050288, 4.66307014820419, 4.76802908852028, 4.86996977269359, 4.968483150393, 5.06315636366579, 5.15357285191342, 5.2393117573843, 5.31994676470878, 5.39504588432197, 5.4641720020203, 5.5268833911535, 5.58273390403892, 5.63127289728676, 5.67204510006118, 5.70459040937151, 5.72844388787058, 5.74313621453148, 5.74819365328992, 1.9816, 1.98605507380364, 1.99908328885615, 2.02034772780752, 2.04951071165253, 2.08623376369222, 2.13017752599725, 2.18100165608822, 2.23836475799041, 2.30192426198752, 2.37133636596547, 2.44625599643335, 2.526336707583, 2.61123068974668, 2.70058858773615, 2.79405921688978, 2.89128954772004, 2.99192472018216, 3.09560812862528, 3.20198142194976, 3.31068435329304, 3.42135480502413, 3.53362821904729, 3.64713711256702, 3.7615111408428, 3.87637725645632, 3.99135995092192, 4.10608069457627, 4.22015716912179, 4.33320344418108, 4.44483026342642, 4.55464534780512, 4.66225290182516, 4.76725251462359, 4.8692389990088, 4.9678027969665, 5.06253046341993, 5.15300477076177, 5.23880410287916, 5.31950126584457, 5.39466327221947, 5.46385190172672, 5.52662421206327, 5.58253274566438, 5.63112545066413, 5.67194554631024, 5.70453131527113, 5.72841610098608, 5.74312876752633, 5.74819366746949, 1.9816, 1.98605009429232, 1.99906433603353, 2.02030674967431, 2.04944058210287, 2.08612826599715, 2.13003133469875, 2.18081031692588, 2.2381246665869, 2.301632640266, 2.37099123756413, 2.44585616151039, 2.52588171579914, 2.61072081358727, 2.70002479151988, 2.79344312116554, 2.89062339345941, 2.99121133093177, 3.09485087430109, 3.20118418536274, 3.30985149250176, 3.42049111605666, 3.53273888537802, 3.64622764883329, 3.7605873377137, 3.87544512855455, 3.9904256891535, 4.10515060925435, 4.21923761399228, 4.33230074589824, 4.44395065646749, 4.55379491313676, 4.66143749542133, 4.76647767139067, 4.86850983677904, 4.96712392750159, 5.06190591317779, 5.15243790103438, 5.2382975185572, 5.31905669520767, 5.39428144782945, 5.46353245239402, 5.52636555341454, 5.58233198602241, 5.63097829245223, 5.67184618461192, 5.70447233346776, 5.72838836593008, 5.7431213338687, 5.74819368121641
0.01, 0.01, 0.01, 0.01, 0.01, 0.01, 0.01, 0.01, 0.01, 0.01, 0.01, 0.01, 0.01, 0.01, 0.01, 0.01, 0.01, 0.01, 0.01, 0.01, 0.01, 0.01, 0.01, 0.01, 0.01, 0.01, 0.01, 0.01, 0.01, 0.01, 0.01, 0.01, 0.01, 0.01, 0.01, 0.01, 0.01, 0.01, 0.01, 0.01, 0.01, 0.01, 0.01, 0.01, 0.01, 0.01, 0.01, 0.01, 0.01, 0.01, 0.01, 0.171179242972347, 0.325627806418588, 0.473346602404869, 0.614336542200697, 0.7485985362632, 0.876133494211911, 0.996942324793262, 1.11102593583432, 1.21838523418584, 1.31902112565533, 1.41293451493148, 1.50012630550202, 1.5805973995679, 1.65434869795705, 1.72138110004161, 1.78169550366247, 1.83529280506513, 1.88217389885002, 1.92233967794013, 1.95579103356743, 1.98252885527881, 2.00255403096056, 2.01586744687988, 2.02246998774041, 2.0223625367483, 2.01554597568484, 2.0020211849816, 1.98178904379377, 1.95485043006837, 1.92120622060384, 1.88085729109834, 1.83380451618475, 1.78004876945031, 1.71959092343962, 1.65243184963915, 1.57857241844147, 1.49801349908646, 1.41075595957533, 1.3168006665513, 1.21614848513748, 1.10880027871726, 0.994756908634789, 0.874019233780667, 0.746588110007374, 0.61246438928516, 0.471648918449744, 0.32414253728704, 0.16994607550076, 0.00906034771653122, 0.01, 0.171729122822211, 0.326676367192012, 0.474843118998589, 0.616230805671187, 0.75084091563803, 0.878675018103083, 0.999734780162542, 1.1140219826778, 1.22153853393496, 1.32228649483561, 1.41626808677554, 1.50348568033591, 1.58394176091947, 1.65763889607881, 1.72457980507737, 1.78476742090288, 1.83820487757319, 1.88489548523326, 1.92484266247545, 1.95804993376754, 1.98452084938077, 2.0042589641555, 2.01726804342348, 2.02355218530072, 2.02311577161619, 2.01596324542305, 2.00209897171691, 1.98152747918299, 1.95425365727699, 1.92028270444852, 1.87961996517846, 1.83227056833781, 1.77823961903713, 1.71753267325721, 1.65015569585372, 1.57611481331504, 1.49541612994132, 1.40806556583111, 1.31406900124491, 1.21343260191434, 1.10616286776586, 0.992266645682082, 0.871750946371695, 0.744622673793697, 0.610888711522263, 0.470556080601811, 0.323631925824848, 0.170123434758062, 0.0100377903187582, 0.01, 0.172810546529811, 0.328734837937243, 0.477775227003784, 0.619934194281752, 0.755214407215498, 0.883618780250358, 1.00515052688189, 1.11981320793989, 1.22761077317059, 1.3285476378555, 1.42262870683172, 1.50985934026662, 1.59024524977198, 1.66379239922081, 1.73050721585027, 1.79039677893093, 1.84346878140556, 1.88973145465819, 1.92919336267203, 1.9618633942063, 1.98775052088993, 2.00686373171899, 2.01921265770476, 2.02480794401318, 2.02366110126363, 2.01578383010768, 2.00118761417413, 1.97988443681717, 1.95188736372274, 1.91721040200429, 1.8758680053302, 1.82787397527074, 1.77324204487276, 1.71198732066488, 1.64412615366117, 1.56967538852072, 1.48865180590498, 1.40107162803174, 1.30695096196021, 1.20630679063288, 1.09915711706297, 0.985521003511829, 0.8654180102353, 0.738867374099808, 0.605888285194925, 0.466500369396938, 0.3207236385666, 0.168578249945741, 0.0100843760055434, 0.01, 0.173889914227766, 0.330789404455194, 0.480701790022078, 0.623630603902247, 0.759579691317509, 0.888553310011426, 1.01055621708762, 1.1255937495454, 1.2336718936453, 1.33479741273337, 1.42897788720773, 1.51622165737579, 1.59653765118087, 1.66993521820276, 1.73642448077416, 1.79601664947202, 1.84872395946652, 1.8945595462993, 1.93353710091082, 1.96567085640461, 1.99097518924455, 2.00946450501735, 2.02115427787506, 2.02606167558945, 2.02420531449681, 2.01560413435236, 2.00027671708943, 1.9782424758278, 1.94952262661923, 1.91413995890592, 1.87211801141293, 1.82347924467728, 1.76824600552966, 1.70644292848211, 1.63809673045118, 1.56323495677875, 1.4818850484144, 1.39407351928439, 1.29982669259555, 1.19917235381788, 1.09213999578448, 0.978760884348485, 0.859067121139114, 0.733090271234194, 0.600861826262957, 0.462414011752403, 0.317779702905626, 0.166992023990874, 0.0100841347137191, 0.01, 0.174965735264033, 0.332837211724502, 0.483618714944895, 0.627314829619291, 0.763930577511158, 0.89347155772401, 1.01594406818558, 1.13135521827617, 1.23971302583877, 1.3410265959868, 1.43530617682212, 1.52256307937438, 1.60280943806006, 1.67605797757193, 1.74232250249943, 1.80161833980084, 1.85396225023316, 1.89937225645302, 1.93786715797012, 1.96946651234359, 1.99419008434951, 2.01205767862495, 2.0230905900197, 2.02731248456772, 2.0247490613033, 2.0154264805747, 1.99937040232761, 1.97660764465679, 1.94716754822905, 1.91108158531278, 1.86838228332491, 1.81910074769845, 1.76326792490331, 1.70091795497513, 1.63208790055219, 1.55681599063102, 1.47514031083255, 1.38709765640791, 1.29272455610337, 1.19205958332139, 1.08514370753766, 0.972020386505126, 0.852734255149917, 0.727329202174331, 0.595849015914818, 0.458338516559517, 0.314843439192495, 0.165409872839011, 0.0100839626840184, 0.01, 0.176038762255056, 0.334879703801174, 0.486528076091738, 0.630989514841922, 0.768270217124973, 0.898377121472427, 1.02131806386148, 1.13710192227779, 1.24573874123209, 1.34723996133002, 1.44161849054785, 1.52888860125344, 1.60906562450557, 1.6821656530008, 1.74820616415749, 1.80720658647685, 1.85918818972547, 1.90417386668212, 1.94218750709352, 1.97325397315236, 1.99739840144003, 2.0146459781358, 2.02502379643477, 2.02856199638645, 2.02529333676662, 2.01525118000912, 1.9984682438197, 1.97497872657727, 1.94482006791514, 1.90803239908033, 1.86465721445749, 1.81473425062936, 1.75830303934307, 1.69540720355632, 1.62609413150867, 1.55041271886255, 1.46841168032928, 1.38013808211146, 1.28563864790255, 1.18496272448421, 1.0781627448322, 0.965294346934849, 0.846414690951788, 0.721579984623764, 0.59084630816495, 0.454271071439695, 0.311912865954662, 0.163830743228912, 0.010083832190944, 0.01, 0.177108949385816, 0.33691679488152, 0.489429753496924, 0.634654511269958, 0.772598439353349, 0.903269813777319, 1.02667800579785, 1.14283365823596, 1.25174883736313, 1.35343731301267, 1.44791464521969, 1.53519805832351, 1.61530607020618, 1.68825813065619, 1.75407537680161, 1.8127813238443, 1.86440173401771, 1.90896435325473, 1.94649814323486, 1.97703325099752, 2.0006001684206, 2.01722944572336, 2.02695395213862, 2.02981027753441, 2.02583821749914, 2.0150783180326, 1.99757033435638, 1.97335582048741, 1.94248028942437, 1.90499250758165, 1.86094291461089, 1.8103798644905, 1.75335145987125, 1.68991078405449, 1.62011553078573, 1.54402524542223, 1.46169925619988, 1.37319488990636, 1.2785690545951, 1.17788185588297, 1.071197177112, 0.958582824849547, 0.840108476433601, 0.715842654065497, 0.585853725012007, 0.450211683829977, 0.308987974991521, 0.16225461024729, 0.0100837005333123, 0.01, 0.178176303381933, 0.33894849774137, 0.492323765311745, 0.638309841757053, 0.776915271082324, 0.908149664892236, 1.0320239269584, 1.14855046117777, 1.25774335068957, 1.35961868830846, 1.45419467833588, 1.541491487744, 1.62153081144028, 1.69433544541877, 1.75993017344015, 1.81834258261266, 1.86960291114774, 1.913743741204, 1.95079908813449, 1.98080436409399, 2.00379539975349, 2.01980809189257, 2.02888106355415, 2.03105733031307, 2.02638370169105, 2.01490788872561, 1.99667666393917, 1.97173891242953, 1.9401481950503, 1.90196188963882, 1.8572393594575, 1.8060375621125, 1.74841315678825, 1.68442866462638, 1.61415206483536, 1.5376535355276, 1.45500300292718, 1.36626804404639, 1.27151574072491, 1.17081694291085, 1.06424697121279, 0.951885789148678, 0.83381558319441, 0.710117185438043, 0.580871245380801, 0.446160337296938, 0.306068755171728, 0.160681468727298, 0.0100835691722674, 0.01, 0.179240826348321, 0.340974816250622, 0.495210116831811, 0.641955512686907, 0.781220719449184, 0.91301668237863, 1.03735583500685, 1.15425233855781, 1.26372228815947, 1.36578409337967, 1.46045859501669, 1.54776889336502, 1.62773985058071, 1.70039759800266, 1.76577055298885, 1.82389035980754, 1.87479171621301, 1.91851202370079, 1.95509033308312, 1.98456730195414, 2.00698408328009, 2.02238190294365, 2.03080511565014, 2.03230313865435, 2.02692977258166, 2.01473987497056, 1.99578721545861, 1.97012798575614, 1.93782376915144, 1.8989405312271, 1.85354653724469, 1.80170733465642, 1.74348812481403, 1.67896084415626, 1.60820373662628, 1.5312975955672, 1.44832292968146, 1.35935755585148, 1.26447871914292, 1.16376799937112, 1.05731214134546, 0.945203253933891, 0.827536024724471, 0.704403591122186, 0.575898880051534, 0.442117040537619, 0.303155212631351, 0.159111321768238, 0.0100834376953622, 0.01, 0.18030359996456, 0.342997833072232, 0.49809181100742, 0.645595366601613, 0.785519385893168, 0.917876145879663, 1.04267960709926, 1.15994568435709, 1.26969247989521, 1.37194071381279, 1.46671385564383, 1.5540379297054, 1.6339409556322, 1.70645238925401, 1.7716042685039, 1.82943228008046, 1.87997556486637, 1.92327632681954, 1.9593786340125, 1.98832836982218, 2.0101719930047, 2.02495604108087, 2.03273057828565, 2.03355139954619, 2.0274792721556, 2.01457618001041, 1.99490286965747, 1.96852281495625, 1.9355055962177, 1.89592574309935, 1.8498604012523, 1.79738369418707, 1.73856950170783, 1.67349930137342, 1.60226157980431, 1.52494772633484, 1.4416488166239, 1.3524528970716, 1.2574473653993, 1.15672451679703, 1.05038250718417, 0.938525579156545, 0.821260913379658, 0.698693948006176, 0.570929882562755, 0.438076435842704, 0.300243590508376, 0.157542225459647, 0.0100833872860492, 0.01, 0.181363898965425, 0.345016154541096, 0.500966842639451, 0.649226843635148, 0.789808212750865, 0.92272455680801, 1.04799136060376, 1.16562628878685, 1.27564944584992, 1.37808385621587, 1.47295561041149, 1.5602936474987, 1.64012913483471, 1.71249484190432, 1.77742641422792, 1.83496356624383, 1.88514986559191, 1.92803230184463, 1.96365994216718, 1.99208387610421, 2.01335585168608, 2.02752770061634, 2.03465517459629, 2.03480042228985, 2.02803115221734, 2.01441645344056, 1.99402402921878, 1.96692461117482, 1.9331957513073, 1.89292051972846, 1.84618492089598, 1.79307164055886, 1.73366322222644, 1.66805066148103, 1.59633266495538, 1.51861119877199, 1.43498789004155, 1.34556100432418, 1.25042808143221, 1.14969211747299, 1.04346281985841, 0.931856703289074, 0.814993434590873, 0.692990748094156, 0.565966111111038, 0.434039807227704, 0.297334658266718, 0.155974494341914, 0.010083337183362, 0.01, 0.182421334690845, 0.34702902957938, 0.503834124475204, 0.652848546604307, 0.794085519155687, 0.927559976865364, 1.0532889260487, 1.17129177746992, 1.28159063302126, 1.38421081525812, 1.47918102797788, 1.56653311573495, 1.6463013838708, 1.71852190471174, 1.78323391841594, 1.84048115251465, 1.89031158508267, 1.93277697449336, 1.96793136887631, 1.99583104437822, 2.01653302178786, 2.03009440955339, 2.03657662485361, 2.03604814623245, 2.02858359807737, 2.01425915344454, 1.993149452132, 1.96533245922297, 1.93089367315219, 1.88992468092552, 1.84252032426088, 1.78877183730493, 1.7287704125223, 1.66261654049234, 1.59041912526077, 1.51229069057824, 1.42834339952675, 1.33868572647104, 1.24342534276164, 1.14267593100647, 1.03655873704112, 0.92520253606083, 0.808739473045514, 0.687299573943616, 0.561012569050657, 0.430011301786148, 0.294431429689775, 0.154409731833366, 0.0100832033528225, 0.01, 0.183475912165113, 0.34903646766981, 0.506693669890658, 0.656460492214817, 0.798351324582794, 0.932382427741184, 1.05857232679039, 1.1769421748927, 1.28751606650322, 1.39032161613709, 1.48539013316348, 1.57275635840539, 1.65245772547204, 1.72453359874394, 1.78902680010999, 1.84598505559609, 1.89546073744418, 1.93751035605537, 1.97219292244127, 1.99956987984131, 2.01970350529366, 2.03265616657671, 2.03849492443874, 2.03729456353288, 2.02913659884257, 2.01410426627785, 1.9922791220328, 1.96374634043788, 1.92859934120396, 1.88693820473737, 1.83886658851566, 1.78448426122949, 1.72389104955325, 1.65719691611453, 1.58452093984608, 1.50598618301721, 1.42171532923103, 1.33182705130808, 1.2364391415983, 1.13567595483427, 1.02967026224087, 0.918563087926111, 0.8024990470326, 0.681620452571539, 0.556069293027087, 0.42599096670157, 0.291533963414044, 0.152848008941181, 0.010083070092174, 0.01, 0.184527638800166, 0.351038482900011, 0.509545498913541, 0.660062705700612, 0.802605658741598, 0.937191942894822, 1.06384159932025, 1.18257751987144, 1.29342578674387, 1.39641630025812, 1.49158296767966, 1.57896341690463, 1.65859820011512, 1.73052996298478, 1.79480509626846, 1.85147530993693, 1.90059735418563, 1.94223247471079, 1.97644462736947, 2.00330040304069, 2.02286731851007, 2.03521298349563, 2.04041008048759, 2.03853967656314, 2.02969015211908, 2.01395178480936, 1.99141302711218, 1.96216623848168, 1.92631273483598, 1.88396106655649, 1.83522368542554, 1.78020888081144, 1.71902509885724, 1.6517917513674, 1.5786380697088, 1.49969763561031, 1.41510363777633, 1.32498493714086, 1.22946943652847, 1.12869214846118, 1.02279735655307, 0.911938322271089, 0.79627212294417, 0.675953354095047, 0.551136257608825, 0.421978781728834, 0.288642245120614, 0.151289318014624, 0.0100829371618441, 0.01, 0.185576521980797, 0.353035089305927, 0.512389631497983, 0.663655212202716, 0.806848551231893, 0.941988555661879, 1.06909677999434, 1.18819785107804, 1.2993198340404, 1.40249490887152, 1.49775957308102, 1.585154332471, 1.66472284812316, 1.7365110362694, 1.80056884370796, 1.85695194985288, 1.90572146669353, 1.94694335852897, 1.98068650807089, 2.00702263444077, 2.02602447767689, 2.03776487207006, 2.04232210010507, 2.03978348768341, 2.03024425552074, 2.01380170193542, 1.99055115560881, 1.9605921370842, 1.92403383350889, 1.88099324188152, 1.83159158688005, 1.77594566467146, 1.71417252613099, 1.64640100944557, 1.57277047603618, 1.49342500808234, 1.40850828400018, 1.31815934250141, 1.22251618637446, 1.12172447163608, 1.01593998132364, 0.905328202737161, 0.790058667430479, 0.670298248890727, 0.546213437623334, 0.417974726879497, 0.285756260743216, 0.14973365164976, 0.0100828045614351, 0.01, 0.186622569069611, 0.355026300881333, 0.515226087538153, 0.667238036786592, 0.811080031564495, 0.946772299277736, 1.07433790505944, 1.19380320706807, 1.30519824856876, 1.40855748310352, 1.50391999079708, 1.5913291462186, 1.67083170969779, 1.7424768573159, 1.80631807913407, 1.86241500955609, 1.91083310625951, 1.95164303549419, 1.9849185888813, 2.01073659444345, 2.02917499898405, 2.04031184402372, 2.04423099037423, 2.04102599924653, 2.03079890666858, 2.01365401057405, 1.98969349579732, 1.95902402002514, 1.92176261674622, 1.87803470628595, 1.82797026485424, 1.77169458152553, 1.70933329717528, 1.64102465365522, 1.56691812013298, 1.48716826027983, 1.40192922686428, 1.31135022604669, 1.21557935008245, 1.11477288422879, 1.00909809801447, 0.898732693074684, 0.783858647241566, 0.66465510742365, 0.541300807973105, 0.413978782224522, 0.282875996257174, 0.148181002464254, 0.0100826722899624, 0.01, 0.187665787407114, 0.357012131577989, 0.518054886868486, 0.670811204442429, 0.81530012916158, 0.951543206877924, 1.0795650106534, 1.19939362628124, 1.31106107038413, 1.41460406395662, 1.51006426213269, 1.59748789913779, 1.6769248249195, 1.7484274647257, 1.8120528391417, 1.86786452315547, 1.91593230408058, 1.95633153350594, 1.98914089406244, 2.01444230338821, 2.03231889857172, 2.04285391104413, 2.04613675835611, 2.04226721359794, 2.03135410319062, 2.01350870366467, 1.98884003598809, 1.95746187113372, 1.91949906413402, 1.87508543541762, 1.82435969140826, 1.76745560018441, 1.7045073778944, 1.63566264741355, 1.5610809634209, 1.48092735217049, 1.39536642545402, 1.30455754655802, 1.20865888672202, 1.10783734622965, 1.00227166820312, 0.892151757142705, 0.777672029227076, 0.659023900247278, 0.536398343635675, 0.40999092789441, 0.280001437679673, 0.146631363097774, 0.0100825403464097, 0.01, 0.188706184311824, 0.358992595305858, 0.520876049263981, 0.67437474008552, 0.81950887335713, 0.956301311498635, 1.08477813280571, 1.20496914704198, 1.31690833942153, 1.42063469231033, 1.51619242826874, 1.6036306320958, 1.68300223374835, 1.75436289698414, 1.8177731602157, 1.87330052465727, 1.92101909125974, 1.96100888037936, 1.99335344780248, 2.01813978155256, 2.03545619253061, 2.04539108478291, 2.04803941109007, 2.04350713307576, 2.03190984272205, 2.01336577416814, 1.98799076452713, 1.95590567428861, 1.91724315532063, 1.8721454049985, 1.82075983868705, 1.76322868955328, 1.69969473429579, 1.63031495424834, 1.55525896743815, 1.47470224384276, 1.38881983897792, 1.29778126294066, 1.20175475548565, 1.10091781774905, 0.995460653582338, 0.88558535890853, 0.771498780335863, 0.653404598003127, 0.531506019663357, 0.406011144079008, 0.277132571069655, 0.145084726211989, 0.0100824087298384, 0.01, 0.189744216638314, 0.360968556079323, 0.523690796204794, 0.677930172969557, 0.823708051489481, 0.961048608879357, 1.08997942598143, 1.21053203287628, 1.32274237861774, 1.42665170088068, 1.52230678209248, 1.60975954857149, 1.68906600069718, 1.76028503010661, 1.82348068038436, 1.87872436466064, 1.92609451449387, 1.96567583463343, 1.99755673646567, 2.02182925922423, 2.03858687115737, 2.04792313165445, 2.0499385072955, 2.04474512497522, 2.03246531749104, 2.01322425563291, 1.98714457270092, 1.95435419501928, 1.91499354667248, 1.86921317889225, 1.81716919475678, 1.75901227859397, 1.69489375293444, 1.62497993508067, 1.54945048431608, 1.46849129553153, 1.38228785269723, 1.29101980241106, 1.19486544248711, 1.09401286077926, 0.988663709036879, 0.879032263189955, 0.765337792372919, 0.647796236540403, 0.526623033012354, 0.40203880591185, 0.274268966812664, 0.143540874522135, 0.0100822895679018, 0.01, 0.190779439177003, 0.362939172023305, 0.526497937694972, 0.68147601352369, 0.827895922961489, 0.965783155949588, 1.09516679319611, 1.2160800814543, 1.32856092887825, 1.43265282240523, 1.52840509679063, 1.61587251084268, 1.69511412579506, 1.76619205055621, 1.82917382126559, 1.88413474870276, 1.93115757897499, 1.97033168457012, 2.00175031470464, 2.02551054069784, 2.04171097168346, 2.05045030514196, 2.05183450009695, 2.04598182553126, 2.0330213303939, 2.01308510119364, 1.98630254748649, 1.95280863783307, 1.91275154400041, 1.86629014804903, 1.81358921958446, 1.75480788015325, 1.69010598340214, 1.61965916018567, 1.5436570890205, 1.4622960709479, 1.37577200315109, 1.28427465842485, 1.18799238220008, 1.08712383495292, 0.981882103532575, 0.87249363248768, 0.759190105590458, 0.642199718084154, 0.521750132109579, 0.398074492259961, 0.271411018459051, 0.14200000050602, 0.0100821585068098, 0.01, 0.191811859295989, 0.364904457158724, 0.529297493693631, 0.685012286932263, 0.83207251747287, 0.970504986219648, 1.10034027107342, 1.22161333182622, 1.33436403100691, 1.43863809878663, 1.53448741473259, 1.62196956114134, 1.70114665055374, 1.77208399856752, 1.83485262130116, 1.88953171296416, 1.93620831820684, 1.97497646064071, 2.00593420958758, 2.02918364938298, 2.04482851359225, 2.05297262055881, 2.05372740047226, 2.04721724130387, 2.03357788357657, 2.01294830861656, 1.98546468233545, 1.95126899201891, 1.91051713267109, 1.86337629422004, 1.81001989165767, 1.75061546979551, 1.68533139868536, 1.61435260039238, 1.53787875071469, 1.45611653813031, 1.3692722578241, 1.27754579849049, 1.18113554274862, 1.08025070964111, 0.97511580835243, 0.865969440689096, 0.753055697187432, 0.63661502385624, 0.516887302918175, 0.394118194554738, 0.268558723640295, 0.140462108729184, 0.010082027781289, 0.01, 0.192840888353175, 0.366863276300404, 0.532087824572152, 0.688536891224348, 0.836235312814381, 0.975211199350661, 1.10549662326052, 1.22712825375072, 1.34014790301248, 1.44460353843943, 1.54054957691621, 1.62804641525275, 1.70715920777041, 1.77795646619884, 1.84051267409979, 1.89491089493937, 1.94124245595706, 1.97960601531232, 2.01010444475208, 2.03284482261317, 2.04793599044686, 2.05548687025538, 2.05561434219499, 2.04844889020935, 2.03413292190423, 2.01281229255336, 1.98462990455549, 1.94973474049782, 1.90829039426579, 1.86047234076121, 1.80646261926831, 1.74643718390047, 1.68057290641065, 1.60906397781069, 1.53212004930239, 1.44995806934191, 1.36279460880736, 1.27083966146626, 1.1743016367163, 1.07340029815612, 0.968371564580697, 0.859466183728342, 0.746940645048495, 0.631047640805229, 0.512039268579681, 0.390173699275757, 0.265714759327453, 0.138928593803694, 0.0100818367673361, 0.01, 0.193867399107077, 0.368817301556457, 0.534871328380143, 0.692052876985021, 0.840387938704411, 0.979905930798421, 1.11064041756382, 1.23262977401069, 1.34591775729679, 1.45055456604838, 1.54659714700017, 1.63410870253327, 1.71315741924999, 1.78381499448628, 1.84615936675885, 1.90027745467125, 1.94626485215881, 1.98422483540215, 2.01426506094729, 2.03649759426862, 2.05103638032361, 2.05799542768182, 2.05749711183408, 2.04967805513683, 2.03468730826061, 2.0126775142084, 1.98379822760087, 1.94820540268011, 1.90607030795619, 1.85757668048892, 1.80291516281816, 1.74227010439535, 1.67582686398472, 1.6037888793648, 1.52637575534321, 1.44381468365078, 1.35633249758889, 1.26414928573333, 1.16748347386706, 1.06656535617486, 0.961642248370984, 0.852977032825655, 0.740838590062236, 0.625491854089202, 0.507201133123958, 0.386237103930137, 0.262876391113198, 0.137398064025568, 0.0100817111125902, 0.01, 0.1948919126728, 0.370767541913166, 0.537649468731784, 0.695562129214738, 0.84453266829118, 0.984591808625453, 1.11577460373414, 1.23812113082952, 1.35167708735378, 1.45649489719354, 1.55263402948841, 1.64016048327538, 1.71914546795876, 1.78966385598004, 1.85179702836243, 1.90563574477308, 1.95127985000043, 1.98883722175696, 2.01842028380415, 2.0401460704667, 2.05413361428521, 2.06050199325038, 2.05937905683726, 2.0509075426644, 2.03524312015263, 2.01254519929832, 1.98296996720779, 1.94668032653299, 1.90385527420301, 1.85468686361294, 1.79937431990805, 1.73811037390003, 1.67108885667646, 1.59852243067353, 1.52064063257379, 1.43768088071186, 1.34988025755614, 1.25746893622926, 1.16067534851618, 1.0597403052527, 0.954922506409331, 0.846496957710139, 0.73474492292199, 0.619943573285002, 0.502369422931459, 0.382305649625175, 0.260041672756942, 0.135869483737245, 0.010081623692214, 0.01, 0.195913660676186, 0.37271252167028, 0.540420123649271, 0.699061940707832, 0.848666270193067, 0.989265138329771, 1.12089508521021, 1.24359788665547, 1.35742117572048, 1.46241959559352, 1.55865513039124, 1.64619656691244, 1.72511812789872, 1.79549785041462, 1.85742054557401, 1.91098080007126, 1.95628269374704, 1.99343868938444, 2.02256596040964, 2.04378649174174, 2.05722438766739, 2.06300377846506, 2.06125796630942, 2.05213578099957, 2.03579948646315, 2.01241523852347, 1.98214583661438, 1.94516110862478, 1.90164775559111, 1.85180612433184, 1.79584400163346, 1.73396248566886, 1.66636386515718, 1.59327000514765, 1.5149203525273, 1.43156253559107, 1.34344387272851, 1.25080461134989, 1.15388317886981, 1.05293088887706, 0.948217812967166, 0.840031068966945, 0.728664296072234, 0.614406898248986, 0.497547590833474, 0.378382047741829, 0.257212479769812, 0.134343798157409, 0.0100814949911815, 0.01, 0.196932650902281, 0.374652255569597, 0.543183314004056, 0.702552337641286, 0.852788775074068, 0.993925954252925, 1.12600189921489, 1.24906008081467, 1.36315006307199, 1.46832870254809, 1.5646604909461, 1.65221699397696, 1.73107543829097, 1.80131701513744, 1.86302995337235, 1.91631265275572, 1.96127341246067, 1.99802926394212, 2.02670211281072, 2.04741887639334, 2.06030871489248, 2.06550079379064, 2.06313384680429, 2.05336277296315, 2.03635640659016, 2.01228762795493, 1.98132582845708, 1.94364773819052, 1.89944773812708, 1.84893444569859, 1.79232418843939, 1.72982641786976, 1.66165186566278, 1.5880315775602, 1.50921488909755, 1.42545962194072, 1.33702331717788, 1.24415628625443, 1.14710694186503, 1.04613708652354, 0.941528150876856, 0.833579353649599, 0.722596701672914, 0.608881827133006, 0.492735641868758, 0.374466311116388, 0.254388833704469, 0.132821038476949, 0.0100813667622789, 0.01, 0.197948890436501, 0.376586757078957, 0.545939058944057, 0.706033344142375, 0.856900211343122, 0.998574288392804, 1.13109508064965, 1.25450775043697, 1.36886378810492, 1.47422225767663, 1.57065015107335, 1.65822180409562, 1.73701743789494, 1.80712138749251, 1.86862528717797, 1.92163133586129, 1.96625203637973, 2.0026089725004, 2.03082876458232, 2.05104324421679, 2.0633866116904, 2.0679930506296, 2.06500670521067, 2.05458852082466, 2.03691387816182, 2.01216236060686, 1.98050993121259, 1.94214019933016, 1.89725520177973, 1.84607180386024, 1.78881485300487, 1.72570214005718, 1.65695282497171, 1.58280711233494, 1.50352420484373, 1.4193721009809, 1.33061855132768, 1.23752392111901, 1.14034659799375, 1.03935885960121, 0.934853483098363, 0.827141776929221, 0.716542107780884, 0.603368331558423, 0.487933551908696, 0.370558420563855, 0.251570721017638, 0.131301197494353, 0.0100812388467418, 0.01, 0.198962386341475, 0.378516039622938, 0.548687377555762, 0.709504984261058, 0.861000607318273, 1.00321017264509, 1.13617466430466, 1.25994093253407, 1.37456238939308, 1.48010030047313, 1.57662415056745, 1.66421103677061, 1.74294416534888, 1.81291100470776, 1.87420658230212, 1.92693688232189, 1.97121859565131, 2.00717784204915, 2.03494593923081, 2.05465961495175, 2.06645809374954, 2.07048056035823, 2.0668765484073, 2.05581302686026, 2.03747189882982, 2.0120394295338, 1.97969813341489, 1.94063847621731, 1.89507012660714, 1.84321817506779, 1.78531596812647, 1.72158962191581, 1.65226671000449, 1.57759657404842, 1.49784826248723, 1.41329993410193, 1.32422953577817, 1.23090747630192, 1.13360210793403, 1.03259616970793, 0.928193772781743, 0.820718304167072, 0.710500482641931, 0.597866383333006, 0.483141297007326, 0.366658357077101, 0.248758128338243, 0.129784268173836, 0.0100811112443034, 0.01, 0.199973015550719, 0.380439866236138, 0.551427928143049, 0.712966820740267, 0.865089439354243, 1.0078330061539, 1.14123998129819, 1.26535889939321, 1.38024508960074, 1.4859620132043, 1.58258164054486, 1.67018382124211, 1.74885473731148, 1.81868498018024, 1.87977295823966, 1.932228427135, 1.97617225023123, 2.0117350669971, 2.03905287515625, 2.05826728057108, 2.06952251619588, 2.07296275085973, 2.06874288671392, 2.05703589358582, 2.03803017314868, 2.01191865122101, 1.97889037342119, 1.93914263910611, 1.89289272486993, 1.84037392376157, 1.78182806064216, 1.71748954665796, 1.64759433831307, 1.57240089255954, 1.49218808223007, 1.40724420992078, 1.31785740565075, 1.22430811152611, 1.12687463412194, 1.02585016014351, 0.921550122274371, 0.814309974969507, 0.704472781348293, 0.592376831267213, 0.478359597933755, 0.362766691633683, 0.245951455107238, 0.128270456675786, 0.0100809750877027, 0.01, 0.200980872421846, 0.382358418308894, 0.554160971804763, 0.716419187064813, 0.869167106002446, 1.01244324522302, 1.14629153837982, 1.27076220091369, 1.38591247449497, 1.49180801024116, 1.58852325673973, 1.67614080739453, 1.75474981062682, 1.82444397054968, 1.88532506430318, 1.93750660521047, 1.98111361360373, 2.01628123242119, 2.04315012209272, 2.06186674857571, 2.07258033740816, 2.07544002452758, 2.07060605975304, 2.05825739114967, 2.03858889517493, 2.01180013706741, 1.97808667345854, 1.9376526146232, 1.89072282125275, 1.8375387664088, 1.77835073257313, 1.71340140649465, 1.64293510767002, 1.56721938669585, 1.48654291951885, 1.40120413610438, 1.31150133645243, 1.21772498576665, 1.12016333464319, 1.01912000378595, 0.914921734961186, 0.8079160389701, 0.698458315538271, 0.586899064764031, 0.473587937622065, 0.358883016473172, 0.243150418648675, 0.126759621190552, 0.0100808452193284, 0.01, 0.20198596470931, 0.384271710593056, 0.556886529533741, 0.719862109713756, 0.87323363847648, 1.01704092505395, 1.15132937399972, 1.27615087806546, 1.39156458685031, 1.49763833546546, 1.59444904346608, 1.68208203932659, 1.76062942855232, 1.83018801763201, 1.89086294030744, 1.94277145384837, 1.98604272009254, 2.02081636924693, 2.04723770719063, 2.06545804200813, 2.07563157598826, 2.07791239521523, 2.07246607639812, 2.05947752329502, 2.03914806345527, 2.01168388040747, 1.97728702168375, 1.93616838586706, 1.88856039400073, 1.83471267667104, 1.77488395331271, 1.70932516691136, 1.63828898007298, 1.56205201546107, 1.4809127309271, 1.39517966739589, 1.30516128171371, 1.21115805196667, 1.11346816249319, 1.01240565436174, 0.908308566011656, 0.801536453520453, 0.692457045499409, 0.581433047804979, 0.468826284512773, 0.355007305268606, 0.240354998646396, 0.125251748193067, 0.0100807156864559, 0.01, 0.202988300026469, 0.386179757570612, 0.559604621936529, 0.723295614675754, 0.877289067407753, 1.02162608018651, 1.15635352587915, 1.28152497103458, 1.39720146861467, 1.50345303190168, 1.60035904416214, 1.68800756025461, 1.7664936334683, 1.83591716238327, 1.89638662523619, 1.94802300955824, 1.99095960328255, 2.02534050772402, 2.05131565699871, 2.06904118339426, 2.07867625011775, 2.08037987646333, 2.0743229453282, 2.06069629369951, 2.03970767660983, 2.01156987479807, 1.97649140663493, 1.93468993648586, 1.88640542208619, 1.83189562912338, 1.7714276933629, 1.70526079470605, 1.63365591904436, 1.5568987396041, 1.4752974750017, 1.38917076074783, 1.29883719741814, 1.20460726577381, 1.10678907363106, 1.00570706882788, 0.901710574100098, 0.79517117975874, 0.686468935594927, 0.575978748743738, 0.464074611722426, 0.351139536680313, 0.237565180090183, 0.123746829790303, 0.0100805865020079, 0.01, 0.203987885962143, 0.388082573676853, 0.562315269553189, 0.726719727855568, 0.881333423328725, 1.02619874504884, 1.16136403161733, 1.28688451987701, 1.40282316159999, 1.50925214243468, 1.60625330212494, 1.69391741325419, 1.77234246761683, 1.84163144562559, 1.90189615794542, 1.95326130872957, 1.99586429664772, 2.02985367800163, 2.0553839979767, 2.07261619518367, 2.08171437791577, 2.08284248176524, 2.07617667519107, 2.06191370602615, 2.04026773326097, 2.01145811381529, 1.97569981688629, 1.93321725018027, 1.88425788454958, 1.82908759842368, 1.76798192332193, 1.70120825678514, 1.62903588822574, 1.55175952000197, 1.46969711042457, 1.38317737325246, 1.29252903969156, 1.1980725829784, 1.10012602415686, 0.999024204278286, 0.895127718031225, 0.788820178944511, 0.680493950297835, 0.570536136029639, 0.4593328924465, 0.34727968942822, 0.234780948007481, 0.122244858102329, 0.0100804576648213, 0.01, 0.204984730080422, 0.389980173300001, 0.565018492856769, 0.730134475073384, 0.885366736672094, 1.03075895395652, 1.16636092869044, 1.29222956451745, 1.40842970748104, 1.51503570980846, 1.61213186050907, 1.69981164125892, 1.77817597310037, 1.84733090804591, 1.90739157716207, 1.9584863876305, 2.00075683354984, 2.03435591012717, 2.05944275649428, 2.07618309974863, 2.08474597743816, 2.08530022456629, 2.07802727460273, 2.06312976392299, 2.04082823203314, 2.01134859105446, 1.97491224104841, 1.93175031070411, 1.88211776050048, 1.82628855931384, 1.76454661388592, 1.69716752016553, 1.62442885138042, 1.54663431766284, 1.46411159601616, 1.37719946214581, 1.28623676480669, 1.19155395951867, 1.09347897031744, 0.992357017950212, 0.888559956747302, 0.782483412466586, 0.674532054199609, 0.565105178217143, 0.454601099969727, 0.343427742303073, 0.232002287475528, 0.120745825275407, 0.0100803291737335, 0.01, 0.205979100629134, 0.391873045084456, 0.567714953037702, 0.73354064221687, 0.889389870177158, 1.03530759866002, 1.17134509002721, 1.29756091124038, 1.4140218237215, 1.52080436533517, 1.61799526743315, 1.70569071217888, 1.78399454062687, 1.85301586618201, 1.91287312832562, 1.96369842371958, 2.00563732663474, 2.03884725514155, 2.06349192523948, 2.07974183472001, 2.08777093455508, 2.08775294229722, 2.07987453595063, 2.06434421821016, 2.04138888573766, 2.01124098492651, 1.97412832678997, 1.93028873872507, 1.87998464743094, 1.82349808999952, 1.76112132790842, 1.69313813632754, 1.61983435265295, 1.54152267350561, 1.45854047364826, 1.37123657446687, 1.27995992920161, 1.18505096547133, 1.08684750008175, 0.985705119996874, 0.882006926910202, 0.776160547846518, 0.668582950046736, 0.559685617646865, 0.449879020602677, 0.339583529969407, 0.229229085901454, 0.119249675850148, 0.0100802070957028, 0.01, 0.206971296049997, 0.393761794503654, 0.570405571191722, 0.736939474596169, 0.893404401963559, 1.03984659868846, 1.17631878517339, 1.30288118822547, 1.41960248003438, 1.52656137825394, 1.62384704940981, 1.71155836757434, 1.78980208459973, 1.85869036510147, 1.91834494502847, 1.96890159701977, 2.01050996031201, 2.04333185983575, 2.06753557142304, 2.08329634580902, 2.0907930315588, 2.09020421193562, 2.08172178907512, 2.065560109846, 2.04195240478646, 2.01113763368034, 1.97334999862784, 1.92883400353977, 1.87785951801075, 1.82071662517831, 1.75770592081211, 1.68911934015819, 1.61525096519, 1.53642245780128, 1.45298086964605, 1.36528505155665, 1.27369404820822, 1.17855824913647, 1.08022535370287, 0.979061479801786, 0.875461138541826, 0.769843948271628, 0.66263916672037, 0.554270461413783, 0.445160452168274, 0.335741953489437, 0.226457660097119, 0.11775445490852, 0.0100801773439497, 0.01, 0.207960509418532, 0.395644879483111, 0.573088141869111, 0.740328175161854, 0.897407015159149, 1.04437218912641, 1.18127787295353, 1.30818594982588, 1.42516699809767, 1.5323019093739, 1.62968227819848, 1.7174096619903, 1.79559369396861, 1.86434956011941, 1.92380228075094, 1.97409129100443, 2.0153702797419, 2.04780546261039, 2.07156965826306, 2.08684285265215, 2.09380877609217, 2.09265086072388, 2.08356621245615, 2.06677500023427, 2.04251676524343, 2.01103695980093, 1.97257615725117, 1.92738551587026, 1.87574232486942, 1.81794469129337, 1.75430152477794, 1.68511290151595, 1.61068112848968, 1.53133681167988, 1.44743665879162, 1.3593495338826, 1.26744456001703, 1.17208207846816, 1.07361966094229, 0.972433942706297, 0.868930831688528, 0.76354192639651, 0.656708767399249, 0.548867201153039, 0.440451992703406, 0.331908395255529, 0.223691854768273, 0.116262147418171, 0.0100800430531065, 0.01, 0.208947000341916, 0.397522784899774, 0.575763340879691, 0.743707576320986, 0.901398664434944, 1.04888541257939, 1.18622344958385, 1.31347631155268, 1.43071647841232, 1.53802700989516, 1.63550192142579, 1.7232454452294, 1.8013700867801, 1.86999404335815, 1.92924560774084, 1.97926786413416, 2.02021853570017, 2.05226821251234, 2.07559423892205, 2.09038131840868, 2.09681804719259, 2.0950926894783, 2.08540753465264, 2.06798855170863, 2.04308156932142, 2.01093851152891, 1.97180630311937, 1.92594273465674, 1.87363249176297, 1.81518168330835, 1.75090751240965, 1.68111817711603, 1.60612418990022, 1.52626507970679, 1.44190718951147, 1.3534293804089, 1.26121084082354, 1.16562185359507, 1.06702985257643, 0.965821976881506, 0.862415518691234, 0.757254045530688, 0.65079137317349, 0.54347552255231, 0.435753399316685, 0.328082690627769, 0.220931590361595, 0.114772765750684, 0.0100799153618581, 0.01, 0.209930764917087, 0.399395503395597, 0.578431157859219, 0.74707766515368, 0.905379334769305, 1.0533862523833, 1.19115549722506, 1.31875225486967, 1.43625090223835, 1.54373666138616, 1.6413059615044, 1.72906570111291, 1.80713124885183, 1.87562380324735, 1.93467491769774, 1.98443131208434, 2.02505472859822, 2.05672011463685, 2.07960932233725, 2.09391175505562, 2.0998208590771, 2.09752971388359, 2.08724577212289, 2.06920078088997, 2.0436468332783, 2.01084230428567, 1.97104045039616, 1.92450567247044, 1.87153002942245, 1.8124276099324, 1.74752389025967, 1.67713517126587, 1.6015801514571, 1.52120726169378, 1.43639245951286, 1.34752458689433, 1.25499288461239, 1.1591775669099, 1.06045591960313, 0.959225572167619, 0.855915188504467, 0.750980294043804, 0.644886972143539, 0.538095413762488, 0.431064660536206, 0.324264828847176, 0.218176857171712, 0.113286301597016, 0.010079787701126, 0.01, 0.210911815574171, 0.401263058717037, 0.581091626757339, 0.750438484701234, 0.909349077186699, 1.05787476644225, 1.1960740795647, 1.32401384816175, 1.44177034158571, 1.54943093842724, 1.64709447455246, 1.73487050629095, 1.81287725638189, 1.88123891457492, 1.94009028308076, 1.98958170403447, 2.02987892336105, 2.06116122873604, 2.08361496223029, 2.0974342094702, 2.10281725096649, 2.09996196471726, 2.0890809464882, 2.07041169960933, 2.04421255860239, 2.01074832871407, 1.97027857895018, 1.92307429907612, 1.86943489826455, 1.8096824230532, 1.74415060255079, 1.67316382143187, 1.5970489448369, 1.51616328456594, 1.43089239207539, 1.3416350741146, 1.24879061081482, 1.15274913766678, 1.05389778228103, 0.952644651047354, 0.849429767087511, 0.744720602651557, 0.638995501075751, 0.532726818899032, 0.426385729131842, 0.320454772651663, 0.215427629222868, 0.111802741588083, 0.0100796606299602, 0.01, 0.211890193885654, 0.403125530516164, 0.583744861813232, 0.753790180298572, 0.913308064628509, 1.06235115181825, 1.20097941430466, 1.32926132629732, 1.44727504502586, 1.55511009984284, 1.65286772621401, 1.74066012981466, 1.81860837843251, 1.88683964303771, 1.94549196287564, 1.99471928887675, 2.03469135537558, 2.06559177332662, 2.08761135693356, 2.10094885652235, 2.10580737098877, 2.10238956010391, 2.09091314266905, 2.07162135644837, 2.04477875447137, 2.01065655156473, 1.96952061343012, 1.92164850067556, 1.86734694978521, 1.80694594325638, 1.74078744279266, 1.66920389791934, 1.59253032106064, 1.51113288404041, 1.42540671165071, 1.33576055932549, 1.2426037335767, 1.1463362809952, 1.04735516082899, 0.946078942966003, 0.84295899727657, 0.738474731768433, 0.633116742163071, 0.527369546138333, 0.42171644347452, 0.316652394824435, 0.212683817932185, 0.110322039998588, 0.0100795355059709, 0.01, 0.212865906871489, 0.404982932135366, 0.586390881994833, 0.757132775843849, 0.917256325230754, 1.06681544019762, 1.20587153600118, 1.3344947260319, 1.45276505085646, 1.56077418483268, 1.65862575597233, 1.74643461085836, 1.82432465329775, 1.89242602550333, 1.95087999201581, 1.99984409914713, 2.03949205436759, 2.07001177496713, 2.09159852954055, 2.10445571558507, 2.10879123454236, 2.10481251123741, 2.09274236749673, 2.07282975379448, 2.04534541882687, 2.01056696637992, 1.96876654302507, 1.92022826218319, 1.86526616478323, 1.80421814744569, 1.73743438425827, 1.66525537067783, 1.58802424711819, 1.50611602458097, 1.41993538067597, 1.32990100347164, 1.23643221290149, 1.1399389565165, 1.04082801505902, 0.939528408536064, 0.836502841126537, 0.732242645560354, 0.627250662365172, 0.522023565920672, 0.417056778178757, 0.312857674856116, 0.209945408372891, 0.108844188192862, 0.0100794106940922, 0.01, 0.213839070362336, 0.406835492091883, 0.589030025362507, 0.760466715798686, 0.921194406717424, 1.07126827943271, 1.21075118950811, 1.33971488610402, 1.45824128859729, 1.56642421061181, 1.66436966567333, 1.75219513286067, 1.83002734299221, 1.89799939957112, 1.95625578073278, 2.00495761480141, 2.04428256715994, 2.0744228445462, 2.09557815226371, 2.10795651749532, 2.11177062839121, 2.10723265813556, 2.09457051164156, 2.07403883044584, 2.04591450152525, 2.0104814629554, 1.96801812617424, 1.91881513941756, 1.86319382527209, 1.80149997270563, 1.73409194802199, 1.66131827373228, 1.5835301990008, 1.50111155322866, 1.41447663173741, 1.32405412332047, 1.23027334879271, 1.13355414653034, 1.03431310863811, 0.932989691896806, 0.830057922382399, 0.726021046534193, 0.621394142116737, 0.516686035774076, 0.412404267033556, 0.309068621968434, 0.207210984373798, 0.107368443786242, 0.0100793167912071, 0.01, 0.214810528647032, 0.408684823782562, 0.591664599240984, 0.763794926237314, 0.925125778737109, 1.07571360757653, 1.21562270612046, 1.34492645589868, 1.46370865058518, 1.57206523734839, 1.67010460821777, 1.75794686638245, 1.83572156068563, 1.90356474599345, 1.96162410237314, 2.01006432683529, 2.04906702750111, 2.07882868372199, 2.09955342073292, 2.1114538787871, 2.11474751690967, 2.10965123996954, 2.09639801609496, 2.07524815630823, 2.04648466449498, 2.01039779378675, 1.96727220466249, 1.9174051505182, 1.86112530000084, 1.79878631310462, 1.73075472821772, 1.65738707606457, 1.57904269537086, 1.49611421322193, 1.40902552216681, 1.31821529564633, 1.22412284242351, 1.12717788156709, 1.02780680642104, 0.926459497226211, 0.823621289570842, 0.719807332612299, 0.615544933792068, 0.511355067581156, 0.407757386489378, 0.305284082244537, 0.204479766718648, 0.105894407333932, 0.0100792392017247, 0.01, 0.215780234623428, 0.410530826641835, 0.59429444324044, 0.767117180585865, 0.929050142174064, 1.08015104661679, 1.22048562257949, 1.35012888056726, 1.46916648404714, 1.57769650802201, 1.67582971602918, 1.76368882699999, 1.84140619882788, 1.90912082782962, 1.96698358436777, 2.01516272084393, 2.0538437729779, 2.08322747593823, 2.10352235842223, 2.11494565742414, 2.11771958699734, 2.11206583362959, 2.09822247426555, 2.07645546828835, 2.04705391516196, 2.01031436385338, 1.96652770804188, 1.91599778801913, 1.85906059553379, 1.79607763992479, 1.72742361155855, 1.65346303055862, 1.57456330606379, 1.49112584218138, 1.40358410825255, 1.312386746309, 1.21798304013611, 1.12081257936276, 1.02131154845642, 0.91994023783365, 0.817195280235616, 0.713603716567973, 0.609705076400615, 0.506032477597932, 0.403117681065978, 0.301505279493122, 0.201752609534434, 0.104422514309816, 0.0100791457667265, 0.01, 0.216747320463257, 0.412371845253223, 0.596917194596633, 0.77043048897376, 0.93296396029473, 1.08457659320354, 1.22533554917025, 1.35531746428816, 1.47460986732263, 1.58331295541326, 1.68153985662485, 1.76941589728199, 1.8470762353674, 1.91466279875342, 1.97232963649118, 2.02024854311263, 2.05860896683596, 2.08761588189413, 2.10748220400616, 2.11842975059035, 2.1206854748721, 2.11447582795194, 2.10004397548532, 2.07766150375672, 2.04762358652803, 2.01023304940142, 1.96578700340637, 1.91459585748795, 1.85700290360648, 1.79337747881394, 1.72410240538188, 1.64955017405291, 1.57009624527896, 1.48615077958848, 1.39815680273643, 1.3065729093159, 1.2118583452212, 1.11446256051313, 1.01483152067847, 0.913435913059794, 0.810783655222408, 0.707413668876538, 0.603877698186635, 0.500720999982827, 0.398487438990161, 0.297734004173788, 0.199030753683314, 0.102953404147342, 0.0100790226487212, 0.01, 0.217712669321118, 0.414209550902608, 0.599535217704145, 0.773737813883505, 0.936870698652047, 1.08899412094791, 1.23017667255746, 1.36049661178548, 1.48004332821491, 1.58891913544203, 1.68723951910068, 1.775132404586, 1.85273574103063, 1.92019437799258, 1.97766553164257, 2.0253245591798, 2.06336483920841, 2.09199556859957, 2.11143406448009, 2.12190673854571, 2.12364526755333, 2.11688085023344, 2.10186172091601, 2.07886507140117, 2.04819212852862, 2.01015197536593, 1.96504792444213, 1.91319693514423, 1.85494957683168, 1.79068299269719, 1.72078811688651, 1.64564539202267, 1.5656383108251, 1.48118576970946, 1.39274033052881, 1.3007705244404, 1.20574554655, 1.10812469722851, 1.00836371288987, 0.906943664587377, 0.804383742410958, 0.701234737955596, 0.598060602457906, 0.495418727287835, 0.39386507641636, 0.293969030407583, 0.196313365620831, 0.101486670008515, 0.0100789240976336, 0.01, 0.218673305919533, 0.416038249223554, 0.602140355296289, 0.777028791337288, 0.94075804274719, 1.09338962102206, 1.23499354577933, 1.36564969416331, 1.48544931210066, 1.59449682397383, 1.69291006603978, 1.78081955445757, 1.85836602058111, 1.92569722579884, 1.98297354185945, 2.03037387526251, 2.06809551980742, 2.09635187834655, 2.11536465224274, 2.12536483040677, 2.1265887972592, 2.11927248219525, 2.10366916824763, 2.08006163141514, 2.04875713045077, 2.01007098674456, 1.96431269847187, 1.91180575727977, 1.85290798719027, 1.78800431602271, 1.71749352790165, 1.6417637598948, 1.5612065169526, 1.47624941091363, 1.38735451947899, 1.29500029440942, 1.19966586714709, 1.10182037826614, 1.00192932503869, 0.900484149060745, 0.798015300692139, 0.695085430534631, 0.592270689406576, 0.490140598816049, 0.389263217433934, 0.290220312770891, 0.193607376123461, 0.100025864568996, 0.0100786703189943, 0.01, 0.219631362808952, 0.417862040945639, 0.604738511911517, 0.780310965314965, 0.944635011639114, 1.09777342320998, 1.23979764500285, 1.37078916964599, 1.49084109495796, 1.60005995046496, 1.69856591613591, 1.78649209062898, 1.86398197863018, 1.93118624354739, 1.9882684012242, 2.03541089416155, 2.07281491624053, 2.10069805972275, 2.11928639311715, 2.1288154655546, 2.12952635328795, 2.12165969946735, 2.1054738159574, 2.08125704174709, 2.04932264643615, 2.0099921706626, 1.96358128242806, 1.91041998752062, 1.85087334200077, 1.78533403689652, 1.71420869026952, 1.63789311882629, 1.55678682085606, 1.4713261032493, 1.38198253939514, 1.2892444857551, 1.19360099726974, 1.09553104463134, 0.995509875923035, 0.894039290156408, 0.791660985740193, 0.688949461429889, 0.586493060143813, 0.484873429121316, 0.384670717181815, 0.286479074127134, 0.190906702919437, 0.0985679275808729, 0.010078550313078
0, 0, 0, 0, 0, 0, 0, 0, 0, 0, 0, 0, 0, 0, 0, 0, 0, 0, 0, 0, 0, 0, 0, 0, 0, 0, 0, 0, 0, 0, 0, 0, 0, 0, 0, 0, 0, 0, 0, 0, 0, 0, 0, 0, 0, 0, 0, 0, 0, 0, 0, 0.564040422345489, 1.10459036263441, 1.6216489171951, 2.11521518436723, 2.585288264447, 3.03186725959909, 3.45495127373216, 3.85453941233661, 4.23063078228458, 4.58322449159454, 4.91231964916541, 5.21791536448735, 5.50001074733918, 5.75860490748426, 5.99369695437804, 6.20528599690147, 6.39337114313342, 6.55795150017439, 6.69902617403051, 6.81659426956404, 6.91065489051193, 6.98120713957043, 7.02825011853906, 7.05178292851438, 7.05180467012104, 7.02831444376605, 6.98131134990172, 6.91079448928298, 6.81676296320615, 6.69921587371745, 6.55815232378198, 6.39357141740514, 6.20547225970005, 5.99385395689543, 5.75871561627788, 5.5000563460617, 5.21787525517593, 4.91217145295412, 4.58294404870386, 4.23019215112193, 3.85391486750199, 3.45411130265367, 3.03078055740667, 2.58392172649965, 2.11353389553087, 1.61961613643339, 1.10216750055378, 0.561187007692616, -0.00332637195285834, 0, 0.563789945563446, 1.10412141029261, 1.62099302606995, 2.11440339805863, 2.58435108115654, 3.03083456485666, 3.45385227750501, 3.85340257916823, 4.22948376534161, 4.58209409356803, 4.91123176790228, 5.21689495598154, 5.4990817745132, 5.75779017393869, 5.99301798270583, 6.20476303301662, 6.39302320233499, 6.55779640106075, 6.69908046886254, 6.81687319967857, 6.91117225200862, 6.98197489159142, 7.02927817283432, 7.05307922816784, 7.05337533281258, 7.0301636346134, 6.98344082649014, 6.91320341775318, 6.81944807888819, 6.70217172440543, 6.56137124273929, 6.39704307744327, 6.2091833575128, 5.99778833419221, 5.76285455858142, 5.50437851242839, 5.22235643413983, 4.91678419386158, 4.58765717420858, 4.23497079343677, 3.85872090953295, 3.45890363136908, 3.03551509085014, 2.58855138634923, 2.11800847159466, 1.62388220250984, 1.10616858160152, 0.564863727136439, -3.63064316508677e-05, 0, 0.563137257600397, 1.10288147240823, 1.61923032904948, 2.11218142697428, 2.58173220903829, 3.02787991570462, 3.45062159826075, 3.84995409749656, 4.22587405538533, 4.57837799645237, 4.90746228113468, 5.2131231582191, 5.49535672058672, 5.7541585559314, 5.98952388285243, 6.20144793293137, 6.38992607698281, 6.5549537867906, 6.69652632170679, 6.81463880500914, 6.90928594767103, 6.98046127071036, 7.02815765838579, 7.05236823342571, 7.05308655064286, 7.03030577410142, 6.98401768715386, 6.91421351883029, 6.82088498776152, 6.7040245522988, 6.56362458756216, 6.39967610630634, 6.21216916479415, 6.00109419607296, 5.76644253955422, 5.508205319413, 5.226372918296, 4.92093459368153, 4.59187812239113, 4.23919139625783, 3.86286364622142, 3.4628848699591, 3.03924513847053, 2.59193442864039, 2.12094229815004, 1.62625803642937, 1.10787141635927, 0.565772621648409, -4.82633334160099e-05, 0, 0.562487710725761, 1.1016475667792, 1.61747628800798, 2.10997045161093, 2.57912638937918, 3.02494009458301, 3.44740724398998, 3.84652316244867, 4.22228284255463, 4.57468108066368, 4.90371239929192, 5.20937113480838, 5.49165136203528, 5.75054631271828, 5.986048605043, 6.19815088025468, 6.38684601277964, 6.55212704387452, 6.69398666163082, 6.81241732907142, 6.90741081512873, 6.97895690643107, 7.02704433520094, 7.05166223181866, 7.05280044198782, 7.0304481504078, 6.98459224309486, 6.91521868952385, 6.82231427564896, 6.70586702072154, 6.56586479993401, 6.40229319683573, 6.21513620094307, 6.00437844492231, 5.77000606808528, 5.51200521594346, 5.23036078899435, 4.92505543640188, 4.59606933530929, 4.2433828644719, 3.86697863849652, 3.46684055229599, 3.04295261948841, 2.59529869519367, 2.12386194307559, 1.62862508970691, 1.10957168044559, 0.566685965508442, -4.79397730897002e-05, 0, 0.561839857597033, 1.1004168780215, 1.61572681667914, 2.10776522920262, 2.57652733750064, 3.02200788948122, 3.44420118992146, 3.84310105105203, 4.21870082021981, 4.5709935704414, 4.89997199198765, 5.20562851521823, 5.48795520265089, 5.7469429368684, 5.98258174504416, 6.19486168833036, 6.3837731549853, 6.54930676380957, 6.69145264066815, 6.81020059870244, 6.90553947031685, 6.977455318077, 7.02593274020478, 7.05095689201396, 7.05251392137814, 7.03058903809882, 6.98516424307745, 6.91622026687084, 6.82373898185509, 6.70770398281742, 6.56809865604525, 6.40490315751727, 6.2180954160108, 6.00765428155915, 5.77356070493277, 5.51579585964416, 5.23433917110788, 4.9291666826996, 4.60025097800074, 4.24756493598883, 3.87108456561505, 3.47078766742798, 3.04665220118719, 2.59865589999464, 2.12677553550733, 1.63098727500566, 1.11126843833561, 0.567597343140206, -4.78635366146785e-05, 0, 0.561191412817048, 1.09918500606263, 1.613975571036, 2.10555764248637, 2.57392533361766, 3.019072148799, 3.4409910233365, 3.83967426015277, 4.215113565458, 4.56730029373913, 4.89622530867291, 5.20187914098957, 5.48425184664096, 5.74333196624704, 5.979106945752, 6.1915642764147, 6.38069187049719, 6.54647793239254, 6.68891003474585, 6.80797535115147, 6.90365978302842, 6.97594567920306, 7.02481352184719, 7.05024450840767, 7.05222110018443, 7.03072453660686, 6.98573194567577, 6.91721883957149, 6.82516219610152, 6.70954119912683, 6.57033475600118, 6.40751759682847, 6.22106128809697, 6.01093861143915, 5.77712533924891, 5.51959767970366, 5.23832959019907, 4.93329051087755, 4.60444543788633, 4.25175976369271, 3.87520290225057, 3.47474656813731, 3.05036267079263, 2.60202282107906, 2.12969740068016, 1.63335602116231, 1.1129697788776, 0.568511059797106, -4.79566484120619e-05, 0, 0.560544649597265, 1.09795632742204, 1.6122288610024, 2.10335576488644, 2.57133004475024, 3.01614396324614, 3.43778908872645, 3.83625621811214, 4.2115354205837, 4.56361633690132, 4.89248800978981, 5.19813907671868, 5.48055759281376, 5.73972976407449, 5.97564046511807, 6.18827462748556, 6.37761769758623, 6.54365547344834, 6.68637298349296, 6.80575477207948, 6.90178381522605, 6.97443875835872, 7.0236959854901, 7.04953275333908, 7.05192784787768, 7.03085854275448, 6.98629710529343, 6.9182138497678, 6.82658087835538, 6.71137297749022, 6.57256458555326, 6.41012500853399, 6.22401945749581, 6.0142146640604, 5.78068123374003, 5.52339041603166, 5.2423107073637, 4.93740494721524, 4.60863055042424, 4.25594543616917, 3.87931243402215, 3.47869718094361, 3.05406553956672, 2.60538299827723, 2.13261355079469, 1.63572025652398, 1.11466799033032, 0.569423207433112, -4.78795947700394e-05, 0, 0.559899567599756, 1.09673084153929, 1.61048668591011, 2.10115959573996, 2.56874147035097, 3.01322333249584, 3.43459538608326, 3.83284692532941, 4.20796638647967, 4.55994170135546, 4.88876009735368, 5.19440832503061, 5.47687244441676, 5.73613633421744, 5.97218230758928, 6.18499274649274, 6.37455064158828, 6.54083939256591, 6.68384149259766, 6.80353886708765, 6.89991157226879, 6.97293456050568, 7.02258013546658, 7.04882163020765, 7.0516341665988, 7.03099105715381, 6.98685972073759, 6.91920529409822, 6.82799502264061, 6.71319930882633, 6.57478813200836, 6.41272537587794, 6.22696990296045, 6.01748241318442, 5.78422835664041, 5.52717403079164, 5.24628247814072, 4.94150994008894, 4.61280625628843, 4.26012188580928, 3.8834130844259, 3.48263941981285, 3.05776071130367, 2.6087363245753, 2.13552386739022, 1.63807985053695, 1.1163629293968, 0.57033362935587, -4.78031179860228e-05, 0, 0.559252092373913, 1.09550069844241, 1.60873771919406, 2.09895463081435, 2.56614222744063, 3.01029029373569, 3.43138767166428, 3.82942215602074, 4.20438055419256, 4.55624909382948, 4.88501319259998, 5.19065772046647, 5.47316674807832, 5.73252183415024, 5.96870274020211, 6.18168930870666, 6.37146208463471, 6.53800207734443, 6.68128925370997, 6.80130293042651, 6.89802024958823, 6.97141248083893, 7.021447865245, 7.04809582919649, 7.05132784167293, 7.03111325876105, 6.98741466308671, 6.92019203417643, 6.82940777944771, 6.71502793081024, 6.57701801853021, 6.41533650588585, 6.22993591378972, 6.02077056798794, 5.7878001508111, 5.5309857485513, 5.2502849555722, 4.94564741782466, 4.61701540592655, 4.26433193201271, 3.88754668865046, 3.48661318257907, 3.06148519338027, 2.6121159638461, 2.13845671783745, 1.64045742110819, 1.11807051157619, 0.571250585676576, -4.80756366096902e-05, 0, 0.558606770680769, 1.09427465256865, 1.60699458388312, 2.09675702264638, 2.56355165898142, 3.00736704127254, 3.42819065204218, 3.82600878994766, 4.20080663759707, 4.55256872323606, 4.8812786604032, 5.1869194447836, 5.46947316337024, 5.72891906219845, 5.96523436096494, 6.17839637273298, 6.36838320682441, 6.53517349027438, 6.67874467260806, 6.79907347204351, 6.89613412223291, 6.96989422046752, 7.02031796290811, 7.04737088622504, 7.05102085571022, 7.03123331321985, 6.98796601757681, 6.92117381133096, 6.8308142826367, 6.71684910623949, 6.5792393732538, 6.41793812850231, 6.23289155812143, 6.02404763274614, 5.79136028354474, 5.53478539643346, 5.25427512469481, 4.94977252146774, 4.62121229448064, 4.26853002205179, 3.89166884407481, 3.49057621464618, 3.06519987709549, 2.61548695111257, 2.14138227866222, 1.64282928399722, 1.11977418957139, 0.572165663791631, -4.79771357599912e-05, 0, 0.557963207354007, 1.09305194767426, 1.60525619674444, 2.09456539510086, 2.56096813001983, 3.00445171541419, 3.4250022768594, 3.8226046201521, 4.19724230718878, 4.5488981715657, 4.87755402827461, 5.1831910050222, 5.46578921086273, 5.7253255864508, 5.96177481944355, 6.17511170354148, 6.36531192242601, 6.53235172880726, 6.67620606379566, 6.79684905733983, 6.89425204037875, 6.96837894822446, 7.01918994976695, 7.04664670884504, 7.05071350266542, 7.0313518680263, 6.98851475221346, 6.92215188097643, 6.83221604186812, 6.71866456582592, 6.58145411474047, 6.420532316987, 6.23583903078092, 6.02731589065672, 5.79491109317323, 5.53857533464547, 5.25825533432866, 4.95388755520279, 4.62539914825361, 4.27271827107545, 3.89578152134529, 3.49453030874034, 3.06890634383536, 2.61885062300538, 2.14430160832482, 1.6451961860759, 1.12147436524511, 0.573078887128945, -4.78960596614897e-05, 0, 0.557321397719137, 1.09183257487911, 1.60352254516042, 2.09237973228939, 2.55839162186055, 3.00154429511766, 3.42182252317802, 3.81920962224499, 4.19368753755977, 4.5452374128101, 4.87383927000731, 5.17947237515893, 5.46211486509012, 5.72174138235914, 5.95832409233404, 6.17183527936404, 6.36224821146235, 6.52953677499816, 6.67367341158297, 6.79462967307465, 6.89237399345886, 6.96686665644374, 7.01806382121366, 7.04592329559693, 7.05040578425566, 7.03146892811205, 6.98906087517752, 6.92312625449841, 6.83361307161444, 6.72047432697191, 6.58366226315321, 6.42311909414751, 6.23877835712947, 6.03057536947928, 5.79845260964469, 5.54235559508735, 5.26222561808186, 4.95799255411697, 4.62957600358309, 4.27689671641104, 3.89988475830116, 3.4984755025293, 3.07260463040692, 2.62220701478585, 2.14721473985462, 1.6475581574511, 1.12317106508925, 0.573990277872652, -4.78152249521191e-05, 0, 0.55668133712241, 1.09061652535048, 1.6017936165935, 2.09020001844204, 2.55582211597064, 2.99864475955141, 3.4186513683251, 3.81582377215951, 4.19014230368434, 4.54158642140459, 4.87013435989927, 5.1757635297347, 5.45845010120676, 5.71816642604552, 5.95488215704445, 6.16856707917458, 6.35919205471361, 6.52672861165726, 6.67114670101248, 6.79241530669261, 6.89049997151928, 6.96535733797093, 7.01693957301558, 7.04520064521854, 7.05009770217005, 7.03158449810452, 6.98960439401439, 6.92409694225252, 6.83500538485213, 6.72227840504019, 6.58586383598969, 6.42569847941953, 6.24170955836717, 6.03382609193035, 5.80198485688034, 5.54612620254043, 5.26618600124036, 4.96208754366035, 4.63374288574081, 4.2810653827684, 3.90397857867634, 3.50241181833484, 3.07629475727733, 2.62555614462945, 2.15012168869623, 1.6499152103904, 1.12486429774499, 0.574899840587443, -4.77345939202678e-05, 0, 0.556043020925292, 1.08940379028465, 1.6000693985474, 2.08802623784098, 2.55325959387863, 2.9957530879533, 3.41548878970362, 3.8124470459099, 4.18660658062161, 4.53794517187177, 4.86643927233691, 5.17206444337882, 5.45479489445424, 5.71460069371684, 5.95144899106424, 6.16530708202414, 6.35614343303197, 6.52392722166093, 6.6686259171864, 6.79020594569089, 6.88862996465062, 6.9638509856873, 7.01581720096627, 7.04447875646422, 7.04978925810448, 7.03169858262814, 6.99014531625665, 6.92506395457193, 6.83639299452621, 6.72407681535376, 6.5880588507004, 6.42827049218458, 6.24463265563332, 6.03706808065972, 5.80550785872957, 5.5498871817101, 5.27013650901107, 4.96617254920176, 4.63789981991584, 4.28522429477429, 3.90806300612229, 3.50633927839807, 3.0799767448359, 2.62889803063778, 2.15302247022542, 1.6522673570987, 1.12655407179814, 0.575807579791099, -4.76541661229568e-05, 0, 0.55540644450637, 1.0881943609104, 1.59834987857206, 2.08585837482661, 2.55070403718161, 2.99286925963833, 3.41233476480072, 3.80907941959984, 4.18308034352391, 4.53431363882963, 4.8627539818028, 5.16837509081615, 5.45114922016761, 5.7110441616701, 5.94802457196835, 6.16205526704356, 6.35310232734292, 6.5211325879515, 6.66611104526471, 6.78800157761569, 6.88676396298279, 6.96234759250276, 7.01469670087667, 7.04375762809421, 7.0494804537494, 7.03181118629051, 6.99068364940864, 6.92602730175066, 6.83777591353238, 6.72586957317725, 6.59024732466938, 6.43083515175038, 6.24754766998669, 6.04030135823087, 5.80902163895099, 5.55363855720788, 5.2740771665053, 4.97024759601398, 4.64204683120211, 4.2893734769626, 3.91213806420143, 3.51025790487647, 3.08365061339545, 2.63223269084462, 2.15591709976049, 1.6546146097354, 1.12824039580263, 0.576713499984815, -4.75739407889142e-05, 0, 0.554771603261249, 1.08698822848886, 1.59663504426339, 2.08369641379719, 2.54815542754475, 2.9899932539982, 3.40918927118707, 3.8057208694219, 4.17956356763616, 4.53069179699098, 4.85907846287504, 5.1646954468664, 5.44751305377479, 5.70749680629176, 5.94460887741663, 6.15881161344298, 6.35006871864478, 6.5183446935368, 6.66360207046482, 6.78580219006187, 6.88490195668472, 6.96084715135563, 7.01357806857497, 7.04303725887459, 7.04917129078975, 7.03192231368251, 6.99121940094669, 6.92698699404377, 6.8391541547174, 6.72765669371725, 6.59242927521456, 6.43339247735124, 6.25045462240597, 6.04352594712151, 5.81252622121295, 5.55738035355192, 5.27800799873929, 4.97431270927432, 4.64618394459883, 4.29351295377477, 3.91620377638752, 3.51416771984432, 3.08731638319261, 2.63556014321624, 2.15880559256245, 1.65695698041449, 1.12992327828048, 0.577617605652973, -4.74939171900557e-05, 0, 0.554138492602438, 1.08578538431329, 1.59492488326292, 2.08154033920847, 2.54561374670088, 2.98712505050075, 3.4060522865164, 3.80237137165695, 4.17605622829525, 4.52707962116277, 4.85541269022661, 5.16102548644352, 5.4438863707959, 5.70395860405715, 5.94120188515322, 6.15557610051128, 6.34704258800816, 6.5155635214897, 6.66109897806118, 6.78360777067261, 6.8830439359641, 6.95934965521244, 7.01246129990647, 7.04231764757722, 7.04886177090508, 7.03203196937832, 6.99175257831924, 6.92794304166769, 6.84052773087935, 6.7294381921227, 6.59460471958826, 6.43594248814858, 6.25335353379035, 6.04674186972415, 5.81602162909418, 5.56111259516767, 5.28192903063487, 4.97836791406523, 4.65031118501126, 4.29764274956052, 3.92026016606636, 3.51806874529326, 3.09097407438836, 2.6388804056518, 2.16168796383542, 1.65929448120484, 1.13160272772199, 0.578519901263327, -4.74140945566637e-05, 0, 0.553507107959244, 1.08458581970884, 1.59321938325756, 2.07939013557334, 2.54307897645007, 2.98426462868953, 3.40292378852496, 3.79903090267357, 4.1725583009295, 4.5234770862455, 4.85175663862477, 5.15736518455511, 5.4402691468427, 5.70042953152989, 5.93780357300605, 6.15234870761557, 6.34402391657552, 6.5127890549477, 6.65860175338484, 6.78141830713908, 6.88118989106707, 6.95785509706775, 7.01134639073346, 7.0415987929797, 7.04855189576947, 7.03214015793561, 6.99228318894703, 6.92889545480039, 6.84189665476794, 6.73121408348525, 6.59677367497758, 6.43848520323144, 6.25624442495999, 6.04994914834665, 5.81950788608432, 5.56483530638847, 5.28584028702008, 4.98241323537494, 4.65442857725121, 4.30176288857833, 3.92430725653626, 3.52196100313279, 3.09462370706849, 2.64219349598384, 2.16456422872694, 1.66162712413047, 1.13327875258599, 0.579420391267036, -4.73344721617641e-05, 0, 0.552877444669159, 1.0833895258272, 1.59151853168921, 2.07724578709831, 2.54055109823483, 2.98141196770948, 3.39980375451957, 3.79569943839037, 4.1690697605069, 4.51988416667941, 4.84811028238688, 5.15371451577972, 5.43666135712924, 5.69690956491772, 5.93441391849963, 6.14912941388281, 6.34101268531544, 6.51002127693605, 6.65611038171151, 6.77923378714942, 6.87933981228417, 6.95636347000311, 7.01023333704327, 7.04088069401856, 7.04824166724605, 7.03224688412714, 6.99281124048807, 6.92984424387576, 6.8432609394043, 6.73298438318046, 6.59893615886312, 6.44102064198864, 6.25912731703789, 6.05314780559966, 5.82298501597313, 5.56854851184241, 5.28974179300977, 4.98644869846788, 4.65853614639336, 4.30587339533368, 3.92834507132418, 3.52584451548037, 3.09826530150369, 2.64549943220434, 2.16743440251627, 1.66395492131699, 1.13495136140033, 0.580319080149514, -4.72550521886106e-05, 0, 0.552249498334383, 1.08219649432222, 1.5898223167122, 2.07510727888558, 2.53803009454984, 2.97856704788799, 3.39669216309416, 3.79237695609301, 4.16559058341896, 4.5163008383625, 4.84447359730188, 5.15007345616262, 5.43306297831433, 5.69339868183597, 5.93103290051653, 6.145918199739, 6.33800887642087, 6.50726017160704, 6.65362484932633, 6.777054199266, 6.87749369062833, 6.95487476765574, 7.00912213520172, 7.04016334982528, 7.04793108720669, 7.03235215254733, 6.99333674023592, 6.93078941878239, 6.84462059709273, 6.7347491057076, 6.60109218770329, 6.44354882265409, 6.2620022298728, 6.05633786271727, 5.82645304109132, 5.5722522346379, 5.29363357216117, 4.99047432703547, 4.66263391594705, 4.30997429279943, 3.93237363248382, 3.52971930306731, 3.10189887669381, 2.64879823117769, 2.17029849952632, 1.66627788413341, 1.13662056216482, 0.581215972125339, -4.71758216482598e-05, 0, 0.551623264438952, 1.08100671662297, 1.58813072616098, 2.07297459563369, 2.53551594741344, 2.97572984901399, 3.39358899225211, 3.78906343243367, 4.16212074538875, 4.51272707649619, 4.84084655843918, 5.14644198101014, 5.4294739863004, 5.68989685912627, 5.92766049714581, 6.1427150447918, 6.33501247125159, 6.5045057222903, 6.65114514172544, 6.77487953131652, 6.87565151645146, 6.95338898309283, 7.00801278110928, 7.03944675918083, 7.04762015729471, 7.03245596768918, 6.99385969551307, 6.93173098956785, 6.84597564042297, 6.73650826597183, 6.60324177847534, 6.44606976408587, 6.26486918403486, 6.0595193417411, 5.82991198464987, 5.5759464988212, 5.29751564901088, 4.99449014577394, 4.66672191043526, 4.31406560495254, 3.93639296304368, 3.53358538754967, 3.10552445249226, 2.65208991052966, 2.17315653472814, 1.66859602446213, 1.13828636323611, 0.582111071587634, -4.70967891373908e-05, 0, 0.550998737796551, 1.07982018286552, 1.58644374600207, 2.070847719646, 2.53300863596926, 2.97290034756996, 3.3904942163063, 3.78575884003772, 4.15866021782415, 4.50916285172615, 4.83722913611984, 5.14282006073566, 5.42589435200031, 5.68640406859211, 5.92429668143806, 6.1395199236584, 6.3320234462734, 6.50175790756648, 6.64867123984966, 6.77270976681566, 6.87381327608323, 6.95190610569858, 7.00690526737143, 7.03873091800838, 7.04730887678222, 7.03255833221047, 6.9943801123921, 6.93266896566493, 6.84732608205528, 6.73826187968453, 6.60538494974876, 6.44858348757043, 6.26772820340869, 6.06269226896378, 5.83336187509784, 5.57963133458904, 5.30138805496022, 4.99849618675948, 4.67080016207724, 4.31814736358378, 3.94040309376503, 3.53744279803671, 3.10914205572754, 2.6553744941846, 2.17600852851635, 1.67090935853567, 1.13994877604917, 0.583004384537626, -4.70180237354123e-05, 0, 0.550375889970916, 1.07863683866295, 1.58476129838271, 2.06872655208697, 2.53050804287856, 2.97007841018806, 3.38740768832603, 3.78246302086716, 4.15520883402163, 4.50560799110857, 4.83362115356487, 5.13920751710678, 5.42232389809782, 5.68292013618388, 5.92094128492171, 6.13633267571515, 6.3290416509382, 6.49901658917095, 6.64620301990026, 6.77054479763013, 6.87197887735259, 6.95042605954836, 7.00579953448996, 7.03801578331447, 7.0469972191848, 7.0326592365297, 6.99489799895762, 6.93360337349418, 6.84867196732664, 6.74001001162774, 6.60752178625669, 6.45109009835088, 6.27057941432611, 6.06585679230037, 5.83680288235511, 5.58330693161454, 5.30525099457522, 5.00249266459204, 4.67486889064284, 4.32221978871978, 3.94440423998101, 3.54129174019034, 3.1127518774046, 2.65865215351145, 2.17885462764218, 1.67321800349683, 1.14160788314348, 0.583895953915567, -4.69411816017562e-05, 0, 0.549754713141209, 1.07745666913995, 1.58308336213887, 2.06661106626808, 2.5280141366898, 2.96726400141061, 3.38432936959788, 3.77917593369435, 4.15176655096952, 4.50206245056416, 4.83002256632726, 5.13560430598924, 5.41876258144316, 5.67944502039317, 5.91759426835397, 6.13315326457415, 6.32606705226685, 6.49628173807281, 6.64374045731462, 6.76838460396119, 6.87014830535709, 6.94894883476671, 7.00469557766748, 7.03730135535369, 7.04668518972019, 7.03275869076762, 6.99541337018878, 6.93453423276748, 6.85001332036599, 6.7417526898769, 6.6096523195341, 6.45358963098603, 6.27342285395648, 6.0690129510479, 5.84023504730361, 5.58697333180697, 5.30910451024029, 5.00647962159292, 4.67892813785015, 4.32628292089649, 3.94839644043763, 3.54513225033787, 3.11635395079721, 2.66192291810084, 2.18169485738143, 1.67552197966832, 1.14326369924741, 0.584785788213557, -4.68646492168823e-05, 0, 0.549139107907234, 1.07628714708455, 1.58142065383509, 2.06451489411835, 2.52554313628371, 2.96447559865584, 3.38127966766088, 3.77591958775871, 4.14835665118202, 4.49855045744961, 4.82645821816518, 5.13203555909084, 5.41523549324112, 5.67600344346297, 5.9142796565336, 6.13000468908144, 6.32312129461665, 6.49357331559568, 6.641301501823, 6.76624479537288, 6.86833450096095, 6.94748437498428, 7.00360001470243, 7.03659059742957, 7.04637176847294, 7.03285170412056, 6.99591761279958, 6.93544965771135, 6.85133533277687, 6.74347253317809, 6.6117569452174, 6.4560606077934, 6.27623552110634, 6.07213657024415, 5.84363337089679, 5.59060506169993, 5.31292300373001, 5.01043168444057, 4.68295310493093, 4.33031288550174, 3.95235709424119, 3.54894335083044, 3.11992927100144, 2.66517010527482, 2.18451520673864, 1.67781029716911, 1.14490860501522, 0.585669988058481, -4.66183154826938e-05, 0, 0.548525172129544, 1.07512079688138, 1.57976245304203, 2.06242439905255, 2.52307881757035, 2.96169471896945, 3.37823816932182, 3.77267196823419, 4.14495584678216, 4.49504777939136, 4.82290326073058, 5.12847614057529, 5.41171753862697, 5.67257067992403, 5.91097342175594, 6.12686394761085, 6.32018273070087, 6.49087135702325, 6.63886819947571, 6.76410975684775, 6.86652451626872, 6.94602272759429, 7.00250621635215, 7.0358805316557, 7.04605795683131, 7.03294324474201, 6.99641931371071, 6.93636150425132, 6.85265277963928, 6.74518688586577, 6.61385522697079, 6.45852446187853, 6.27904036843871, 6.07525177214325, 5.84702279494735, 5.59422753261569, 5.3167320058324, 5.01437415335756, 4.68696851150837, 4.33433347149089, 3.9563087095922, 3.55274591902034, 3.12349673443971, 2.66841028046936, 2.18732956012499, 1.68009380935792, 1.14655007272953, 0.586552294613905, -4.65422556333861e-05, 0, 0.547912899532502, 1.07395760664916, 1.57810874294211, 2.06033955998459, 2.52062115585991, 2.95892133471795, 3.37520484465679, 3.76943304355032, 4.14156410518508, 4.49155438340781, 4.8193576612456, 5.12492601844869, 5.40820868696134, 5.66914670104634, 5.9076755377213, 6.12373101677795, 6.31725134049887, 6.48817584613162, 6.63644053825789, 6.76197948097479, 6.8647183489074, 6.94456389569415, 7.00141419154737, 7.03517117309171, 7.04574377621611, 7.03303334062618, 6.99691850766965, 6.93726981398657, 6.8539657094286, 6.74689580327535, 6.61594722695715, 6.46098126224972, 6.28183747184716, 6.07835863949448, 5.85040340897111, 5.59784084073245, 5.3205316192891, 5.01830713756379, 4.69097447319336, 4.33834480074002, 3.96025141447747, 3.55654008882991, 3.12705648078876, 2.67164358893989, 2.19013806819718, 1.68237267210924, 1.14818826329681, 0.587432873632982, -4.64660537582429e-05, 0, 0.54730228576049, 1.07279756812061, 1.57645951179969, 2.05826036215218, 2.51817013380225, 2.95615542639738, 3.3721796724352, 3.76620279116796, 4.13818140294916, 4.4880702455468, 4.81582139562211, 5.12138516884154, 5.4047089149382, 5.66573148441648, 5.90438598320431, 6.12060587680509, 6.31432710590401, 6.48548676669287, 6.63401850400758, 6.75985395582771, 6.86291598939507, 6.94310787245339, 7.00032393624679, 7.03446252055625, 7.04542922831375, 7.03312199631501, 6.99741520202936, 6.93817459695558, 6.85527413466961, 6.74859930017837, 6.6180329619388, 6.46343102745416, 6.28462685147967, 6.08145719379347, 5.85377523549876, 5.60144500928853, 5.32432186772352, 5.02223066075889, 4.69497101345077, 4.34234689612969, 3.96418523081504, 3.56032588081553, 3.13060852883816, 2.67487004730907, 2.19294074500885, 1.68464689649884, 1.14982318440315, 0.588311728999602, -4.6390041060107e-05, 0, 0.546693365341642, 1.07164074784702, 1.57481485568358, 2.05618692863445, 2.51572589897671, 2.95339716357245, 3.36916284168559, 3.76298141704868, 4.13480796042659, 4.48459559799443, 4.81229470530636, 5.11785383986646, 5.40121847473324, 5.6623252836542, 5.90110501061635, 6.11748877620719, 6.31141026881051, 6.48280435124086, 6.63160231713809, 6.75773338692165, 6.8611176256098, 6.94165482537225, 6.99923559476321, 7.0337546922983, 7.04511440237022, 7.03320926909232, 6.99790941912014, 6.93907583746288, 6.85657799849564, 6.75029727535098, 6.62011228313224, 6.46587356284607, 6.28740827333292, 6.08454716813627, 5.85713798112347, 5.60503972475676, 5.32810242387557, 5.02614438835056, 4.69895779675438, 4.34633942755948, 3.96810984026109, 3.56410299469966, 3.13415260267993, 2.67808941034645, 2.19573738231255, 1.68691631756089, 1.15145472065967, 0.589188801196809, -4.63115667421743e-05, 0, 0.546086168301242, 1.07048720371931, 1.57317485819006, 2.05411936657111, 2.51328857990148, 2.95064669397004, 3.3661545171667, 3.75976910079686, 4.13144396986892, 4.48113064343644, 4.80877780118755, 5.11433224836482, 5.39773758687848, 5.65892832070422, 5.89783284100241, 6.11437993278044, 6.30850104137957, 6.48012880389918, 6.62919217131125, 6.75561795501397, 6.85932342299963, 6.94020490218155, 6.99814929463143, 7.03304779310929, 7.04479937782184, 7.03329521040609, 6.99840117973448, 6.93997352289536, 6.85787725206225, 6.75198964084968, 6.62218506060932, 6.4683086979833, 6.29018153219227, 6.08762832822464, 5.86049138809091, 5.60862471153829, 5.33187299991755, 5.03004802591109, 4.7029345277022, 4.35032210423859, 3.97202496219145, 3.56787116555804, 3.13768845861625, 2.68130146111206, 2.19852779545499, 1.68918078845022, 1.15308276854752, 0.590064035549722, -4.62309434020591e-05, 0, 0.545480689639416, 1.06933692623178, 1.57153950580094, 2.05205765892324, 2.5108581565057, 2.94790399497129, 3.36315467418872, 3.75656581611945, 4.1280894038356, 4.47767535372603, 4.80527065483655, 5.11082036602881, 5.39426622358099, 5.65554056866592, 5.89456944869778, 6.11127932240357, 6.30559940130447, 6.47746010443073, 6.6267880485937, 6.75350764469115, 6.85753336892461, 6.93875809326579, 6.99706502944195, 7.03234181990015, 7.04448415495124, 7.03337982394131, 6.99889049095739, 6.94086766365441, 6.85917190892983, 6.75367641319557, 6.6242513136364, 6.47073645463544, 6.29294665203456, 6.09070069987699, 5.86383548363568, 5.61219999784307, 5.33563362459841, 5.033941602305, 4.70690123484814, 4.35429495394527, 3.97593062311459, 3.57163041811417, 3.14121611906424, 2.68450621920021, 2.20131200068902, 1.69144032155292, 1.15470733605752, 0.590937435124716, -4.61505587245892e-05, 0, 0.544876924329043, 1.06818990582631, 1.5699087849226, 2.05000178855561, 2.5084346086034, 2.94516904382558, 3.36016328791564, 3.75337153656489, 4.1247442347175, 4.47422970054012, 4.80177323764254, 5.10731816436593, 5.39080435686264, 5.65216200045546, 5.89131480785903, 6.10818692078394, 6.3027053261174, 6.4747982324506, 6.62438993092057, 6.75140244042753, 6.85574745065474, 6.93731438894433, 6.99598279274806, 7.03163676957583, 7.04416873407011, 7.03346311345081, 6.99937735998439, 6.94175827029891, 6.8604619828679, 6.75535760917537, 6.6263110618068, 6.47315685496524, 6.29570365730123, 6.09376430945315, 5.86717029561641, 5.61576561259354, 5.33938432747377, 5.03782514730332, 4.71085794775809, 4.35825800558096, 3.97982685077939, 3.57538077845515, 3.1447356079338, 2.68770370583314, 2.20409001603665, 1.69369493117139, 1.15632843325005, 0.591809005217015, -4.60704061673312e-05, 0, 0.544274867362252, 1.06704613298145, 1.56828268201362, 2.04795173839885, 2.50601791608636, 2.94244181787008, 3.3571803336074, 3.75018623578407, 4.12140843501268, 4.47079365566581, 4.7982855211063, 5.1038256149952, 5.38735195885518, 5.64879258909574, 5.88806889274505, 6.10510270372556, 6.2998187934405, 6.47214316765614, 6.62199780030061, 6.74930232676152, 6.85396565551334, 6.9358737795778, 6.99490257813136, 7.03093263905614, 7.04385311549119, 7.03354508267449, 6.99986179398393, 6.94264535334686, 6.86174748759197, 6.75703324550945, 6.62836432463607, 6.47556992104716, 6.29845257233604, 6.09681918320746, 5.87049585178006, 5.61932158459613, 5.34312513798061, 5.04169869055747, 4.71480469587902, 4.36221128793068, 3.98371367282264, 3.57912227256232, 3.1482469490374, 2.690893942146, 2.20686185944505, 1.69594463154749, 1.15794607014124, 0.592678751095898, -4.59904848293391e-05, 0, 0.54367451375019, 1.06590559821193, 1.56666118358414, 2.04590749144869, 2.5036080589231, 2.93972229452862, 3.35420578661876, 3.74700988752901, 4.11808197732495, 4.46736719099897, 4.79480747683883, 5.10034268964572, 5.38390900179883, 5.645432307715, 5.88483167771562, 6.10202664712768, 6.29693978098454, 6.46949488982572, 6.61961163881505, 6.74720728829458, 6.8521879708762, 6.93443625556747, 6.99382437920133, 7.03022942527538, 7.04353729952815, 7.03362573533932, 7.00034380009768, 6.94352892327589, 6.86302843676424, 6.75870333885286, 6.63041112156322, 6.4779756748689, 6.30119342138686, 6.09986534729064, 5.87381217976414, 5.62286794254369, 5.34685608543998, 5.04556226160225, 4.71874150854218, 4.3661548296664, 3.98759111677272, 3.58285492631521, 3.1517501660943, 2.69407694919127, 2.20962754879126, 1.69818943686747, 1.15956025670815, 0.5935466780101, -4.59107938134418e-05, 0, 0.543075858719326, 1.06476829242583, 1.56504427667828, 2.04386903133821, 2.50120501778563, 2.93701045195726, 3.35123962302819, 3.74384246622978, 4.11476483487257, 4.46395027898719, 4.79133907694117, 5.09686936047628, 5.38047545830432, 5.64208112975413, 5.88160313738664, 6.09895872709079, 6.29406826660827, 6.4668533788342, 6.61723142859195, 6.74511730962715, 6.85041438407173, 6.93300180722237, 6.99274818943224, 7.02952712499182, 7.04322128628022, 7.03370507492202, 7.00082338518377, 6.94440899024988, 6.86430484370639, 6.76036790549687, 6.63245147164384, 6.48037413801866, 6.30392622828993, 6.10290282743386, 5.87711930678303, 5.62640471470701, 5.35057719875634, 5.04941588956566, 4.72266841468617, 4.37008865908615, 3.99145920980732, 3.58657876527061, 3.15524528253368, 2.69725274776872, 2.21238710174165, 1.70042936115366, 1.16117100281532, 0.594412791152024, -4.58313276674449e-05, 0, 0.542477621345458, 1.06363174102532, 1.56342838027447, 2.04183175787016, 2.49880326054576, 2.93429991333634, 3.34827470855652, 3.74067616736945, 4.11144862011395, 4.46053403626582, 4.78787102940874, 5.09339601400401, 5.37704148056033, 5.63872906020544, 5.87837321665155, 6.09588891547035, 6.29119433615344, 6.46420892151696, 6.61484774444643, 6.74302334052227, 6.84863630681512, 6.93156239521182, 6.99166660538356, 7.02881905752779, 7.0428992046463, 7.03377812669381, 7.00129655765202, 6.94528263250783, 6.86557494310901, 6.76202642316973, 6.63448618221677, 6.48276753399675, 6.30665471921022, 6.10593693890759, 5.88042422360197, 5.62994065372773, 5.35429907884275, 5.05327211005124, 4.72659997103636, 4.37402944036173, 3.99533631487107, 3.5903129587573, 3.15875137813049, 2.70043943220014, 2.21515673129784, 1.7026778402442, 1.16278807130675, 0.595282284518344, -4.60228982116506e-05, 0, 0.541879563990291, 1.06249554656718, 1.56181301495744, 2.03979518748891, 2.4964023773372, 2.93159042031546, 3.34531101419128, 3.73751126908958, 4.10813399615303, 4.45711958870017, 4.78440500065593, 5.08992493496689, 5.37361004942742, 5.63537985387109, 5.87514652205171, 6.09282274832132, 6.28832442277173, 6.46156870807043, 6.61246839270899, 6.74093366252786, 6.84686235500174, 6.93012682892192, 6.99058848902799, 7.02811399649147, 7.04257959887363, 7.03385306453693, 7.00177098000077, 6.94615686008913, 6.86684495142559, 6.76368417358658, 6.63651945910147, 6.48515885156085, 6.30938052464785, 6.1089678127132, 5.88372542044199, 5.63347246775721, 5.35801651049868, 5.05712364323819, 4.7305266918838, 4.37796534047267, 3.99920860558503, 3.59404252528744, 3.1622531580901, 2.70362223616356, 2.21792304136208, 1.70492368999003, 1.16440333169353, 0.596150923012917, -4.59833784134389e-05, 0, 0.541283676079677, 1.06136347342547, 1.56020350557156, 2.03776599103072, 2.4940101705084, 2.92889069227316, 3.34235796185535, 3.73435768136616, 4.10483114652017, 4.4537171788666, 4.78095107778445, 5.08646584045619, 5.37019029745679, 5.63204184423282, 5.87193037344224, 6.08976631728368, 6.285463285956, 6.45893620467341, 6.61009561979233, 6.73884937607645, 6.84509255690868, 6.9286941383001, 6.98951194574525, 7.02740919639414, 7.04225894624436, 7.03392566212503, 7.00224179588659, 6.94702626014912, 6.86810897275655, 6.76533485120054, 6.63854466049562, 6.48754118602109, 6.31209655034347, 6.11198823827342, 5.88701564360145, 5.63699293314751, 5.36172237331129, 5.06096354514235, 4.73444188286296, 4.38188998782269, 4.0030701062404, 3.59776195813113, 3.16574565774189, 2.70679681012748, 2.22068237061389, 1.70716401034147, 1.16601471825029, 0.597017548289678, -4.58906654506874e-05, 0, 0.540689500642845, 1.06023465546847, 1.55859862463326, 2.03574262746738, 2.49162483329026, 2.92619870449782, 3.33941335668523, 3.73121308696418, 4.10153767937614, 4.45032438807341, 4.7775068629833, 5.08301640125355, 5.36678001172209, 5.62871298233711, 5.86872293348833, 6.08671804425081, 6.28260965439861, 6.45631046136995, 6.60772877934693, 6.73677012041861, 6.84332681941417, 6.92726447987478, 6.98843736366773, 7.02670525885969, 7.04193804369977, 7.03399689352117, 7.00271013826504, 6.94789210622658, 6.8693684028423, 6.76697995553149, 6.64056337125853, 6.48991618910872, 6.31480449637914, 6.11499994543148, 5.89029663403697, 5.64050378330551, 5.36541837447845, 5.0647934781053, 4.73834714280879, 4.38580489905313, 4.00692223256943, 3.60147255337457, 3.16923003478389, 2.70996415466554, 2.22343554376525, 1.70939943140587, 1.16762264773401, 0.597882345007481, -4.58109515805161e-05, 0, 0.540095537864357, 1.05910625709136, 1.55699436477347, 2.03372008168867, 2.48924050685088, 2.9235079184496, 3.33647014443893, 3.72807007993461, 4.09824600104672, 4.44693359888719, 4.77406487900721, 5.07956944422784, 5.36337248712, 5.62538719500428, 5.86551892479623, 6.08367351605101, 6.27975995446242, 6.45368871856116, 6.60536590027569, 6.73469468740547, 6.84156467180007, 6.9258380948388, 6.98736567031392, 7.0260037720837, 7.04161911440462, 7.03406959113234, 7.0031794046275, 6.94875829852077, 6.87062758205736, 6.76862420455818, 6.64258062438617, 6.49228914622484, 6.31750983789805, 6.11800853634383, 5.89357405813342, 5.64401068604637, 5.36911012045335, 5.06861892444047, 4.74224776711688, 4.38971511982997, 4.01076971767131, 3.60517866869464, 3.17271020861331, 2.7131276880473, 2.22618541511251, 1.71163218065805, 1.16922865794837, 0.598746098445274, -4.57743512217723e-05, 0, 0.539503213775225, 1.05798097245574, 1.55539453038379, 2.03170311041489, 2.4868627423366, 2.92082452179573, 3.33353499139553, 3.72493564725396, 4.09496326128376, 4.44355196590351, 4.77063212735168, 5.07613165981586, 5.35997394506426, 5.6220700766496, 5.86232315678036, 6.08063669489156, 6.27691733241956, 6.45107333859545, 6.60300859297703, 6.73262396744424, 6.83980631647996, 6.9244145296121, 6.98629578804919, 7.02530306625616, 7.04129992819548, 7.03414099624631, 7.00364635146154, 6.94962116419859, 6.87188246371692, 6.77026323317607, 6.64459179177159, 6.49465522165484, 6.32020758692501, 6.12100892605786, 5.89684278918837, 5.64750852813112, 5.37279256667795, 5.07243496350101, 4.74613901427943, 4.39361614297529, 4.01460834385862, 3.60887643103058, 3.17618270592304, 2.71628439184767, 2.22892947623517, 1.71386031479516, 1.170831425817, 0.59960816086469, -4.56981399132861e-05, 0, 0.538912523651495, 1.05685879254193, 1.55379910857631, 2.02969169731597, 2.48449152039832, 2.9181484925866, 3.33060787341691, 3.72180976299858, 4.09168943276967, 4.44017946078862, 4.76720857902804, 5.072703018716, 5.35658435627174, 5.61876159832366, 5.85913560110813, 6.0776075533043, 6.27408176187618, 6.44846429632555, 6.60065683368242, 6.73055793825983, 6.83805173282173, 6.92299376535227, 6.98522769990232, 7.02460312629538, 7.04098047183938, 7.03421109741826, 7.00411096908485, 6.95048069530361, 6.8731330414848, 6.77189703652497, 6.64659686986973, 6.49701441298252, 6.32289774193544, 6.12400111363761, 5.90010282649522, 5.65099730870861, 5.37646571178662, 5.07624159304905, 4.75002088082593, 4.3975079633896, 4.01843810397821, 3.61256583072911, 3.17964751410723, 2.71943425006037, 2.23166770727661, 1.71608380965368, 1.17243092240984, 0.600468498108581, -4.56221630967812e-05, 0, 0.538323453181794, 1.05573969001077, 1.55220806026714, 2.02768579284466, 2.48212678230405, 2.91547976417946, 3.32768871721694, 3.71869234849745, 4.08842443269559, 4.43681599782913, 4.7637941466352, 5.06928343303709, 5.35320363354831, 5.61546167470015, 5.85595617545998, 6.07458601307995, 6.27125316979929, 6.44586152492317, 6.59831056275693, 6.72849654838188, 6.83630087852531, 6.92157576993243, 6.98416138485757, 7.02390394317203, 7.04066074838736, 7.03427990914264, 7.00457328282936, 6.95133692738835, 6.87437936044858, 6.77352566850346, 6.6485959206497, 6.49936678948152, 6.32558037869094, 6.12698518045062, 5.90335425587168, 5.65447711666185, 5.38012964634574, 5.0800389039646, 4.75389345657763, 4.40139066842725, 4.02225908148137, 3.6162469458806, 3.18310470443161, 2.7225773256676, 2.23440016147449, 1.71830270725943, 1.17402717707057, 0.601327125367519, -4.55468548886673e-05, 0, 0.537735460402092, 1.05462263557146, 1.55061992347521, 2.02568355696457, 2.47976636459394, 2.9128159043181, 3.32477487636332, 3.71558059775332, 4.08516535009885, 4.4334586156826, 4.76038587301992, 5.06587000436501, 5.34982899175827, 5.61216768844524, 5.85278248479612, 6.07156995593078, 6.26842976907504, 6.44326362283454, 6.59596878017314, 6.72643917767652, 6.834553491485, 6.92016061740886, 6.98309723120584, 7.02320619742514, 7.04034170738768, 7.03434862554193, 7.0050347069864, 6.95219147041334, 6.87562320158998, 6.77515105643151, 6.65059099307322, 6.50171449703729, 6.32825771523751, 6.12996339188157, 5.90659936515394, 5.65795023736461, 5.38378662835838, 5.08382910198474, 4.75775887011033, 4.40526628457777, 4.02607317582363, 3.61992152394219, 3.18655584738733, 2.72571498723285, 2.23712798050317, 1.7205178974324, 1.17562080279795, 0.602184353850252, -4.5487771518582e-05, 0, 0.537149040813227, 1.05350857008694, 1.54903603428649, 2.02368667084475, 2.4774122433785, 2.91015913391006, 3.32186876641218, 3.71247707081684, 4.08191483936327, 4.43011001289571, 4.75698645071051, 5.06246536901544, 5.34646296080573, 5.60888201284339, 5.84961669555049, 6.06856129118363, 6.26561316163908, 6.44067183429207, 6.59363235868286, 6.72438634943189, 6.83280976783621, 6.9187481990952, 6.98203484773353, 7.02250923756048, 7.04002245928456, 7.03441614122497, 7.00549394259448, 6.95304285410586, 6.87686294552644, 6.77677145399083, 6.6525802360521, 6.50405560194225, 6.33092775736191, 6.1329337152751, 5.90983610526667, 5.66141462733604, 5.38743464195859, 5.08761022089141, 4.76161522688708, 4.40913301099117, 4.02987870182636, 3.62358801737416, 3.18999955503582, 2.72884602838312, 2.23985016151685, 1.72272860281008, 1.17721126966629, 0.603039923022272, -4.54140966881234e-05, 0, 0.536564191710954, 1.05239748841512, 1.54745638538698, 2.02169512526396, 2.47506440779173, 2.90750944070349, 3.31897037397957, 3.70938175341877, 4.07867288557214, 4.42677017413139, 4.75359586416372, 5.05906951143799, 5.3431055253253, 5.60560463289453, 5.84645879324308, 6.06556000500475, 6.2628033343999, 6.43808614701235, 6.59130128686573, 6.72233805315494, 6.83106969811416, 6.91733850667172, 6.98097422734144, 7.02181305772276, 7.03970299945913, 7.03448245280623, 7.00595098753476, 6.95389107764311, 6.87809859270397, 6.7783868628378, 6.65456365238315, 6.50639010804419, 6.33359050983115, 6.13589615612995, 5.91306448220664, 5.66487029282769, 5.3910736934146, 5.09138226674352, 4.76546253253052, 4.41299085259678, 4.03367566344491, 3.62724642885914, 3.19343582848346, 2.73197044834906, 2.2425667015693, 1.72493481796285, 1.17879856945366, 0.60389382155983, -4.53405659899264e-05, 0, 0.53598091221021, 1.05128938888246, 1.5458809744106, 2.01970891725807, 2.47272285436314, 2.90486682080872, 3.3160796948374, 3.7062946410647, 4.07543948402571, 4.42343909453212, 4.75021410839568, 5.05568242653525, 5.33975668010845, 5.60233554326569, 5.84330877237188, 6.06256609164793, 6.26000028125888, 6.4355065543996, 6.58897555767053, 6.72029428158432, 6.82933327512812, 6.91593153329703, 6.97991536375358, 7.02111765235612, 7.03938332319242, 7.03454755652044, 7.00640583914661, 6.9547361396109, 6.87933014303091, 6.77999728424173, 6.65654124471884, 6.50871801937602, 6.33624597800627, 6.13885072101891, 5.91628450358883, 5.6683172423144, 5.3947037918827, 5.09514524921235, 4.76930079705798, 4.41683981955382, 4.03746407074858, 3.63089676812338, 3.19686467685446, 2.73508825539852, 2.24527760781559, 1.72713654867023, 1.18038270629824, 0.604746051693289, -4.52671236408353e-05, 0, 0.53539920898418, 1.05018428411597, 1.54430981921834, 2.01772806920098, 2.47038760925629, 2.90223130345215, 3.31319676054296, 3.70321576690387, 4.07221466871731, 4.4201168081767, 4.74684121679903, 5.05230414622684, 5.33641645480781, 5.59907477053649, 5.84016665561151, 6.05957956902839, 6.25720401449307, 6.43293306218315, 6.58665517020231, 6.71825502795983, 6.82760048705328, 6.91452726288473, 6.97885823736998, 7.02042299904125, 7.03906340590768, 7.03461142629861, 7.00685847056927, 6.95557801305191, 6.88055757009005, 6.78160269292951, 6.65851298929533, 6.51103931380445, 6.33889414146079, 6.14179739124082, 5.91949615240815, 5.67175546044753, 5.39832492363566, 5.09889915616902, 4.77313000991443, 4.42067990282521, 4.04124391613773, 3.63453902890528, 3.20028609512077, 2.73819944563669, 2.24798287739203, 1.72933379299203, 1.18196367907325, 0.605596612998596, -4.51936018881494e-05, 0, 0.534819033592176, 1.04908208112454, 1.542742786158, 2.01575241066657, 2.46805846915406, 2.89960265630185, 3.31032131361613, 3.7001448521616, 4.06899814341454, 4.41680300519172, 4.74347686965185, 5.04893434470669, 5.33308452127853, 5.59582198794197, 5.83703212124983, 6.05660012410922, 6.2544142333094, 6.43036538532789, 6.58433985865306, 6.71622004914954, 6.82587111690873, 6.91312550806107, 6.97780269378881, 7.01972897962303, 7.0387431689103, 7.03467402610599, 7.00730889165379, 6.95641675690047, 6.88178098499752, 6.78320325523533, 6.660479105838, 6.51335425780688, 6.34153530668425, 6.14473650645849, 5.92269979457777, 5.67518533244205, 5.40193748624016, 5.10264439059312, 4.77695057254378, 4.42451149531287, 4.0450155769194, 3.63817356582755, 3.20370040812088, 2.7413043070259, 2.25068275428919, 1.73152674383979, 1.18354162249852, 0.606445574889809, -4.51230084231868e-05