-0.59726, -0.597096734693878, -0.596933469387755, -0.596770204081633, -0.59660693877551, -0.596443673469388, -0.596280408163265, -0.596117142857143, -0.595953877551021, -0.595790612244898, -0.595627346938776, -0.595464081632653, -0.595300816326531, -0.595137551020408, -0.594974285714286, -0.594811020408164, -0.594647755102041, -0.594484489795919, -0.594321224489796, -0.594157959183674, -0.593994693877551, -0.593831428571429, -0.593668163265307, -0.593504897959184, -0.593341632653062, -0.593178367346939, -0.593015102040817, -0.592851836734694, -0.592688571428572, -0.59252530612245, -0.592362040816327, -0.592198775510205, -0.592035510204082, -0.59187224489796, -0.591708979591837, -0.591545714285715, -0.591382448979593, -0.59121918367347, -0.591055918367348, -0.590892653061225, -0.590729387755103, -0.59056612244898, -0.590402857142858, -0.590239591836736, -0.590076326530613, -0.589913061224491, -0.589749795918368, -0.589586530612246, -0.589423265306123, -0.589260000000001, -0.59726, -0.59573532737968, -0.591596860999194, -0.584953843609994, -0.575915644507052, -0.564591759524616, -0.551091811034746, -0.535525547947747, -0.518002845713906, -0.498633706326149, -0.47752825832337, -0.454796756794243, -0.430549583381385, -0.404897246285807, -0.377950380271551, -0.349819746670497, -0.320616233387287, -0.290450854904355, -0.259434752287033, -0.22767919318873, -0.195295571856184, -0.162395409134759, -0.129090352473823, -0.0954921759321751, -0.0617127801835485, -0.0278641925221774, 0.00594143313155805, 0.0395918162254104, 0.0729745495694661, 0.105977099330268, 0.138486805024861, 0.17039087951477, 0.201576408999912, 0.231930353012456, 0.261339544410641, 0.289690689372562, 0.316870367389944, 0.342765031261911, 0.36726100708876, 0.390244494265767, 0.411601565477007, 0.431218166689225, 0.448980117145743, 0.464773109360409, 0.478482709111601, 0.489994355436271, 0.499193360624033, 0.505964910211294, 0.51019406297542, 0.511765750928938, -0.59726, -0.595747247836283, -0.591641900082638, -0.585050592038704, -0.57608014922897, -0.564837589261817, -0.551430124528274, -0.535965166338346, -0.518550330160806, -0.499293441910848, -0.478302546213326, -0.455685884386015, -0.431551904692469, -0.406009277978158, -0.379166916562841, -0.351134002532976, -0.322019994118087, -0.29193483384594, -0.260988864323123, -0.229292932343925, -0.196958172893121, -0.16409591355441, -0.130817720526951, -0.0972353971854408, -0.0634610015361295, -0.0296068180788441, 0.00421466364236656, 0.037890763194273, 0.0713085865049796, 0.104355029829713, 0.136916791433673, 0.168880357955267, 0.200131990285189, 0.230557725546954, 0.260043399524933, 0.288474654416778, 0.315736945634485, 0.341715547468172, 0.366295547009556, 0.389361845397367, 0.410799160387866, 0.430492030392148, 0.448324796642079, 0.464181604444366, 0.477946404319728, 0.489502954595392, 0.498734823726184, 0.505525392223358, 0.509757854163917, 0.511315224759417, -0.59726, -0.595771422108773, -0.591733177490374, -0.585246558152702, -0.57641317627215, -0.565334969861585, -0.552114210985772, -0.536853518350283, -0.519655873240983, -0.500624638649642, -0.479863584427717, -0.457476820355325, -0.433568827403144, -0.40824450530757, -0.381609230200198, -0.353768940687901, -0.324830161080617, -0.294900634641989, -0.264089056253676, -0.232505388279245, -0.200260204244971, -0.167464404104025, -0.134229354795446, -0.100666885845103, -0.0668893431765077, -0.0330095021244347, 0.000859497501810406, 0.0346041944264234, 0.0681107363734924, 0.101264892493896, 0.133952088849453, 0.166057365728779, 0.197465335735093, 0.228060189983319, 0.257725766240932, 0.286345572436295, 0.313802807307448, 0.339980377580272, 0.364760879420712, 0.388026602223166, 0.409659536461444, 0.429541385944426, 0.447553513600667, 0.463576945284665, 0.47749237323431, 0.489180163915358, 0.498520365062967, 0.505392711533721, 0.509676629889288, 0.511251261407869, -0.59726, -0.595795464058891, -0.591823923426091, -0.585441324449439, -0.576744063578736, -0.565828996850048, -0.552793453627582, -0.537735257669277, -0.520752753786883, -0.501944839834854, -0.481411008827409, -0.459251303335878, -0.435566301768181, -0.410457197963842, -0.384025897972603, -0.356375164058235, -0.327608662934452, -0.297832024865866, -0.26715236936925, -0.235678831416394, -0.20352146559395, -0.170790784902071, -0.137597867438237, -0.10405447884156, -0.0702731640994495, -0.0363671678524754, -0.00245025734388836, 0.0313633493590073, 0.0649588661988888, 0.0982209608387716, 0.13103381384896, 0.163281044041029, 0.194845641162771, 0.225609976817057, 0.255455890389617, 0.284264755866897, 0.311917516254352, 0.338294712144285, 0.363276450437126, 0.386742410654427, 0.408571858222885, 0.428643664889677, 0.446836218036449, 0.463027427004018, 0.477094728835735, 0.488915101397155, 0.498365075092776, 0.505320742603048, 0.509657766510641, 0.511251417728009, -0.59726, -0.595819121368084, -0.591913191442862, -0.585632871973913, -0.57706940473403, -0.566314624829374, -0.553460979978508, -0.538601560078809, -0.521830134607828, -0.503241197500345, -0.482930026300311, -0.460992657930553, -0.437525830190802, -0.412627093456598, -0.386394947011971, -0.358929041110743, -0.330330258271156, -0.300702198926964, -0.270150476745219, -0.238783453798256, -0.206710705934055, -0.174042397583416, -0.140889357129009, -0.107363325000506, -0.0735770850887736, -0.0396443891033194, -0.00567966819810498, 0.0282020674939722, 0.0618851155104903, 0.0952530605823818, 0.128188857423886, 0.160574774576687, 0.19229225069538, 0.223221910681467, 0.253243669295562, 0.282236841024443, 0.310080188181175, 0.336651960748281, 0.361829852111344, 0.385491007878397, 0.407512044747867, 0.427769079025648, 0.446137599378557, 0.462492475643742, 0.476707966825549, 0.488657739513157, 0.49821488422743, 0.50525192900479, 0.509640850034325, 0.511253125475719, -0.59726, -0.595840774347871, -0.591994834489702, -0.585807953202651, -0.577366613181854, -0.566758024200669, -0.55407014794447, -0.539391736104761, -0.52281237854317, -0.504422561081151, -0.484313741756976, -0.462578348010509, -0.439309673597497, -0.414602022474724, -0.388550885086283, -0.361253198614159, -0.33280746927932, -0.303315685201816, -0.272882358315272, -0.241614945065174, -0.209622395755055, -0.177014377654883, -0.143901321577764, -0.110394794449011, -0.0766076719156904, -0.0426540635674063, -0.0086489140132867, 0.0252921261887021, 0.0590525897606339, 0.0925151312506862, 0.125561633331392, 0.158073168912675, 0.189929780737636, 0.221010503222553, 0.251193483652107, 0.280356134840293, 0.308375196780353, 0.335126787696961, 0.36048634653846, 0.384328644284798, 0.406527808548906, 0.426957360138353, 0.445490049158686, 0.461997866274169, 0.476352052926041, 0.488423125070716, 0.498080894111987, 0.505194484293799, 0.509632346316533, 0.51126232651956, -0.59726, -0.595862392650326, -0.592076343433343, -0.585982740775118, -0.577663312905816, -0.567200648876519, -0.554678228957144, -0.540180471281785, -0.523792790796243, -0.505601669985901, -0.485694752309544, -0.464160860844709, -0.441089850812836, -0.416572785736052, -0.39070215407713, -0.363572187817665, -0.335279033623606, -0.305923093632256, -0.275607791255544, -0.244439693481086, -0.212527127386924, -0.179979263633559, -0.146906136742926, -0.11341914099226, -0.0796312457906732, -0.0456569186223908, -0.0116116163214209, 0.0223883725263873, 0.0562258181720164, 0.0897824484617508, 0.122939078407931, 0.155575590479344, 0.187570637220811, 0.218801669283708, 0.249145074106745, 0.278476371123714, 0.306670286833901, 0.333600816998442, 0.359141155639294, 0.383163708818242, 0.405540125120088, 0.42614134020317, 0.444837376162002, 0.461497355207272, 0.475989512132276, 0.488181223337722, 0.49793903230594, 0.50512867076586, 0.50961507525784, 0.51126247165615, -0.59726, -0.595883970016028, -0.592157693527257, -0.586157179518479, -0.577959406655999, -0.567642348167548, -0.555285007813714, -0.54096747510805, -0.52477099506898, -0.506778051911365, -0.487072479728747, -0.465739502644657, -0.442865543142865, -0.418538430580851, -0.392847658582039, -0.365884762078798, -0.337743545164683, -0.308522850480775, -0.278325026402801, -0.247255766887309, -0.215422778460162, -0.182934736087594, -0.149901279637992, -0.116433631956551, -0.0826448585664437, -0.0486497852205696, -0.0145643801145191, 0.019494432161174, 0.0534086613587677, 0.0870591117246654, 0.120325534592373, 0.153086626775508, 0.185219655928304, 0.216600495246741, 0.247103779538039, 0.276603142729787, 0.304971306232325, 0.332080152214813, 0.35780063886092, 0.382002816601454, 0.404555864626747, 0.42532814337057, 0.444186957042354, 0.460998569694457, 0.475628219979032, 0.487940155410002, 0.497797662336076, 0.505063090841347, 0.509597874228113, 0.511262628854497, -0.59726, -0.595905507270108, -0.592238887943414, -0.586331276343804, -0.578254906345355, -0.568083140121842, -0.555890509701001, -0.541752780782807, -0.525747033316506, -0.507951758181195, -0.488446985187707, -0.467314344780918, -0.444636832368563, -0.420499049275818, -0.394987501285771, -0.368191034282859, -0.340201126556896, -0.311115087411652, -0.281034203490815, -0.250063311941707, -0.218309501332202, -0.185880951783906, -0.152886910077277, -0.11943842889333, -0.0856486722562071, -0.0516328246139789, -0.0175073647231885, 0.0166101487718014, 0.050600967026728, 0.0843449737106155, 0.117720860373034, 0.15060614286557, 0.182876709164797, 0.214406861218444, 0.245069488307616, 0.274736346613873, 0.303278160746239, 0.330564708033003, 0.356464719786593, 0.380845899972393, 0.403574967896326, 0.424517718567088, 0.44353874830908, 0.460501473185103, 0.475268146085529, 0.487699896178302, 0.497656763337762, 0.504997726744433, 0.50958072725543, 0.511262782532531, -0.59726, -0.595927009975143, -0.592319947999038, -0.586505077574946, -0.578549891616182, -0.568523145071492, -0.556494902071224, -0.542536608366681, -0.526721182752557, -0.50912312676132, -0.489818670054627, -0.468885853720691, -0.446404250792868, -0.42245523972815, -0.397122344485214, -0.370491728900555, -0.342652561083085, -0.313700641804036, -0.283736208167373, -0.252863255572872, -0.221188256290554, -0.188818895539169, -0.155864027656863, -0.122434537014241, -0.088643689081987, -0.0546070280169918, -0.0204415429407943, 0.0137345747780897, 0.0478018189829922, 0.0816391551547755, 0.115124218309287, 0.14813334737409, 0.180541055202473, 0.212220078030738, 0.243041566038354, 0.272875404732561, 0.301590329514379, 0.32905402092297, 0.355132991665958, 0.379692607707121, 0.402597137272989, 0.423709819038916, 0.442892550735354, 0.46000590989432, 0.474909173312129, 0.487460361638681, 0.497516278219456, 0.504932541358353, 0.509563609545498, 0.511262911851239, -0.59726, -0.595948478366402, -0.592400874606288, -0.5866785852135, -0.578844365942971, -0.568962368318222, -0.557098192378455, -0.543318967761825, -0.527693455993442, -0.510292173218229, -0.491187553051421, -0.470454051514797, -0.448167823935581, -0.424407031031129, -0.399252220911585, -0.372786882319516, -0.345097888701069, -0.316279556887838, -0.28643108655393, -0.255655646309363, -0.224059093789526, -0.191748619267202, -0.158832685293101, -0.125422009776095, -0.0916299625580403, -0.057572448513304, -0.0233669669367314, 0.0108676593956608, 0.0450111682879573, 0.0789416094026085, 0.112535564446169, 0.145668199428604, 0.178212656601032, 0.210040111984967, 0.241019983036385, 0.271020291609317, 0.299907791436285, 0.327548074262501, 0.353805442400163, 0.378542932217724, 0.401622369608074, 0.422904445944328, 0.442248369592842, 0.45951188895192, 0.47455131432907, 0.487221567621088, 0.497376225526777, 0.504867555436862, 0.509546543489122, 0.511263040203879, -0.59726, -0.595969887392539, -0.592481570975764, -0.586851587481812, -0.579137962745835, -0.569400252102081, -0.557699598741015, -0.544098823459277, -0.52866253783337, -0.511457280015536, -0.492551695112559, -0.472016661804374, -0.449924925813196, -0.426351438676115, -0.401373782057096, -0.375072779979453, -0.347533030105858, -0.318847393174311, -0.289114046918367, -0.258435351474083, -0.226916554966416, -0.194664356151991, -0.161786829916093, -0.128394533007369, -0.0946009460005111, -0.0605223389489228, -0.0262767245912068, 0.00801644073488163, 0.0422361365984552, 0.0762594957358942, 0.109962046285123, 0.143217781855328, 0.175898475125195, 0.207873743899737, 0.239011275785002, 0.269177232494005, 0.298236390118062, 0.326052256088577, 0.352486946939134, 0.377401194258497, 0.40065440675809, 0.422104753944936, 0.441608780455658, 0.459021431356004, 0.474196076473268, 0.486984565118906, 0.497237273629733, 0.50480314484905, 0.50952971897915, 0.511263294433902, -0.59726, -0.595991128562481, -0.592561629596597, -0.587023214024167, -0.579429211701991, -0.569834615713915, -0.558296146347517, -0.544872349533641, -0.529623720925843, -0.512612854783695, -0.493904641948767, -0.473566418188849, -0.451667554426448, -0.428279828280498, -0.403477891070183, -0.377339939168234, -0.349948301866765, -0.321394400083784, -0.291775393653324, -0.261192841084062, -0.229751374744225, -0.197557193945561, -0.164717978665853, -0.131344118417266, -0.0975491994763222, -0.0634498501607, -0.0291645885563035, 0.00518650388262672, 0.03948165689574, 0.0735970957781737, 0.107407305425846, 0.140785118144001, 0.173600948646345, 0.205722869089987, 0.237016850668388, 0.267347209025078, 0.296576757193468, 0.324566933324461, 0.3511776833387, 0.376267449406724, 0.399693238755796, 0.421310715006616, 0.440973775243189, 0.458534577541881, 0.473843567799343, 0.486749539449698, 0.497099685292172, 0.504739640527783, 0.509513516379386, 0.511264076137092, -0.59726, -0.596012289711901, -0.592641380373132, -0.587194169405337, -0.579719302987787, -0.570267224252016, -0.558890242887186, -0.54564264229177, -0.530580814578675, -0.513763422570272, -0.495251615439999, -0.475109198825182, -0.45340218200294, -0.430199182281637, -0.405571935076064, -0.379596024508243, -0.352351527605144, -0.323928450308869, -0.294422947311841, -0.263935791032072, -0.232571000644617, -0.200434276912172, -0.167632906480551, -0.134277114351248, -0.100480596257321, -0.0663603406709065, -0.0320353717447054, 0.00237360316261445, 0.0367440631354264, 0.0709513262710017, 0.104868835300849, 0.138368263067182, 0.171318668667236, 0.203586581911268, 0.235036261742305, 0.265530182525447, 0.294929199534921, 0.323092687386348, 0.349878427264476, 0.375142577993427, 0.398739751721587, 0.420523112869142, 0.440343952084228, 0.458051681741535, 0.473493865297068, 0.486516281955165, 0.496962982740813, 0.504676337056445, 0.509497069039852, 0.511264448778287, -0.59726, -0.596033250056574, -0.592720366067975, -0.587363470394759, -0.580006563967364, -0.570695578390942, -0.559478451188925, -0.546405241689484, -0.531528276976129, -0.514902327018509, -0.496584838047481, -0.476636124479059, -0.45511887322452, -0.432098581011476, -0.407644107906606, -0.381828467288965, -0.35472952612625, -0.326435914175376, -0.297042807834323, -0.26665022302975, -0.235361588575167, -0.203282127863002, -0.170518756059019, -0.137181460421768, -0.103383973919071, -0.069243571110647, -0.0348797734833911, -0.0004139056361145, 0.0340307694894611, 0.0683286724813921, 0.102352214422399, 0.13597191996403, 0.169055504364349, 0.201467967808536, 0.233071870564941, 0.26372785992002, 0.293294848092601, 0.321630161310173, 0.348589431300343, 0.374026549013614, 0.397793747323709, 0.419741707533389, 0.439719129832868, 0.457572697037389, 0.473147106508615, 0.48628513972411, 0.496827722552849, 0.504613975296866, 0.509481251757554, 0.511265345594422, -0.59726, -0.596054074219699, -0.592798831785258, -0.587531644930993, -0.580291894266273, -0.571121024800785, -0.560062626839983, -0.547162560637669, -0.532469113319906, -0.516033187185086, -0.497908550901848, -0.478152053301669, -0.456823085043737, -0.433984048967133, -0.409700957524896, -0.384044282290227, -0.357089710018385, -0.328924509788357, -0.2996428813158, -0.269344088885257, -0.238130973880614, -0.20610828336469, -0.17338256284012, -0.140063565219229, -0.106265065288814, -0.0721046262502222, -0.0377022678272274, -0.0031799328447655, 0.0313383726933615, 0.0657261841692903, 0.0998548942187227, 0.133593893325225, 0.166809567458458, 0.199365402737915, 0.231122277228934, 0.261939028279423, 0.291672642732012, 0.320178416579415, 0.347309850382533, 0.372918585711579, 0.396854495011103, 0.418965795608365, 0.439098616259424, 0.457096929414823, 0.47280258575204, 0.486055388597809, 0.496693158363323, 0.504551786033847, 0.509465274912445, 0.511265962098229, -0.59726, -0.596074732096038, -0.592876661430166, -0.587698439399156, -0.580574855572479, -0.571542897648423, -0.560641838015013, -0.547913367199741, -0.533401761794291, -0.517154085956916, -0.499220460521518, -0.479654298715649, -0.458511725398566, -0.435852080544828, -0.411738561047828, -0.386239129916832, -0.35942732783333, -0.331389083241233, -0.302217625529856, -0.272011476892131, -0.240872898938574, -0.208906168189852, -0.176217467038796, -0.142916322163198, -0.109116559444795, -0.0749360379982919, -0.0404952814254472, -0.00591685649902323, 0.0286744819458643, 0.0631513776661728, 0.0973841993184668, 0.131241198497458, 0.164587478583162, 0.197285059327853, 0.229193185173249, 0.26016890699156, 0.290067310242709, 0.318741685147895, 0.346043425700921, 0.37182194889265, 0.395924791887307, 0.418197733478175, 0.43848435631359, 0.456625947974925, 0.47246153816305, 0.48582797792415, 0.496560008201399, 0.504490316735802, 0.509449582456595, 0.511266712054073, -0.59726, -0.596095886280328, -0.592956381975619, -0.587869322527371, -0.580864811345954, -0.571975283701861, -0.56123559896267, -0.548683182869439, -0.53435820648912, -0.518303800952133, -0.500566344560481, -0.481195720487902, -0.460244693808468, -0.437769448211534, -0.413830272629601, -0.388492530283037, -0.361827525441302, -0.333919741675725, -0.304861320280217, -0.274749926749719, -0.243687288526601, -0.211777255342841, -0.17912569099082, -0.145841941965359, -0.112039932441491, -0.0778378626597977, -0.0433568036960573, -0.00871998994458419, 0.0259470312096206, 0.0605159675384537, 0.0948561202402491, 0.128834557922801, 0.162315056361092, 0.19515812491346, 0.227221331212902, 0.258359897226283, 0.288426965130106, 0.317273777938359, 0.344749581777157, 0.370701527956923, 0.394974777605404, 0.41741263051583, 0.437856082647344, 0.456143696297934, 0.472111639987759, 0.485593772439558, 0.496421715203944, 0.504424912935089, 0.509430680397356, 0.51126445410803, -0.59726, -0.596117168797108, -0.593036572223819, -0.588041185661414, -0.581156382250663, -0.572410000725511, -0.561832443337915, -0.549456826990306, -0.535319173241981, -0.519458636313674, -0.50191780828023, -0.48274299880752, -0.461983639584794, -0.439692784972299, -0.415927843894369, -0.390751608883324, -0.364233177755092, -0.336455605505248, -0.307509948346649, -0.277493021190879, -0.246506020687107, -0.214652371328734, -0.182037620600629, -0.148770938619371, -0.114966352764426, -0.0807424073520664, -0.0462207222857752, -0.0115252010077302, 0.0232178150811163, 0.0578790956779886, 0.092326873303223, 0.126427031312657, 0.160042014717141, 0.193030820302242, 0.225249337548054, 0.256550958920965, 0.286786883243162, 0.315806306711461, 0.343456328110688, 0.369581833797704, 0.394025609933733, 0.416628478670561, 0.437228850525731, 0.455662563929728, 0.47176292784788, 0.48536081046659, 0.496284715849466, 0.504360847551518, 0.509413158211603, 0.51126361624033, -0.59726, -0.596138357830538, -0.593116406599274, -0.588212279827044, -0.581446638577537, -0.572842743242615, -0.562426557167503, -0.55022690666867, -0.536275682120139, -0.520608079256284, -0.503262922533371, -0.484282966956822, -0.463714330060955, -0.44160695665433, -0.418015396417509, -0.392999893093284, -0.366627360786558, -0.338979435190815, -0.310146083595858, -0.280223269550836, -0.24931165542121, -0.217514235164365, -0.184936235394266, -0.151686646779381, -0.117879596975646, -0.0836339695047491, -0.049071926646604, -0.0143180345098425, 0.0205005778329673, 0.0552537477353645, 0.0898086456331167, 0.124029975191795, 0.157778855338945, 0.190912775941147, 0.223285954808117, 0.254749962132154, 0.28515406112828, 0.314345409381327, 0.342168966676484, 0.368467362958945, 0.393081018306684, 0.415848286400615, 0.436605001377871, 0.455184287030604, 0.471416602207784, 0.48512983415867, 0.496149379177177, 0.504298209518379, 0.509396925546427, 0.511264037442982, -0.59726, -0.596159448899128, -0.593195868012161, -0.58838256804213, -0.581735517010805, -0.57327341600462, -0.563017808512416, -0.550993249357391, -0.537227516888652, -0.521751867612734, -0.504601377806496, -0.485815267487085, -0.465436360079656, -0.443511511423392, -0.420092433504879, -0.395236843937913, -0.369009496600306, -0.341490618184857, -0.312769084500386, -0.282940008179161, -0.252103515083334, -0.220362164637614, -0.187820859308456, -0.154588408504675, -0.12077903634554, -0.0865119598335296, -0.0519098763439715, -0.0170980074373739, 0.0177957373227174, 0.0526402695275257, 0.087301704959887, 0.121643574014613, 0.155525675092932, 0.188803997659967, 0.221331095191151, 0.252956723675603, 0.283528219306729, 0.31289071009562, 0.340887026001944, 0.367357549932302, 0.392140345592384, 0.415071308187657, 0.435983705363027, 0.454707956327332, 0.471071680075715, 0.4848997933422, 0.496014595190067, 0.504235837194736, 0.509380778117073, 0.511264480607889, -0.59726, -0.596180443114809, -0.59327496068208, -0.588552059399558, -0.582023033052038, -0.573702042226738, -0.563606229375593, -0.551755896689571, -0.538174729420437, -0.522890063871087, -0.505933247341302, -0.487339984292067, -0.467149823840121, -0.445406553186396, -0.422159067910838, -0.397462581882754, -0.371379711948635, -0.343989286017977, -0.315379085945644, -0.285643373939186, -0.254881737215685, -0.223196296767052, -0.190691627723145, -0.157476356490379, -0.123664799929143, -0.0893765029100307, -0.0547346907513495, -0.0198652333769833, 0.0151031862154493, 0.0500385603224134, 0.0848059573835352, 0.119267740834077, 0.153282394010593, 0.186704412390409, 0.219384692339964, 0.251171183599235, 0.281909303804646, 0.311442160307447, 0.339610462291263, 0.366252355032052, 0.391203555606897, 0.414297510772188, 0.435364931601092, 0.454233542805801, 0.470728133820791, 0.484670661316677, 0.495880337694607, 0.504173704499815, 0.50936468959037, 0.511264918813378, -0.59726, -0.596201343401858, -0.593353695794839, -0.588720778168631, -0.582309228360632, -0.574128684749438, -0.564191907053511, -0.552514963175732, -0.539117463680004, -0.524022843170078, -0.507258738648614, -0.488857357926788, -0.46885499508271, -0.447292388472749, -0.424215638008321, -0.399677475635345, -0.373738403788699, -0.34647586144108, -0.317976533820239, -0.288333832961234, -0.257646805086329, -0.226017128665875, -0.193549048106035, -0.160351004850675, -0.126537404584373, -0.0922281142600817, -0.0575468798307397, -0.0226202123366288, 0.0124224384215114, 0.0474481514972575, 0.0823209548725926, 0.116902050924542, 0.151048612990286, 0.184613648567699, 0.21744640372688, 0.249393029493591, 0.280297032988466, 0.309999509389626, 0.338339055726601, 0.365151588656045, 0.390270487971063, 0.413526761604304, 0.434748573578197, 0.453760963794678, 0.470385902019243, 0.484442394908583, 0.495746578367277, 0.504111794156508, 0.509348649528497, 0.511265343850165, -0.59726, -0.59622215115157, -0.593432078647387, -0.588888735795848, -0.582594122505954, -0.574553372967462, -0.564774882197543, -0.553270501883063, -0.540055786036293, -0.52515028579148, -0.508577946256622, -0.4903674972186, -0.470551996700689, -0.449169153715955, -0.426262292941311, -0.401881685902221, -0.376085742910967, -0.348950523719109, -0.320561614288801, -0.291011576730173, -0.26039891394758, -0.228824857846685, -0.196393318759268, -0.163212551223769, -0.129397045871511, -0.0950669860126892, -0.0603466310039496, -0.0253631258299008, 0.00975331940793801, 0.0448688764536064, 0.0798465395902431, 0.114546355925135, 0.14882419376182, 0.182531578518836, 0.215516112667296, 0.247622155932158, 0.278691312833791, 0.30856267473467, 0.337072735002638, 0.364055190554053, 0.389341093108059, 0.41275902126243, 0.434134601374831, 0.453290198087607, 0.470044971252124, 0.484214987422989, 0.495613316035588, 0.50405010917466, 0.509332663644804, 0.511265762517479, -0.59726, -0.596241762272113, -0.593505927762387, -0.589046937086458, -0.582862407196143, -0.574953223064707, -0.565323669997726, -0.553981638502206, -0.540938881145923, -0.526211320800443, -0.509819466063569, -0.491788824308917, -0.472149473475412, -0.450936349720136, -0.428190259899475, -0.403959273592481, -0.378299968241125, -0.351286965862093, -0.323004682434036, -0.293544762278648, -0.263005094579684, -0.231486392574827, -0.199092161103608, -0.16593039777248, -0.132115606220724, -0.0977682123505575, -0.0630129136683552, -0.0279774139067418, 0.00720739106734127, 0.0424068396633527, 0.0774829672574769, 0.112294739521447, 0.146696792748776, 0.180539244228395, 0.21366812757294, 0.245926086657705, 0.277152899352831, 0.307185729594703, 0.335859043614716, 0.363004395499382, 0.388450586134451, 0.412023842301816, 0.433547330113082, 0.452840816534909, 0.469720729292663, 0.484000272784167, 0.49548952803668, 0.503995535600042, 0.509322360023593, 0.51127144630232, -0.59726, -0.596261326063149, -0.593579596547022, -0.589204748424861, -0.583130024734308, -0.575352070275909, -0.565871069699615, -0.554690961427956, -0.541819705743273, -0.52726960650654, -0.511057745229359, -0.49320641651853, -0.473742728231927, -0.452698854186585, -0.430113094857006, -0.406031330374433, -0.380508318593976, -0.353617255311479, -0.325441385965258, -0.296071439361394, -0.265604690734369, -0.234141332738243, -0.201784463483859, -0.168641823788663, -0.134827928562429, -0.100463442762338, -0.0656734970391782, -0.0305863489259593, 0.00466642423742693, 0.0399493312619006, 0.0751234531600165, 0.110046677761864, 0.144572412139916, 0.178549369153997, 0.211822018037441, 0.244231291995211, 0.275615147918693, 0.305808828147004, 0.33464477773622, 0.36195241428329, 0.387558294505763, 0.411286299959815, 0.432957142998931, 0.452387999563073, 0.46939257210092, 0.483781209856967, 0.495361012567277, 0.503935916442546, 0.509306761022319, 0.511271660496613, -0.59726, -0.596280746898155, -0.593652719772779, -0.589361378419653, -0.583395618418857, -0.575747870855409, -0.566414246193145, -0.555394757279079, -0.542693598682604, -0.528319481919182, -0.512286088249973, -0.494612526571386, -0.475322962070331, -0.454446834142429, -0.432019965713559, -0.408086077350219, -0.382698137979078, -0.355927946079605, -0.327857593507068, -0.29857691330713, -0.268182584043515, -0.236774293393407, -0.204454749017432, -0.171331452585866, -0.137518879425792, -0.103137880912697, -0.0683139667517144, -0.0331759378448545, 0.00214395677931951, 0.0375094055710022, 0.0727805452170654, 0.107814194807447, 0.142462540502719, 0.176572899946815, 0.209988187979596, 0.24254763781627, 0.274087396538546, 0.304440796195176, 0.333438272106103, 0.360907117194704, 0.386671656149276, 0.410553437299572, 0.432370731139908, 0.451938134643326, 0.469066637241271, 0.483563745438095, 0.495233590205173, 0.50387701601941, 0.509291650065791, 0.511272288410827, -0.59726, -0.596300130791918, -0.593725701888928, -0.589517702606197, -0.583660687755721, -0.576142881396983, -0.566956326510733, -0.556097117110015, -0.543565688855235, -0.529367167811639, -0.513511842054314, -0.496015642052503, -0.476899797956531, -0.456191022880321, -0.433922671249683, -0.410136314157951, -0.384883142464414, -0.358233566453586, -0.330268521669262, -0.301076945441177, -0.270754917251545, -0.239401617063789, -0.207119360017009, -0.174015407913348, -0.140204197552945, -0.105806766018574, -0.0709489999165022, -0.0357602402317526, -0.00037340503377762, 0.0350743758747669, 0.0704422977571667, 0.105586112939038, 0.140356787862184, 0.174600247045129, 0.208157853791867, 0.240867144875417, 0.272562461600725, 0.303075229896553, 0.332233879648985, 0.359863583784673, 0.385786439960623, 0.409821668139614, 0.431785101716658, 0.451488763617821, 0.468740935375933, 0.483346286026851, 0.495105983161724, 0.503817784986643, 0.509276111844708, 0.511272447217753, -0.59726, -0.596320031006949, -0.593800655856024, -0.589678299194733, -0.583933080877866, -0.576548923751136, -0.567513709141589, -0.556819518093563, -0.544462933283468, -0.530445401340346, -0.514773723334915, -0.49746055770924, -0.478524106328948, -0.457988263285306, -0.435883822676343, -0.412250115342817, -0.387136464070122, -0.360611799197918, -0.332755796328427, -0.303656396221546, -0.273408975965927, -0.242112239309664, -0.209868141036162, -0.176783736593195, -0.142973459542, -0.108558566193852, -0.0736653521349397, -0.0384237293787894, -0.00296731661639589, 0.0325659059797392, 0.0680341332290711, 0.103291990748944, 0.138189164540627, 0.17257012617212, 0.206274628353013, 0.239138453044929, 0.27099407789175, 0.301670964955363, 0.330995481072726, 0.358790621932313, 0.384876201238725, 0.409069053527521, 0.43118251793384, 0.45102598633556, 0.468404975563785, 0.483121260535323, 0.494972988923018, 0.50375477620239, 0.509257779464493, 0.511270113222521, -0.59726, -0.59633988805733, -0.593875444716865, -0.589838537558064, -0.584204859070672, -0.576954038479282, -0.568069803069326, -0.557540228566968, -0.545358052377353, -0.531521049496941, -0.51603254196403, -0.498901924382931, -0.480144378872793, -0.459780989544323, -0.43784000011488, -0.41435851215508, -0.389383992115385, -0.362983900386562, -0.335236650829148, -0.306229188578575, -0.276056186827983, -0.244815869873431, -0.212609829564374, -0.179544913750011, -0.145735553259409, -0.111303222456189, -0.0763746232938914, -0.0410802350734202, -0.00555437399159837, 0.0300641319995123, 0.0656324801793839, 0.101004171451411, 0.136027612756335, 0.170545824987924, 0.204396953304122, 0.237415028587042, 0.269430669036011, 0.300271377202226, 0.329761461363601, 0.357721744835344, 0.383969762555916, 0.408319968684617, 0.430583213050812, 0.450566261599961, 0.468071871776822, 0.482898929848304, 0.49484256915153, 0.503694268093015, 0.509241926223394, 0.511270294825208, -0.59726, -0.596359704073641, -0.59395007683471, -0.589998436235245, -0.584476054833241, -0.57735827566611, -0.568624679431381, -0.558259344029704, -0.546251169150535, -0.532594265805191, -0.51728848481681, -0.50033996498857, -0.481760877081163, -0.461569504119821, -0.439791549246051, -0.416461895605612, -0.391626164919376, -0.365350357491482, -0.337711623488685, -0.308795913216218, -0.27869719431928, -0.247513208254626, -0.215345181209016, -0.18229975203747, -0.148491349189879, -0.114041663918522, -0.0790778019452089, -0.0437308061311514, -0.00813568707520735, 0.0275678820720461, 0.0632361039455328, 0.098721356723785, 0.133870769730095, 0.168525915522319, 0.202523334810859, 0.23569531119103, 0.267870607694825, 0.298874771780077, 0.328530057717233, 0.356655121374646, 0.383065224172453, 0.407572445006432, 0.429985149416135, 0.45010748259222, 0.467739447970347, 0.482677048698582, 0.494712409422827, 0.50363387720408, 0.509226099826066, 0.511270471140533, -0.59726, -0.596379705269637, -0.594025397696765, -0.590159793098755, -0.584749691588876, -0.577766097504553, -0.569184392460835, -0.558984604075183, -0.547151741924331, -0.533676200726875, -0.518554307950244, -0.501788894672301, -0.483389068718681, -0.463370330175348, -0.441755860659172, -0.418578344687214, -0.393881579799003, -0.367730125028837, -0.340199873937886, -0.311375791809179, -0.281351148120445, -0.250223207147752, -0.21809283572593, -0.185066471346115, -0.151258549438757, -0.116790985999209, -0.0817912969473997, -0.0463910940148726, -0.0107260881277592, 0.025063195924858, 0.0608319600074975, 0.0964314525524605, 0.131707517706471, 0.1665002671052, 0.200644625185819, 0.233971117115716, 0.266306640100037, 0.297474775983686, 0.327295714644107, 0.355585947918136, 0.382158467444422, 0.406822980457425, 0.429385371713294, 0.449647169315406, 0.467405626556599, 0.482453867485535, 0.494581012189291, 0.503572280594406, 0.509209072978538, 0.51126943004969, -0.59726, -0.596399664487488, -0.594100558238297, -0.590320802576395, -0.585022732804635, -0.578173022196292, -0.569742860941356, -0.559708234073209, -0.548050268821711, -0.534755651475455, -0.519817194186495, -0.503234428576546, -0.485013408170033, -0.465166859186278, -0.443715451725066, -0.420689682396583, -0.396131536059375, -0.370104140216641, -0.342682129587278, -0.313949484967141, -0.283998775737434, -0.25292678531789, -0.220834018178053, -0.187826708769027, -0.154019299575749, -0.11953392989011, -0.0844985229451934, -0.0490452553275807, -0.0133105348952128, 0.0225642653045329, 0.0584333500632679, 0.0941468408638597, 0.129549298933388, 0.164479376810173, 0.198770385249037, 0.232251094266381, 0.264746539002624, 0.29607833959329, 0.326064625561788, 0.3545197287112, 0.381254375218567, 0.4060759048425, 0.428787725644812, 0.449188752893028, 0.467073494189034, 0.482232199088538, 0.494450987840383, 0.503511958036861, 0.509193267300354, 0.511269608072709, -0.59726, -0.596419643136944, -0.594175794059752, -0.590481977128322, -0.585296060358059, -0.578580383482543, -0.570301942812357, -0.560432678383553, -0.548949832731839, -0.535836381464532, -0.521081619343423, -0.504681776686565, -0.486639851232213, -0.466965794284241, -0.44567776430663, -0.422804070593264, -0.398384886684703, -0.372481908164573, -0.345168505222664, -0.316527671229628, -0.286651270084458, -0.255635597229368, -0.223580788304336, -0.190592869581564, -0.156786287194875, -0.122283398816386, -0.0872125286468068, -0.0517064106587821, -0.015902142785802, 0.0200580608377873, 0.0560274154193048, 0.0918549220896946, 0.127383865221455, 0.162451443895597, 0.196889361586855, 0.230524640206108, 0.263180437120865, 0.294676395188316, 0.324828568145451, 0.353449112289008, 0.380346473182545, 0.405325607823763, 0.428187432199582, 0.44872823352285, 0.466739758685107, 0.482009367883383, 0.494320166775931, 0.503451115947353, 0.509177115741266, 0.511269495736144, -0.59726, -0.596439633954234, -0.594251075104385, -0.590643247352463, -0.585569547926543, -0.578987979523013, -0.570861341098749, -0.561157524262329, -0.549849883495513, -0.536917680466379, -0.522346689474097, -0.506129836699573, -0.488267061640554, -0.468765538687015, -0.447640913631931, -0.424919308154124, -0.40063908497964, -0.374860506492877, -0.347655679936665, -0.319106615648075, -0.28930447394548, -0.258345062430497, -0.226328148719673, -0.193359553059955, -0.159553729147703, -0.12503325541935, -0.0899268579805087, -0.0543678279902677, -0.0184939538774254, 0.0175517090356802, 0.0536213865919548, 0.0895629588912663, 0.125218432235899, 0.160423550606136, 0.195008409322127, 0.228798281963659, 0.261614448479385, 0.293274574945298, 0.323592639945979, 0.352378624865484, 0.379438695571316, 0.404575427083345, 0.427587244000239, 0.448267806330063, 0.466406101305343, 0.4817866009711, 0.494189397716336, 0.503390316519254, 0.509161001896699, 0.511269422042563, -0.59726, -0.596460190757125, -0.594328503366907, -0.590809143526962, -0.585850919930334, -0.579407380490751, -0.571437009086534, -0.561903531214548, -0.550776295684841, -0.538030732706508, -0.523648978778336, -0.507620538841786, -0.4899421774276, -0.470618175737897, -0.449661551580034, -0.42709612443495, -0.402958332428021, -0.377306889179165, -0.350212678614083, -0.321756770459847, -0.292029661396397, -0.261126709368958, -0.229147352818948, -0.19619724615322, -0.162390892560402, -0.127851131648126, -0.0927071303935306, -0.0570927749766868, -0.0211465827683837, 0.0149875115940481, 0.0511607067838242, 0.0872197231749494, 0.123005249775795, 0.158351535821685, 0.193087029599543, 0.227035218125587, 0.26001546627416, 0.291843425827474, 0.322330962841624, 0.351285846372112, 0.378511925496517, 0.403809356029405, 0.426974033857733, 0.447796954623694, 0.466064308939946, 0.481557643892957, 0.494054001909744, 0.5033260357486, 0.509142097536213, 0.511266757544877, -0.59726, -0.596480738246706, -0.594405895024108, -0.590974958461422, -0.586132149346331, -0.579826561441814, -0.572012364202559, -0.562649117712459, -0.551702165878308, -0.539143108319463, -0.524950444787427, -0.509110260273475, -0.491616146005343, -0.472469492110619, -0.451680691479509, -0.429271265187124, -0.405275731334318, -0.379751257570529, -0.352767504960532, -0.324404605844483, -0.294752394012595, -0.26390577674879, -0.231963862973557, -0.199032142232408, -0.165225169909718, -0.130666047967741, -0.0954843840022441, -0.0598146578324029, -0.0237961149927551, 0.012426431665331, 0.048703155071112, 0.0848796164203256, 0.120795187456831, 0.156282622291388, 0.19116872256385, 0.225275189759591, 0.258419475288793, 0.290415218394921, 0.321072174499075, 0.350195902184815, 0.377587935919366, 0.40304601436091, 0.42636350664028, 0.447328746153614, 0.465725129215068, 0.481331280429313, 0.493921194852819, 0.503264355695298, 0.509125825415229, 0.511266779111878, -0.59726, -0.596501278355536, -0.594483257711133, -0.591140709169247, -0.586413266147548, -0.580245568795829, -0.572587472705677, -0.563394373152273, -0.552627609812989, -0.540254952491851, -0.526251265150936, -0.510599214024767, -0.493289218605174, -0.474319779960136, -0.453698669029716, -0.431445112170091, -0.407591711923642, -0.382194092661144, -0.355320692952673, -0.32705071086358, -0.297473317945902, -0.266682969729642, -0.234778445175947, -0.201865069843945, -0.168057453896959, -0.133478962723765, -0.0982596441827454, -0.0625345702535235, -0.0264437137523056, 0.00986723546042293, 0.0462474260997557, 0.0825412608445217, 0.118586794324793, 0.154215285275731, 0.189251889201162, 0.22351652321035, 0.256824726978961, 0.288988129086375, 0.319814376331933, 0.349106818804659, 0.376664678660675, 0.402283279571617, 0.425753465989575, 0.446860911305901, 0.465386219978449, 0.48110509672722, 0.493788491949572, 0.503202722097677, 0.509109562803207, 0.511266796860278, -0.59726, -0.596521946980452, -0.594561112304749, -0.591307527710455, -0.586696216902099, -0.58066734407545, -0.573166428640523, -0.564144678788163, -0.553559407759239, -0.541374533434847, -0.527561262062233, -0.51209881942798, -0.494974431968703, -0.476183690819147, -0.455731725044059, -0.43363544707113, -0.40992552544846, -0.384656021065543, -0.35789412748123, -0.32971808869393, -0.300216391778154, -0.269483016535497, -0.237616388806539, -0.204721648304595, -0.170913439803785, -0.136315412182256, -0.101058072204878, -0.0652771015383674, -0.0291132183963899, 0.00728699255897437, 0.043771638361473, 0.0801839448473907, 0.11636063070456, 0.1521314400698, 0.187319863846734, 0.221744016945226, 0.25521751005555, 0.287549943987214, 0.31854683995053, 0.348009322537797, 0.375734284912395, 0.401514618949401, 0.425138627520402, 0.446389307273636, 0.46504445427261, 0.48087683696902, 0.493654344831439, 0.503140111364168, 0.509092609231974, 0.511266212810114, -0.59726, -0.596542720188531, -0.594639365121569, -0.591475206884758, -0.586980639177197, -0.581091329950603, -0.573748442165887, -0.564898976705076, -0.554496200216827, -0.542500158603292, -0.52887838052331, -0.513606631676257, -0.496668926176002, -0.478057926401565, -0.457776101667745, -0.435838033312103, -0.412272439496238, -0.387131799469984, -0.360482041312362, -0.332400437195671, -0.302974769515769, -0.272298520413157, -0.240469779202946, -0.207593517641655, -0.173784434680395, -0.139166480681589, -0.103870638073822, -0.0680332138543046, -0.0317956806584474, 0.00469447335104303, 0.0412843051543631, 0.0778158545232249, 0.114124494486014, 0.150038444477609, 0.185379521455323, 0.219964029423692, 0.253603641953458, 0.286105924096113, 0.317274263624151, 0.346907551750933, 0.374800345085436, 0.400743096017627, 0.42452155805952, 0.445916043501222, 0.464701532597503, 0.480647850272097, 0.493519817919346, 0.503077379029804, 0.509075696285839, 0.511265728654851, -0.59726, -0.596563475151924, -0.59471754732981, -0.591642731339932, -0.58726479324216, -0.581514907112691, -0.574329881855109, -0.565652513478518, -0.5554320245453, -0.543624591585676, -0.530194068461135, -0.515112763810869, -0.498361482826589, -0.479929962978892, -0.459818018630497, -0.43803790554025, -0.41461639776346, -0.389604397423039, -0.363066569320836, -0.33507921870753, -0.305729425764087, -0.27511017570283, -0.243319220859683, -0.210461365869019, -0.176651366362524, -0.142013475120399, -0.106679149981807, -0.0707853219085329, -0.0344742157162309, 0.00210577949993197, 0.0388006735633014, 0.0754513222339378, 0.111891754444103, 0.147948666109541, 0.183442202181344, 0.218186858339028, 0.25199237418602, 0.28466428231495, 0.316003840499885, 0.345807709982411, 0.373868114545248, 0.39997307069553, 0.423905786098284, 0.445443892362748, 0.464359557813322, 0.480419667879294, 0.493385980028824, 0.503015251966568, 0.509059340670887, 0.511265794006284, -0.59726, -0.596584202212666, -0.594795621580807, -0.591810019294524, -0.587548537431176, -0.581937859850448, -0.574910445080772, -0.566404887984528, -0.556366370833887, -0.544747204683987, -0.531507572679298, -0.516616330714309, -0.500051079746152, -0.481798637469311, -0.461856169373282, -0.440233612426061, -0.416955804127504, -0.392072075266164, -0.36564583086304, -0.337752415421107, -0.30847821065505, -0.277915706877431, -0.246162320293727, -0.213322690540691, -0.179511633705571, -0.144853707201316, -0.109480845313384, -0.0735306028981429, -0.0371459560112285, -0.000476193413399488, 0.0363236491571641, 0.0730932442110007, 0.109665276864911, 0.145864919423397, 0.181510645492403, 0.216415143724485, 0.250386221622885, 0.28322738133554, 0.314737752792542, 0.344711769387082, 0.372939324518726, 0.399206001130428, 0.423292463270261, 0.444973682673775, 0.464019036746057, 0.480192492586053, 0.493252765014086, 0.502953447306855, 0.509043112147043, 0.511265917731055, -0.59726, -0.59660507593789, -0.594874242527726, -0.591978466974039, -0.587834226997143, -0.582363675867667, -0.575494881388475, -0.567162196967415, -0.55730672434695, -0.545876868966832, -0.532829103295911, -0.518128790758639, -0.501750288721945, -0.483677456190543, -0.46390482563266, -0.442440031782945, -0.419305992899462, -0.394550484000763, -0.368235663608673, -0.340435931413394, -0.311236984188157, -0.280730829160806, -0.249014557048519, -0.216192654395748, -0.182380011282691, -0.147701501742477, -0.112289547322358, -0.076282336490036, -0.0398236053928458, -0.00306355098235338, 0.0338417372448187, 0.0707307478309662, 0.107434820885578, 0.143777603571172, 0.179575897366745, 0.214640583749699, 0.248777538541014, 0.28178823400882, 0.313469672944291, 0.343614061567155, 0.372008963887047, 0.398437530152693, 0.422677881577348, 0.444502330745502, 0.463677465065288, 0.479964334381842, 0.493118612058015, 0.502890728212242, 0.509025972551452, 0.51126511495027, -0.59726, -0.596625922018137, -0.594952756792897, -0.592146681454896, -0.588119513272534, -0.58278887883468, -0.576078459148836, -0.567918370142106, -0.558245637070226, -0.547004763900364, -0.534148516750367, -0.519638771132112, -0.503446645748068, -0.485553046278462, -0.465949878045661, -0.444642480124692, -0.421651858854665, -0.397024239064703, -0.370820536087354, -0.343114210737485, -0.313990278388049, -0.283540265023263, -0.251860936546587, -0.219056628334936, -0.185242307998809, -0.150543168187496, -0.115092118540725, -0.079027980875933, -0.0424952503103848, -0.00564503053774934, 0.0313655374161352, 0.0683737611339964, 0.105209638261862, 0.141695294255428, 0.177645862647523, 0.212870422552086, 0.247172923483342, 0.280352813352514, 0.312204973475289, 0.34251938853268, 0.371081299096559, 0.397671428551957, 0.422065361021339, 0.444032755623635, 0.463337415655023, 0.479737479745856, 0.492985585954328, 0.502829007472739, 0.509009757314657, 0.511265223341766, -0.59726, -0.596646741164564, -0.595031167164842, -0.592314668913049, -0.588404407074654, -0.583213485407872, -0.576661201998744, -0.568673439210931, -0.559183149799665, -0.548130940379976, -0.535465875020276, -0.521146345853331, -0.505140237817251, -0.487425508605264, -0.467991442238395, -0.446841088670147, -0.423993549601836, -0.399493505221701, -0.373400630965201, -0.345787454666226, -0.316738313811365, -0.286344254965977, -0.254701719885262, -0.221914894681241, -0.188098827990905, -0.153379033044948, -0.117888908383156, -0.0817679088952736, -0.0451612875363983, -0.00822105328346787, 0.0288946036096315, 0.0660218128418657, 0.102989232214958, 0.139617468983124, 0.175719992979682, 0.211104085829265, 0.245571776174356, 0.278920493151699, 0.31094300232444, 0.34142707253026, 0.370155626914711, 0.396906967890328, 0.421454148294476, 0.443564179528392, 0.462998086722988, 0.479511103394081, 0.492852838508888, 0.502767414626334, 0.5089935744095, 0.511265330076347, -0.59726, -0.596667533457504, -0.595109473951571, -0.592482430018112, -0.588688909555269, -0.583637497328381, -0.577243112362702, -0.569427407362655, -0.560119266556235, -0.549255403315595, -0.536781183950162, -0.522651521735877, -0.506831072734989, -0.48929485197878, -0.470029528017421, -0.449035868203866, -0.426331076861397, -0.401958295072294, -0.375975961665224, -0.348455677363485, -0.319481105270678, -0.289142814356895, -0.257536922899552, -0.224767469641613, -0.190949587718279, -0.156209112891868, -0.120679933401683, -0.084502136930836, -0.0478217331436421, -0.0107916348450429, 0.0264289207758354, 0.0636748885972149, 0.100773589190757, 0.137544115104879, 0.173798276706411, 0.209341562988078, 0.243974087136141, 0.277491265075886, 0.309683752321496, 0.34033710754442, 0.36923194245587, 0.396144144368916, 0.420844240624315, 0.443096600636936, 0.462659477302079, 0.479285205103891, 0.492720370114706, 0.502705950535156, 0.508977425002998, 0.511265436444012, -0.59726, -0.596688001912752, -0.595186547816022, -0.592647526805162, -0.588968856937546, -0.584054666914361, -0.577815559652913, -0.570169021196436, -0.561039930314554, -0.550361170342856, -0.538074473220395, -0.524131336987399, -0.508493252817311, -0.491132357502058, -0.472032769046837, -0.451193037816403, -0.428628537101629, -0.404380933510543, -0.378507491667728, -0.351078868379135, -0.32217803320711, -0.291895056701111, -0.260325711690292, -0.227573868790402, -0.193754726433186, -0.158994422200567, -0.123427312176931, -0.0871940939138506, -0.0504415100163581, -0.0133233530228322, 0.0240001178687834, 0.0613627084073851, 0.0985904271855342, 0.135500878172894, 0.171904239129746, 0.20760423389778, 0.242399088243108, 0.276082233063405, 0.308442242148582, 0.339262492303622, 0.368321312418978, 0.395392203204803, 0.420243194918763, 0.4426360433469, 0.462326257704394, 0.479063302152207, 0.492590768689368, 0.502646520058694, 0.508962799823134, 0.511266910593132, -0.59726, -0.596708466183837, -0.595263606546592, -0.592812592352589, -0.589248753421704, -0.584471763996409, -0.578387912514169, -0.57091052002829, -0.561960461589855, -0.551466792372786, -0.539367612000697, -0.525611005563511, -0.510155301995011, -0.492969762932227, -0.474035959421443, -0.453350229108626, -0.430926119252237, -0.406803825288187, -0.381039438730199, -0.353702671370513, -0.324875795804685, -0.294648379082465, -0.263115842369854, -0.230381883139749, -0.196561761643375, -0.161781912310149, -0.126177152965252, -0.0898887838633039, -0.0530642725480753, -0.015858282965182, 0.0215679128294193, 0.0590469813645831, 0.0964036287292713, 0.133453980657753, 0.170006573455536, 0.205863357579129, 0.240820663691681, 0.274669930127208, 0.307197641555048, 0.338184985492599, 0.367408000899632, 0.394637794656865, 0.419639892629394, 0.442173429608746, 0.461991163960503, 0.478839682504592, 0.492459576260971, 0.50258558568706, 0.508946712492984, 0.511266912221924, -0.59726, -0.596728894541356, -0.595340527242673, -0.592977357185553, -0.589528131594258, -0.584888075896934, -0.578959169719148, -0.571650574836731, -0.562879168365055, -0.552570183237024, -0.540658092864882, -0.52708757572672, -0.511813805224131, -0.494803174989642, -0.476034716768417, -0.455502563834409, -0.433218446496017, -0.409221096398284, -0.383565437113299, -0.356320240383125, -0.3275670844699, -0.297395033903154, -0.265899158029301, -0.233182982336998, -0.199361831585538, -0.164562438247878, -0.128920081955553, -0.0925766647260667, -0.0556803772665916, -0.0183867528294229, 0.01914192659513, 0.0567371919965444, 0.09422245021291, 0.131412352862169, 0.16811379970395, 0.204126973333216, 0.239246315383606, 0.273261277846285, 0.305956262631148, 0.337110274305393, 0.366497068546693, 0.393885364939356, 0.419038191406775, 0.441712068152745, 0.46165700929665, 0.478616731072823, 0.492328830390093, 0.502524932367007, 0.508930803857326, 0.511267060359817
9.448, 9.448, 9.448, 9.448, 9.448, 9.448, 9.448, 9.448, 9.448, 9.448, 9.448, 9.448, 9.448, 9.448, 9.448, 9.448, 9.448, 9.448, 9.448, 9.448, 9.448, 9.448, 9.448, 9.448, 9.448, 9.448, 9.448, 9.448, 9.448, 9.448, 9.448, 9.448, 9.448, 9.448, 9.448, 9.448, 9.448, 9.448, 9.448, 9.448, 9.448, 9.448, 9.448, 9.448, 9.448, 9.448, 9.448, 9.448, 9.448, 9.448, 9.448, 9.44505780521068, 9.43646691929357, 9.42246351548475, 9.40328403447977, 9.37916518445497, 9.35034394109486, 9.31705754762359, 9.27954351483931, 9.23803962115045, 9.19278391261351, 9.14401470297188, 9.09197057369541, 9.03689037402067, 8.97901322099153, 8.91857849950014, 8.85582586232823, 8.79099523018854, 8.72432679176649, 8.65606100376199, 8.58643859093139, 8.51570054612957, 8.44408813035217, 8.37184287277795, 8.29920657081134, 8.22642129012504, 8.15372936470294, 8.08137339688305, 8.00959625740071, 7.93864108543194, 7.86875128863692, 7.8001705432037, 7.73314279389199, 7.66791225407708, 7.60472340579386, 7.54382099978092, 7.48545005552467, 7.42985586130347, 7.37728397423174, 7.32798022030406, 7.28219069443916, 7.24016176052386, 7.20214005145693, 7.16837246919285, 7.13910618478544, 7.11458863843144, 7.09506753951397, 7.08079086664592, 7.07200686771325, 7.06896405991823, 9.448, 9.44505426130411, 9.43645238363668, 9.42243029583262, 9.40322432672813, 9.37907120720224, 9.35020807297119, 9.3168724619237, 9.27930231865336, 9.23773599984044, 9.19241227181332, 9.14357031816752, 9.09144973388567, 9.03629053577322, 8.9783331499457, 8.91781842788493, 8.85498764195447, 8.79008258628106, 8.72334497081452, 8.65501665849991, 8.58533956669788, 8.51455569401538, 8.44290714905831, 8.37063615415004, 8.29798508092428, 8.22519642701939, 8.15251279838782, 8.08017690869058, 8.00843159399944, 7.93751981893735, 7.86768467649453, 7.79916938782372, 7.73221733188333, 7.66707204774378, 7.60397722824807, 7.54317671497888, 7.48491449973888, 7.42943472359244, 7.37698168510413, 7.32779984393032, 7.2821338234986, 7.24022841291664, 7.20232858284825, 7.16867948719136, 7.13952646459556, 7.11511503773597, 7.09569091393762, 7.08149998574163, 7.07278832846826, 7.06980220071832, 9.448, 9.4450469278937, 9.43642223020063, 9.42236126126191, 9.40310004587555, 9.37887528544976, 9.34992436642911, 9.31648535209352, 9.27879699624122, 9.237098759446, 9.1916308014755, 9.14263400438054, 9.09034995432894, 9.03502097317075, 8.97689007990044, 8.91620103924394, 8.8531983410596, 8.788127505691, 8.72123326135512, 8.65276026468053, 8.58295280139152, 8.51205485861444, 8.44031021104328, 8.36796243216912, 8.29525500119175, 8.2224312342722, 8.14973423032949, 8.07740686908762, 8.0056918550644, 7.93483173665748, 7.86506890546347, 7.79664559374693, 7.72980396581818, 7.66478611302927, 7.60183404659339, 7.54118968212042, 7.48309484398678, 7.42779126226538, 7.37552059749226, 7.32652445147554, 7.28104437544755, 7.23932187574065, 7.20159846186523, 7.16811565150128, 7.13911497500257, 7.11483797313722, 7.09552619887037, 7.08142121897306, 7.07276460649472, 7.06979794217692, 9.448, 9.44503971016563, 9.43639252211329, 9.42229319815462, 9.40297744146833, 9.37868190634128, 9.34964421219561, 9.31610292978224, 9.27829760395629, 9.23646878074294, 9.19085799443267, 9.14170780609049, 9.08926177274373, 9.03376449990826, 8.97546157620808, 8.91459965419304, 8.85142639981832, 8.78619099968725, 8.7191411616566, 8.65052431757363, 8.58058712426359, 8.50957556306192, 8.43773508094883, 8.36531060941893, 8.2925467402846, 8.21968761582804, 8.14697683746637, 8.0746574624098, 8.00297207571414, 7.93216282328202, 7.86247141062499, 7.79413909456878, 7.72740683884979, 7.66251530239937, 7.59970483124946, 7.53921543247671, 7.48128678138597, 7.42615821621536, 7.37406877907995, 7.32525723395587, 7.27996208044988, 7.23842156317013, 7.20087375179313, 7.16755654932667, 7.13870769956036, 7.11456478329933, 7.09536522125457, 7.08134627665028, 7.07274504257006, 7.06979844425318, 9.448, 9.44503260233025, 9.43636323724382, 9.42222605852938, 9.40285643120739, 9.37849094583528, 9.34936743810479, 9.31572496936112, 9.27780385841326, 9.23584571934215, 9.1900934430942, 9.14079125130028, 9.08818465252109, 9.03252051556776, 8.97404697646963, 8.91301355122651, 8.84967104170578, 8.78427224224563, 8.71706780273956, 8.64830791243826, 8.57824160227308, 8.50711685369927, 8.43518079116525, 8.36267970998319, 8.28985931864157, 8.21696459210621, 8.14423964275698, 8.071927715616, 8.00027128698415, 7.92951211258732, 7.85989122572279, 7.79164892167636, 7.72502497812754, 7.66025863730588, 7.59758859691333, 7.5372529733185, 7.47948930463534, 7.42453454993533, 7.37262514602689, 7.3239970325722, 7.27888567161175, 7.23752606055887, 7.20015284404773, 7.16700032542563, 7.13830247710955, 7.11429293533379, 7.09520500409737, 7.08127165872557, 7.07272552805431, 7.06979889757977, 9.448, 9.44502559294248, 9.43633433272557, 9.42215975106325, 9.40273686122089, 9.37830217636117, 9.34909373468158, 9.31535107419168, 9.27731527350175, 9.23522900030829, 9.18933648731054, 9.13988360123128, 9.08711778582882, 9.03128815584887, 8.97264537554708, 8.91144180308653, 8.84793133946355, 8.78237033201857, 8.71501233829362, 8.64611028397692, 8.57591557340164, 8.50467819027507, 8.432646937945, 8.36006947759617, 8.28719263475639, 8.21426221987216, 8.1415228609399, 8.06921799726469, 7.99759000314952, 7.92688025247349, 7.85732911616528, 7.78917593912406, 7.72265932473431, 7.65801711145931, 7.5954863627126, 7.53530331915006, 7.47770339753521, 7.42292119438702, 7.37119055826234, 7.32274462196391, 7.27781582795236, 7.23663594489455, 7.19943621108947, 7.16644734914828, 7.13789957921721, 7.11402261225883, 7.09504565500682, 7.08119741443815, 7.07270607476094, 7.0697993013885, 9.448, 9.44501858604282, 9.43630544182809, 9.42209348068587, 9.40261736777303, 9.37811354244002, 9.348820248882, 9.31497750511351, 9.27682715268493, 9.23461291578741, 9.18858037133374, 9.13897703308413, 9.08605228116067, 9.030057476484, 8.97124581012814, 8.90987247910291, 8.84619446612475, 8.78047163783564, 8.71296044417813, 8.64391652785457, 8.57359366556659, 8.50224384485147, 8.43011754892926, 8.35746380643063, 8.2845305599813, 8.21156445781231, 8.13881064757213, 8.06651276858388, 7.99491309918785, 7.92425263892497, 7.8547710943416, 7.78670685917402, 7.72029736232011, 7.65577903938923, 7.59338732146199, 7.53335657634254, 7.47592010311203, 7.421310140145, 7.36975795258504, 7.32149387160325, 7.27674732581795, 7.23574686133063, 7.19872031653637, 7.16589483995159, 7.13749690381206, 7.11375229835695, 7.09488613774412, 7.08112286539112, 7.07268622573302, 7.06979926899348, 9.448, 9.44501160996094, 9.43627667365205, 9.42202748546406, 9.40249836184622, 9.37792566767353, 9.34854785238508, 9.31460541309543, 9.27634095318846, 9.23399925198393, 9.18782722882414, 9.13807404220851, 9.08499100554603, 9.02883172193099, 8.96985190360874, 8.90830957888376, 8.84446479058202, 8.77858088679769, 8.71091719030387, 8.64173203709438, 8.57128157076828, 8.4998197798166, 8.42759882385754, 8.35486909609326, 8.2818796518748, 8.20887797507443, 8.13610973256987, 8.06381876496837, 7.99224725621568, 7.92163583454721, 7.85222354644116, 7.78424784001644, 7.71794497581317, 7.6535499938139, 7.59129670103127, 7.53141760158454, 7.47414388684339, 7.41970544774674, 7.36833097716357, 7.32024801616143, 7.2756829915535, 7.23486123935615, 7.19800721079128, 7.16534449322174, 7.13709582415559, 7.11348308648091, 7.0947273152943, 7.0810487040691, 7.07266657115006, 7.06979936529377, 9.448, 9.44500476937336, 9.43624842855245, 9.42196263393996, 9.40238133418602, 9.3777408005348, 9.34827966842303, 9.31423889466735, 9.27586182488511, 9.2333942736649, 9.18708448250085, 9.13718323383974, 9.08394375280788, 9.02762186218, 8.96847577123688, 8.90676631354015, 8.84275655197226, 8.77671325985087, 8.70889859464932, 8.63957354339502, 8.5689965924329, 8.49742370963195, 8.42510870884171, 8.35230335702384, 8.27925782996257, 8.20622045708953, 8.13343743613712, 8.06115282229764, 7.98960871872651, 7.91904539741076, 7.84970126108988, 7.78181282981732, 7.71561521390846, 7.65134207694232, 7.58922562211755, 7.52949651101842, 7.47238384925254, 7.41811520300615, 7.36691671598531, 7.31901316265403, 7.27462799202697, 7.23398335448314, 7.19730033876873, 7.1647989960005, 7.13669835410692, 7.11321641396204, 7.09457015708008, 7.08097555256953, 7.07264751833147, 7.06979992734185, 9.448, 9.44499795013425, 9.4362202699094, 9.42189797880927, 9.40226465871016, 9.37755648818665, 9.34801228954374, 9.31387348001967, 9.27538414798335, 9.23279114355082, 9.18634403020947, 9.13629521368128, 9.08289982936069, 9.02641591733089, 8.96710417989606, 8.90522824996444, 8.84105419059298, 8.77485216432861, 8.70688714526838, 8.63742274929436, 8.56671980128451, 8.49503624682776, 8.42262755176061, 8.34974685308729, 8.27664544184331, 8.20357249002861, 8.1307747249308, 8.05849641668763, 7.98697958832642, 7.91646415768782, 7.84718788713512, 7.77938637323009, 7.71329358121445, 7.6491418044957, 7.58716164971216, 7.52758194405516, 7.47062971630499, 7.41653021755753, 7.36550705244386, 7.317782239298, 7.27357626031226, 7.23310809164234, 7.19659547122077, 7.16425492578866, 7.13630178580445, 7.11295018242544, 7.09441305602158, 7.08090216387446, 7.07262803604638, 7.06979998237708, 9.448, 9.4449911518587, 9.4361921962945, 9.42183351705389, 9.402148330377, 9.3773727232425, 9.34774570580682, 9.31350915656207, 9.27490790725968, 9.23218984391517, 9.1856058519645, 9.13540995984735, 9.08185921189282, 9.02521386323756, 8.96573710531695, 8.90369536459879, 8.83935768459822, 8.7729975813261, 8.7048828274912, 8.63527964573981, 8.5644511952318, 8.49265739756249, 8.42015536826235, 8.34719961062862, 8.27404252575059, 8.20093412517281, 8.12812166439389, 8.05584962880048, 7.9843599618987, 7.91389222941893, 7.84468355663657, 7.7769686211132, 7.71098024808385, 7.64694936692498, 7.58510499487011, 7.52567413275618, 7.468881741363, 7.41495076624658, 7.36410228293805, 7.31655556400097, 7.27252813566525, 7.23223581115903, 7.19589298914422, 7.16371268373722, 7.13590653991556, 7.11268483129596, 7.09425646942079, 7.08082901216101, 7.07260861422315, 7.0698000348334, 9.448, 9.44498437386142, 9.43616420508492, 9.42176924298044, 9.40203233940883, 9.37718949094585, 9.34747989670192, 9.31314589737488, 9.27443306884951, 9.23159033353297, 9.18486989888593, 9.13452741562976, 9.08082183581734, 9.02401562750758, 8.96437446750176, 8.90216757017041, 8.83766693994487, 8.77114941077424, 8.7028855360466, 8.63314412318591, 8.56219066136537, 8.49028704643854, 8.41769204130918, 8.34466151180638, 8.27144896388089, 8.19830524558654, 8.12547813926505, 8.05321234581989, 7.98174972980857, 7.91132950684281, 7.84218816834552, 7.77455947730868, 7.70867512396475, 7.64476467972962, 7.58305557951081, 7.52377300574728, 7.46713985995877, 7.41337679162149, 7.36270235704719, 7.31533309329301, 7.2714835813884, 7.23136648282984, 7.19519286845106, 7.16317225139334, 7.1355126030402, 7.11242035154107, 7.09410039182408, 7.08075609466211, 7.07258925178519, 7.06980008422468, 9.448, 9.4449776487606, 9.43613641978259, 9.42170542220761, 9.40191713774206, 9.37700746671966, 9.3472157912754, 9.31278490823283, 9.27396113132939, 9.23099441282494, 9.18413827525092, 9.13364998414568, 9.07979039104841, 9.02282416778504, 8.96301946573868, 8.90064827451372, 8.83598554083877, 8.76931138209239, 8.70089911524251, 8.63102011136838, 8.55994218610492, 8.48792920851214, 8.41524158725107, 8.34213654764564, 8.26886869606023, 8.19568971474647, 8.12284791223053, 8.05058820761758, 7.97915238950797, 7.90877932779238, 7.83970488567243, 7.77216191838702, 7.70638098855347, 7.64259031807156, 7.58101576896686, 7.52188071559516, 7.4654060113092, 7.41181002131318, 7.36130879487684, 7.31411614611029, 7.27044372389675, 7.23050105148642, 7.1944958856156, 7.16263425238757, 7.13512046376483, 7.11215711678785, 7.09394510426809, 7.08068362447682, 7.07257012083034, 7.06980029086728, 9.448, 9.44497098168195, 9.436108859107, 9.42164209371433, 9.40180278947837, 9.37682674284974, 9.34695351125701, 9.31242633976888, 9.27349227189559, 9.23040228141359, 9.18341119717702, 9.13277789028646, 9.0787651017457, 9.0216396962154, 8.96167228711242, 8.89913762485728, 8.83431358240806, 8.76748352877715, 8.6989235298788, 8.62890750183832, 8.557705585509, 8.48558362438526, 8.41280367356027, 8.33962431713077, 8.26630125976647, 8.1930870179193, 8.12023042793701, 8.04797662905754, 7.9765673361629, 7.90624107705295, 7.83723309155954, 7.76977533319393, 7.70409724355136, 7.64042570265498, 7.5789850082779, 7.5199967361852, 7.46367970182708, 7.41024999710911, 7.35992117560078, 7.31290434018704, 7.26940821981804, 7.22963921213911, 7.19380177259634, 7.16209845326744, 7.13472991994064, 7.11189495197845, 7.09379045364511, 7.08061146437786, 7.07255109301285, 7.06980052736875, 9.448, 9.44496164674879, 9.43607118889432, 9.42155700695073, 9.40165139387097, 9.3765906088708, 9.34661495124389, 9.3119686807443, 9.27290013691598, 9.22966188107627, 9.18251061403374, 9.13170737759403, 9.07751736661888, 9.02021020210268, 8.96005952139756, 8.89734339579049, 8.83234318288767, 8.76534542572862, 8.69662887853608, 8.62646993791429, 8.55514088971719, 8.48290937410718, 8.41003891430401, 8.33678927348222, 8.26341707356006, 8.19017548622579, 8.11731369834894, 8.04507689229868, 7.97370653254932, 7.90344062950085, 7.83451362551899, 7.76715639945602, 7.70159709951932, 7.63806109252673, 7.57677094165064, 7.51794625457188, 7.46180364010868, 7.40855674883991, 7.35841647097088, 7.31159103087303, 7.26828607075941, 7.22870469628838, 7.19304789523044, 7.16151457945339, 7.13430160261692, 7.11160376063188, 7.0936138035773, 7.08052244651468, 7.07251829822306, 7.06978787136267, 9.448, 9.44495244063341, 9.43603401175675, 9.42147299056305, 9.40150183654686, 9.37635724919263, 9.34628024707945, 9.31151608192729, 9.27231436640886, 9.22892922623991, 9.18161921065199, 9.13064750814668, 9.07628174269998, 9.01879426602539, 8.9584617122256, 8.89556544445577, 8.83039027435836, 8.76322590412339, 8.69435377818779, 8.62405277167269, 8.55259731589583, 8.48025685062057, 8.40729636964666, 8.33397681626573, 8.26055572938239, 8.18728693775609, 8.11441998251279, 8.04220009323859, 7.97086848844725, 7.9006626667355, 7.83181627984491, 7.76455914000996, 7.69911811068214, 7.63571705516071, 7.5745768127037, 7.51591503447305, 7.45994613501158, 7.40688133665572, 7.35692887972209, 7.31029412394366, 7.26717963917523, 7.22778525390683, 7.19230850306494, 7.16094467335173, 7.13388682158179, 7.1113257756863, 7.09345014717301, 7.08044634244285, 7.07249848600144, 7.06978843117577, 9.448, 9.44494332260347, 9.43599716984488, 9.42138969830686, 9.40135351669505, 9.37612574737261, 9.34594811073125, 9.31106683284495, 9.27173278171896, 9.22820162943487, 9.18073375522807, 9.12959447540198, 9.07505382342251, 9.0173868612321, 8.95687319763388, 8.89379746379954, 8.82844789995529, 8.76111735750622, 8.69208997772039, 8.6216471170296, 8.55006535740657, 8.47761594584778, 8.40456535389507, 8.33117571072722, 8.25770547672746, 8.18440914428945, 8.11153661723522, 8.03933318115839, 7.96803981776445, 7.89789352268925, 7.82912716712414, 7.76196950794561, 7.6966461356233, 7.63337942275489, 7.57238848551124, 7.51388902024625, 7.4580932497218, 7.40520997124639, 7.35544477885064, 7.30900017162757, 7.26607565157079, 7.2268677749339, 7.19157062874418, 7.16037587969294, 7.13347279314085, 7.11104823461626, 7.0932866827722, 7.08037024116458, 7.07247855590782, 7.06978882691719, 9.448, 9.44493439574435, 9.43596106025634, 9.42130799687409, 9.40120793084019, 9.37589837466329, 9.34562171773169, 9.31062512751872, 9.27116069422375, 9.22748560292065, 9.17986202909095, 9.12855738261052, 9.07384407148106, 9.01599983206067, 8.95530721049289, 8.89205406681984, 8.82653202912031, 8.75903707255762, 8.68985602607147, 8.61927271447464, 8.54756586043994, 8.47500851065105, 8.40186860638872, 8.3284094533507, 8.2548904227811, 8.18156666213148, 8.10868843119513, 8.03650106520172, 7.96524530304055, 7.89515763108249, 7.82647013488204, 7.75941054508875, 7.69420320768417, 7.63106903408769, 7.5702254478754, 7.51188622199585, 7.45626141960872, 7.40355744588739, 7.35397728185642, 7.30772059964348, 7.2649838675504, 7.22596040419587, 7.19084088332461, 7.15981338644312, 7.13306342251905, 7.11077392992364, 7.09312528983997, 7.08029533846231, 7.07245927906369, 7.06978969373679, 9.448, 9.44492557690987, 9.43592536274274, 9.42122718737632, 9.40106387233272, 9.3756732999481, 9.34529850820457, 9.31018758542945, 9.27059382328174, 9.22677589885012, 9.17899776248859, 9.12752889578448, 9.07264405866804, 9.01462363841879, 8.95375309343449, 8.89032348570203, 8.82462980259963, 8.75697113007461, 8.6876369883809, 8.61691367049405, 8.54508204269636, 8.47241695671557, 8.39918782844846, 8.32565914358582, 8.25209118642647, 8.17873976374528, 8.10585549744487, 8.03368377887512, 7.96246511095068, 7.89243547730769, 7.823826185619, 7.75686394735712, 7.69177187040907, 7.62876941244874, 7.56807231286573, 7.50989243052721, 7.45443767909322, 7.40191208242069, 7.3525160197321, 7.30644634778731, 7.26389651329036, 7.22505660975223, 7.19011391017335, 7.15925292362325, 7.13265541566056, 7.1105004106694, 7.09296420567265, 7.0802203829122, 7.07243971629579, 7.06979018360944, 9.448, 9.44491696439155, 9.43589045372329, 9.42114808732285, 9.40092274586141, 9.37545264431132, 9.34498143197119, 9.30975808060087, 9.27003704570591, 9.22607845853116, 9.17814800604447, 9.12651720279468, 9.07146312114055, 9.01326875889005, 8.95222244470236, 8.88861839866839, 8.82275492199347, 8.75493418145859, 8.68544837523747, 8.61458624722033, 8.54263079316674, 8.46985865815456, 8.3965407205248, 8.32294263239319, 8.24932560576713, 8.17594612346086, 8.10305518806473, 8.03089826597305, 7.95971564340716, 7.88974282024317, 7.82121034646553, 7.7543439338646, 7.68936547107832, 7.62649298191466, 7.56594054242724, 7.50791811916377, 7.45263149882194, 7.40028234719246, 7.35106846533041, 7.30518391865534, 7.26281915679563, 7.22416107310846, 7.18939356481567, 7.15869759372458, 7.13225120739529, 7.11022954182061, 7.09280483559865, 7.08014644285338, 7.07242073402837, 7.06979110854377, 9.448, 9.44490846888582, 9.43585599125256, 9.42106995417281, 9.40078327572026, 9.37523448169591, 9.34466781082159, 9.30933309625273, 9.26948593511358, 9.22538789033214, 9.17730636261842, 9.12551487612059, 9.07029279151623, 9.01192569214128, 8.95070475032193, 8.88692731581751, 8.82089497360194, 8.75291295658749, 8.68327614254916, 8.61227572415354, 8.54019682758362, 8.46731789462782, 8.3939112689591, 8.32024377062497, 8.24657754287901, 8.1731697501528, 8.10027178314526, 8.02812919105966, 7.95698205154361, 7.88706538853258, 7.81860900334794, 7.75183761643546, 7.6869719048819, 7.62422846735148, 7.56381972624571, 7.50595376637966, 7.45083425884357, 7.39866052342344, 7.34962779544992, 7.30392736183493, 7.26174668845439, 7.22326948226298, 7.18867627846713, 7.15814450558269, 7.13184850737568, 7.10995954583605, 7.09264581566389, 7.08007245749026, 7.07240145298568, 7.06979163793464, 9.448, 9.44490009517314, 9.43582199391246, 9.42099282878842, 9.40064553298854, 9.37501892079283, 9.34435779791118, 9.30891283631598, 9.26894075198108, 9.22470451650402, 9.17647322092576, 9.12452237509392, 9.06913360336005, 9.01059504905558, 8.94920070105415, 8.88525100983059, 8.81905081356087, 8.75090839591313, 8.68112131510372, 8.60998320963109, 8.53778133621171, 8.46479593584671, 8.39130081957778, 8.31756397605773, 8.24384848247087, 8.17041218957095, 8.09750688269546, 8.02537820073071, 7.95426601998013, 7.88440489537622, 7.8160238877108, 7.74934673354296, 7.68459290523811, 7.62197758416222, 7.56171154786455, 7.50400100912342, 7.44904753388037, 7.39704810707716, 7.34819540986064, 7.30267796776836, 7.2606802805453, 7.22238288679061, 7.18796297775502, 7.15759446692928, 7.13144801278443, 7.10969102198977, 7.0924876641675, 7.07999888537374, 7.07238229748988, 7.06979219168777, 9.448, 9.44489184233989, 9.43578845811447, 9.42091670321077, 9.40050950370731, 9.37480594007942, 9.34405136265585, 9.30849725971366, 9.26840144337394, 9.22402827095748, 9.17564850049353, 9.12353960369919, 9.06798544402801, 9.00927669935017, 8.94771014804973, 8.88358931245445, 8.81722225347526, 8.74892029010021, 8.67898366160334, 8.60770844918202, 8.53538403997805, 8.46229247646715, 8.38870903886347, 8.31490288488281, 8.24113802808921, 8.16767301000813, 8.09476001687257, 8.02264478385299, 7.95156699493082, 7.88176074477405, 7.81345436356881, 7.74687061324778, 7.68222777009819, 7.61973960783822, 7.55961526976193, 7.50205910809705, 7.44727059587989, 7.39544439614823, 7.34677064918387, 7.30143513301442, 7.25961939560288, 7.22150082196504, 7.18725327418146, 7.15704716570909, 7.13104948494675, 7.1094237986481, 7.09233026689962, 7.07992565682226, 7.07236322621358, 7.06979273737723, 9.448, 9.44488370135306, 9.43575534919423, 9.42084150202416, 9.40037505806787, 9.37459534319066, 9.34374823144938, 9.30808600639232, 9.26786755506471, 9.22335859904408, 9.1748315414864, 9.12256579363088, 9.06684743494625, 9.00796965387296, 8.9462319927631, 8.88194101843721, 8.81540798558527, 8.74694723443698, 8.67686168714233, 8.605449865701, 8.53300328877951, 8.45980580377626, 8.38613416307469, 8.3122586951213, 8.23844435349974, 8.16495037612844, 8.09202935754726, 8.0199271369665, 7.94888321349176, 7.87913122869686, 7.81089879050795, 7.74440769392512, 7.67987502624525, 7.61751316162541, 7.55752961813042, 7.50012689734578, 7.44550239006278, 7.3938484487676, 7.34535268460619, 7.30019814036773, 7.25856342498633, 7.2206227830683, 7.1865467607119, 7.15650228473304, 7.13065268708135, 7.10915770839931, 7.09217351317872, 7.07985270364351, 7.07234419761105, 7.06979324265926, 9.448, 9.44487563141009, 9.43572251260958, 9.4207668927544, 9.40024163021572, 9.3743862841878, 9.34344724030942, 9.30767756511182, 9.26733720808715, 9.22269324234998, 9.1740197030696, 9.12159792740985, 9.06571619652073, 9.00667019420037, 8.94476220998929, 8.88030183661101, 8.81360350235811, 8.74498455227978, 8.6747505907263, 8.60320257614358, 8.5306341573347, 8.45733098756055, 8.38357129186952, 8.30962656862225, 8.23576271255917, 8.1622396610913, 8.08931042193858, 8.01722094356901, 7.94621054512912, 7.87651241974764, 7.80835345890545, 7.74195449584485, 7.67753143345207, 7.6152952518937, 7.55545185050815, 7.49820188761729, 7.44374067989297, 7.39225827808271, 7.34393977338516, 7.29896548307854, 7.2575110872744, 7.21974770079424, 7.18584256439347, 7.15595912909041, 7.13025708145812, 7.10889234728108, 7.09201710684567, 7.07977980896476, 7.07232504302668, 7.06979355347366, 9.448, 9.44486763787461, 9.4356899697335, 9.42069292335283, 9.40010930517419, 9.37417889558687, 9.34314857959707, 9.30727219437051, 9.2668107393207, 9.22203262634687, 9.17321350951086, 9.12063663832796, 9.06459248136648, 9.00537920269661, 8.9433018224899, 8.87867294111604, 8.81181014072117, 8.74303375318412, 8.67265206186832, 8.60096845502871, 8.52827870777504, 8.45487027761242, 8.38102286024098, 8.30700912070738, 8.23309589353715, 8.1595438161305, 8.08660631158118, 8.014529440161, 7.94355234334484, 7.87390776787435, 7.80582189197057, 7.73951458971813, 7.67520058164671, 7.61308945694256, 7.55338550013052, 7.49628753103105, 7.4419887976862, 7.39067705661356, 7.34253488694544, 7.29773988885577, 7.25646482250789, 7.2188776978466, 7.18514247521612, 7.15541915496785, 7.12986380365253, 7.10862855772688, 7.09186163893476, 7.07970736843505, 7.07230603300759, 7.06979389981702, 9.448, 9.44485969739281, 9.43565763057346, 9.42061939734833, 9.39997774359859, 9.3739726622195, 9.34285152881506, 9.30686894228217, 9.26628694287552, 9.22137527197231, 9.17241119285245, 9.1196798572563, 9.0634739103556, 9.00409398485614, 8.94184781845535, 8.87705100436802, 8.81002426230547, 8.74109089643711, 8.67056186930217, 8.59874299570171, 8.52593217657646, 8.4524186753967, 8.37848365984553, 8.30440096178447, 8.23043835504143, 8.15685717837756, 8.08391127331687, 8.01184681553764, 7.94090277219344, 7.87131144676579, 7.80329830846273, 7.73708227588158, 7.6728768903278, 7.61089035408987, 7.55132534185911, 7.49437884077915, 7.44024203681053, 7.38910039919315, 7.34113400231599, 7.29651773709532, 7.25542145205853, 7.21801006060833, 7.18444425103286, 7.15488058157179, 7.12947150753181, 7.10836538499644, 7.09170648625445, 7.07963501399294, 7.07228696162952, 7.06979412833594, 9.448, 9.44485164681049, 9.43562488159126, 9.42054500303431, 9.39984472727367, 9.37376429046607, 9.34255157598926, 9.30646196151379, 9.26575854500429, 9.22071241396088, 9.17160245716236, 9.11871574440758, 9.06234711262262, 9.00279967748536, 8.94038390709911, 8.87541839872215, 8.80822701935618, 8.73913605691659, 8.66845917909628, 8.5965046498405, 8.52357252127274, 8.44995385156642, 8.37593126874597, 8.30177975866676, 8.22776801980362, 8.15415807945587, 8.08120418642119, 8.0091526220959, 7.93824216938261, 7.86870467836039, 7.80076490019198, 7.7346407883933, 7.67054469492702, 7.60868342600687, 7.54925803820368, 7.49246367853512, 7.43848946414948, 7.38751857068122, 7.33972856181781, 7.29529161377981, 7.25437465848338, 7.21713950783758, 7.18374357314457, 7.15433996580122, 7.12907752536115, 7.10810082320068, 7.09155017795167, 7.07956166972183, 7.07226699452279, 7.06979347952777, 9.448, 9.44484364254511, 9.43559231073407, 9.42047099692218, 9.39971238023324, 9.37355693276474, 9.34225303825136, 9.30605684558844, 9.26523250272679, 9.22005243534198, 9.17079714940052, 9.11775562400201, 9.06122487838811, 9.00151050095711, 8.93892567851319, 8.87379199897523, 8.80643646178343, 8.73718832546876, 8.66636396418448, 8.59427408897131, 8.52122090382457, 8.44749726300793, 8.37338725590408, 8.29916702221517, 8.22510618309947, 8.15146745425312, 8.07850549326385, 8.00646669022465, 7.93558964653504, 7.86610576141653, 7.79823907156378, 7.73220656843905, 7.6682194171765, 7.60648303136758, 7.5471968538025, 7.49055419654842, 7.43674211383435, 7.38594149398656, 7.3383273966593, 7.29406929056543, 7.25333119866051, 7.21627183903644, 7.18304535370916, 7.15380141513196, 7.12868525522655, 7.10783766895863, 7.09139502973211, 7.07948930359877, 7.07224789775167, 7.06979367599147, 9.448, 9.44483557193742, 9.43555948624479, 9.42039644073908, 9.39957908928984, 9.37334815163231, 9.34195252345708, 9.3056491363477, 9.26470319952491, 9.21938848789271, 9.1699871352832, 9.11679004031301, 9.06009641405266, 9.00021432629368, 8.93745968971428, 8.87215708833469, 8.80463665796098, 8.73523063343462, 8.66425811589275, 8.59203228054417, 8.51885750313171, 8.44502845608136, 8.37083071181507, 8.29654158435923, 8.22243163616456, 8.14876425242453, 8.07579448230524, 8.00376880887043, 7.93292563604384, 7.86349589599986, 7.79570289538434, 7.72976264745479, 7.66588511868555, 7.60427431916763, 7.54512806793215, 7.48863783296393, 7.43498859716593, 7.38435895355502, 7.33692145012295, 7.29284284097084, 7.25228423345683, 7.21540124524048, 7.1823447424561, 7.15326095221881, 7.12829149264861, 7.10757337630808, 7.09123902551477, 7.07941628650165, 7.07222827194514, 7.06979337661414, 9.448, 9.44482755190143, 9.43552685608076, 9.42032230776859, 9.399446527491, 9.37314047447302, 9.341653548115, 9.30524345430696, 9.26417645497797, 9.21872766546841, 9.16918083830927, 9.11582878200711, 9.05897288913263, 8.99892369970354, 8.93599983960887, 8.87052887457911, 8.80284406088667, 8.73328059554191, 8.66216030726445, 8.58979883260584, 8.51650271901664, 8.44256845922972, 8.36828311046912, 8.29392516166159, 8.21976611527785, 8.14607002642431, 8.07309233794037, 8.00107962943411, 7.93027011069133, 7.86089424997083, 7.79317462761172, 7.72732628185189, 7.66355798336012, 7.60207234253009, 7.54306555933361, 7.48672726321689, 7.43324037202431, 7.3827811901377, 7.33551976093396, 7.29162013147464, 7.25124050155929, 7.21453339647821, 7.18164641456893, 7.15272234589439, 7.1278992032832, 7.10731022558233, 7.09108389284405, 7.07934394039903, 7.07220919538799, 7.06979359256759, 9.448, 9.44481905993356, 9.43549245168985, 9.42024438245028, 9.39930755388926, 9.37292327915522, 9.3413415756965, 9.30482103791595, 9.26362909448157, 9.21804231497417, 9.16834618405714, 9.11483553310367, 9.05781404846389, 8.99759485182736, 8.93449939224867, 8.86885817750477, 8.80100754316507, 8.73128560899096, 8.66001690652451, 8.58751950550199, 8.51410209969132, 8.44006297891224, 8.36569066159559, 8.29126478680066, 8.21705777042009, 8.14333431255219, 8.07035022645672, 7.99835216650265, 7.92757812632654, 7.85825808806157, 7.79061388413978, 7.72485955563251, 7.66120265493274, 7.59984437051193, 7.5409792619493, 7.48479509965852, 7.43147271665137, 7.38118610930651, 7.33410279739006, 7.29038410216661, 7.25018529758403, 7.21365579829496, 7.18093991659375, 7.15217698744482, 7.12750140056236, 7.10704260343083, 7.09092511632345, 7.07926854624952, 7.07218741745921, 7.0697911873805, 9.448, 9.44481060289605, 9.4354581812911, 9.42016674851581, 9.39916908155016, 9.37270684156472, 9.34103065805661, 9.30440000780707, 9.2630834799093, 9.21735909164085, 9.16751405287904, 9.11384521048452, 9.05665853650436, 8.9962697253824, 8.93300303891935, 8.86719191517853, 8.7991757557551, 8.72929559164517, 8.6578786603963, 8.58524546471528, 8.51170684724665, 8.43756289963373, 8.36310360588446, 8.28860975839872, 8.21435468787712, 8.14060374247626, 8.06761311061392, 7.99562952763161, 7.92489077701166, 7.85562636047438, 7.7880573688738, 7.72239685190855, 7.65885114917506, 7.59762003240491, 7.53889642686153, 7.48286624196897, 7.42970822467187, 7.37959406252205, 7.33268875122744, 7.28915088598227, 7.24913281507635, 7.21278084274603, 7.18023599548826, 7.1516341536167, 7.12710608440356, 7.10677744482092, 7.09076879634719, 7.0791956187504, 7.07216813453528, 7.06979132498531, 9.448, 9.44480171160238, 9.43542226492607, 9.42008557127563, 9.3990245747159, 9.37248137616062, 9.34070730878118, 9.30396282323064, 9.26251776034512, 9.21665167619028, 9.16665359657765, 9.11282247411828, 9.05546665611978, 8.99490449851247, 8.93146316307854, 8.86547910406841, 8.79729487349907, 8.72725449974439, 8.65568789371023, 8.58291795505437, 8.50925764203556, 8.43500881702248, 8.36046289814275, 8.28590179853238, 8.21159972929282, 8.13782265390146, 8.06482710485734, 7.99285986886323, 7.92215848942807, 7.85295195866592, 7.78546059727555, 7.71989643448163, 7.65646456767637, 7.59536332215411, 7.53678396005492, 7.48091050183211, 7.42791958113542, 7.37798054987171, 7.33125585324801, 7.28790133411993, 7.2480663893156, 7.21189418687991, 7.17952244176198, 7.15108355407505, 7.12670464332317, 7.10650755081619, 7.09060885422104, 7.07911988114276, 7.07214652748312, 7.06978927356207, 9.448, 9.44479280837236, 9.43538630575885, 9.4200043064066, 9.3988799263927, 9.37225571124354, 9.34038370257743, 9.30352532955841, 9.2619516892276, 9.21594388067366, 9.16579274950548, 9.11179935749058, 9.05427442990355, 8.99353898603681, 8.92992308803153, 8.86376620536655, 8.79541403801606, 8.72521361101129, 8.65349750463578, 8.58059100816399, 8.50680919088784, 8.43245568348661, 8.35782333544645, 8.28319517674769, 8.20884629321294, 8.13504325963173, 8.06204295023816, 7.99009220221973, 7.91942831804148, 7.85027977977468, 7.78286613815014, 7.71739840159518, 7.65408042467801, 7.59310908535512, 7.53467398263622, 7.47895724882796, 7.42613340588468, 7.37636947208291, 7.32982534452386, 7.28665411629859, 7.24700223581593, 7.21100973800344, 7.17881102936393, 7.15053503311478, 7.12630522452191, 7.10623963294097, 7.09045085607002, 7.07904607328965, 7.07212685790231, 7.06978919330708, 9.448, 9.44478389796443, 9.4353503216328, 9.41992299196166, 9.39873520076589, 9.37202994185222, 9.34005996885669, 9.30308769289152, 9.26138547046271, 9.21523594671453, 9.16493178971375, 9.11077617258728, 9.05308220007944, 8.99217355551584, 8.92838320056859, 8.86205361778103, 8.79353365141546, 8.72317332123098, 8.65130787339381, 8.57826497996396, 8.5043618171774, 8.42990378209242, 8.35518515328105, 8.28049007417603, 8.20609450015545, 8.13226561381883, 8.05926062928812, 7.98732643385193, 7.91670008836101, 7.84760956490758, 7.78027364494243, 7.71490231628199, 7.65169819056743, 7.5908566980396, 7.53256577509066, 7.47700566722184, 7.42434878680644, 7.37475982102019, 7.32839612176833, 7.28540803546697, 7.24593906566249, 7.21012611775458, 7.1781002934171, 7.14998704279178, 7.12590620095149, 7.10597198952047, 7.09029303058483, 7.07897235975338, 7.07210723224663, 7.06978913909887, 9.448, 9.44477499541166, 9.43531436964752, 9.4198417510816, 9.398590607933, 9.37180438289594, 9.33973654213194, 9.30265047907121, 9.26081980987144, 9.21452872568394, 9.16407171660029, 9.10975406620021, 9.05189125706807, 8.99080963407368, 8.92684505438522, 8.86034300820131, 8.79165547711458, 8.72113547043724, 8.64912089779269, 8.57594180818233, 8.50191748174141, 8.4273550810584, 8.35255031258543, 8.27778843085293, 8.20334625662717, 8.12949157783968, 8.0564819477011, 7.98456430428326, 7.91397546730832, 7.84494290001349, 7.77768461632173, 7.71240958467717, 7.64931917473514, 7.5886073696807, 7.53046044484786, 7.4750567613278, 7.42256662508802, 7.37315239579533, 7.32696888413267, 7.28416369399374, 7.24487738868603, 7.20924374873513, 7.17739057566566, 7.1494398514277, 7.12550777601227, 7.10570476860295, 7.0901354811003, 7.07889881086454, 7.07208770062302, 7.06978915467334, 9.448, 9.44476610070184, 9.43527844975098, 9.41976058364391, 9.39844614766711, 9.37157903400644, 9.33941342185343, 9.30221368732307, 9.26025470640846, 9.21382221621642, 9.16321252842719, 9.10873303616392, 9.05070159821852, 8.98944721851351, 8.92530864567642, 8.85863437215218, 8.78977950990895, 8.71910005263339, 8.6469365709634, 8.57362148500293, 8.49947617573264, 8.42480957040171, 8.3499188021221, 8.27509023416619, 8.20060154853706, 8.12672113602693, 8.05370688813309, 7.98180579438207, 7.91125443385063, 7.84227976204221, 7.77509902710122, 7.7099201793458, 7.64694334740219, 7.58636106808207, 7.52835795723926, 7.47311049396546, 7.42078688100964, 7.37154715413354, 7.32554358678318, 7.28292104449519, 7.24381715497284, 7.208362578534, 7.17668182124738, 7.14889340176857, 7.1251098901303, 7.10543790837781, 7.08997814366346, 7.07882536063243, 7.07206819511749, 7.06978917031697, 9.448, 9.444757171961, 9.43524240198192, 9.41967914298085, 9.39830122556865, 9.37135299962065, 9.33908936545694, 9.30177568983835, 9.25968811637161, 9.21311393566227, 9.16235128813826, 9.10770968315193, 9.04950936166591, 8.98808199175968, 8.92376921707996, 8.85692253450764, 8.7879001870327, 8.71706115513238, 8.64474867559851, 8.57129754140307, 8.49703123890871, 8.42226046673554, 8.34728377909759, 8.27238864132868, 8.19785358820963, 8.12394760658541, 8.05092892109238, 7.97904456903051, 7.90853088496933, 7.83961431345477, 7.77251133425689, 7.70742887647939, 7.64456582434884, 7.58411326466543, 7.52625415105656, 7.47116307869771, 7.41900614597663, 7.36994106402372, 7.32411756870314, 7.28167778703036, 7.2427564114084, 7.20748098228405, 7.17597271063441, 7.14834665238846, 7.12471174841438, 7.10517082459129, 7.08982060443033, 7.0787517210647, 7.07204850470059, 7.06978899874385, 9.448, 9.44474818233233, 9.4352061226925, 9.41959720252212, 9.39815544981598, 9.371125684139, 9.33876353884014, 9.30133538308817, 9.25911863968165, 9.21240216406657, 9.16148593637313, 9.10668159266088, 9.04831176581291, 8.98671079694999, 8.92222323206613, 8.85520357842731, 8.78601321444123, 8.71501411354909, 8.64255218760163, 8.56896460796247, 8.49457697467927, 8.41970176822522, 8.34463897345375, 8.26967716617524, 8.19509574058361, 8.1211642878566, 8.04814135389751, 7.97627401337593, 7.9057983463315, 7.83694027697064, 7.76991550793734, 7.70492993787944, 7.64218119710273, 7.58185891260967, 7.52414436690864, 7.46921026319765, 7.41722058821752, 7.36833072159911, 7.32268785513892, 7.28043137102672, 7.24169302053, 7.20659721842173, 7.17526187481223, 7.14779857733271, 7.12431263234236, 7.10490306438874, 7.08966262831155, 7.07867782079824, 7.07202866155986, 7.06978870938018, 9.448, 9.4447392115683, 9.43516991773745, 9.41951542732272, 9.39800996451106, 9.37089881730576, 9.33843835073297, 9.30089593487843, 9.25855027005631, 9.21169177463857, 9.16062226615362, 9.10565550458432, 9.04711651121769, 8.98534229582842, 8.92068030080522, 8.85348803646096, 8.78413000772222, 8.71297117387717, 8.64036011745342, 8.56663638044401, 8.49212767160178, 8.41714825045401, 8.34199953138735, 8.26697119846587, 8.19234350129961, 8.11838663304728, 8.04535946001703, 7.97350909485546, 7.90307136498394, 7.83427167682445, 7.76732495908294, 7.70243608265688, 7.63980142636263, 7.57960915957613, 7.5220388967522, 7.46726145300899, 7.41543870811438, 7.3667237152929, 7.32126112775051, 7.27918758851134, 7.24063191383754, 7.20571539899219, 7.1745526594112, 7.14725182082517, 7.12391456170869, 7.10463611208168, 7.08950526505199, 7.07860438789758, 7.07200919693602, 7.06978877346972, 9.448, 9.44473025938949, 9.43513378601749, 9.41943381494134, 9.39786476536679, 9.37067239250261, 9.33811379171887, 9.30045733254578, 9.25798299115545, 9.21098274694993, 9.15976025257062, 9.10463138915881, 9.04592356290841, 8.98397644788079, 8.91914037692826, 8.85177585609678, 8.782250507961, 8.71093227055929, 8.63817239271986, 8.5643127793341, 8.48968324289561, 8.41459981918979, 8.3393653510242, 8.26427062850182, 8.1895967526786, 8.11561451635913, 8.04258310540275, 7.97074967104019, 7.9003497899792, 7.83160835340482, 7.76473951926485, 7.69994713341467, 7.63742632562325, 7.57736380982903, 7.5199375355123, 7.46531643361872, 7.41366028162383, 7.36511981144521, 7.31983714318119, 7.27794618635698, 7.23957282836455, 7.20483525112726, 7.17384478160591, 7.14670609002789, 7.12351723360718, 7.10436965463913, 7.089348191438, 7.07853108890695, 7.07198976706991, 7.06978883688663, 9.448, 9.4447213251356, 9.43509772497732, 9.41935235977924, 9.3977198426789, 9.37044639494404, 9.33778984104183, 9.30001954856107, 9.25741676796092, 9.21027503786471, 9.15889984382904, 9.10360918547671, 9.04473285050045, 8.98261317297109, 8.91760337038086, 8.85006693730608, 8.78037460521427, 8.70889728390423, 8.63598888421929, 8.56199366633709, 8.48724354162914, 8.41205631943082, 8.33673626993631, 8.26157528716621, 8.18685531976603, 8.11284775795411, 8.0398121063808, 7.96799555555243, 7.89763343344444, 7.82895011862836, 7.76215900154904, 7.69746290610431, 7.63505571584274, 7.57512269123843, 7.51784011965517, 7.46337505154842, 7.41188516655292, 7.36351888014934, 7.31841578458137, 7.27670706131312, 7.23851567477082, 7.20395669947882, 7.17313817989382, 7.1461613367358, 7.12312061217962, 7.10410366719595, 7.08919139184017, 7.07845791527149, 7.07197036791596, 7.0697888971253, 9.448, 9.44471241408631, 9.43506175483083, 9.41927110572747, 9.39757527184673, 9.37022093845673, 9.33746665696212, 9.29958279071047, 9.25685186196168, 9.20956896583407, 9.15804141768104, 9.10258933200563, 9.04354487366155, 8.98125303151604, 8.9160699014087, 8.84836195876847, 8.77850303471899, 8.70686700335111, 8.63381043275909, 8.55967993032148, 8.48480950094978, 8.40951872434296, 8.33411329656626, 8.25888621296214, 8.18412026544422, 8.11008743894326, 8.03704755566735, 7.96524784561232, 7.89492338952145, 7.82629805549515, 7.7595844680483, 7.69498443180419, 7.63269058652205, 7.57288674259162, 7.5157475295227, 7.46143812236517, 7.41011410876509, 7.36192159403655, 7.31699764922192, 7.27547073456298, 7.23746089882469, 7.20308011647393, 7.17243315683548, 7.14561779851901, 7.12272487628304, 7.10383827757474, 7.08903495212664, 7.0783849213862, 7.07195103427896, 7.06978898268484, 9.448, 9.44470347473656, 9.43502568912569, 9.41918966772781, 9.39743042533101, 9.36999512892892, 9.3371430744882, 9.29914563860022, 9.25628663262475, 9.20886270361162, 9.15718299175482, 9.10156972099984, 9.04235742718817, 8.97989374693621, 8.9145376463062, 8.8466585720735, 8.7766334439572, 8.70483909103949, 8.63163473205326, 8.55736931167262, 8.48237892117425, 8.40698490558404, 8.33149438346261, 8.25620144703363, 8.18138972533273, 8.10733179346638, 8.03428778812251, 7.96250497714667, 7.89221819368891, 7.82365079565887, 7.75701464306408, 7.6925105237797, 7.63032983605846, 7.57065494343202, 7.51365882166032, 7.45950477530968, 7.40834630572323, 7.36032721415206, 7.31558205692322, 7.27423657972833, 7.23640792280724, 7.20220496774373, 7.17172921593661, 7.1450750111168, 7.12232958808281, 7.10357306839248, 7.08887846922399, 7.07831171217741, 7.07193137260695, 7.06978869488865, 9.448, 9.44469456290539, 9.43498973097761, 9.4191084672905, 9.39728599375491, 9.36976995643542, 9.33682039310547, 9.29870969070508, 9.25572294661268, 9.20815835641858, 9.15632688137512, 9.10055285060623, 9.04117316594261, 8.9785381058783, 8.91300949975107, 8.84495975735772, 8.77476887713772, 8.70281663504111, 8.62946489498906, 8.55506493023617, 8.47995491242326, 8.40445794802738, 8.32888257588052, 8.25352398181397, 8.17866662702662, 8.1045836734409, 8.03153557031492, 7.95976962286361, 7.88952041743511, 7.82101080318056, 7.75445187816842, 7.69004341719207, 7.6279755804287, 7.56842928892145, 7.51157586992305, 7.45757676357321, 7.40658339172935, 7.35873725881422, 7.31417041405635, 7.27300589640111, 7.23535794582958, 7.20133235934821, 7.17102737876809, 7.14453392130592, 7.121935630389, 7.10330887045198, 7.08872273501897, 7.07823905483864, 7.07191214075466, 7.06978879873864, 9.448, 9.44468569542287, 9.43495394433608, 9.41902764237433, 9.39714221257707, 9.36954577402606, 9.33649910014687, 9.2982755819338, 9.25516159630343, 9.20745688059635, 9.15547420994212, 9.09954001098052, 9.03999354313494, 8.9771877175086, 8.91148721637249, 8.8432674008282, 8.77291133477315, 8.70080172950609, 8.62730308527503, 8.5527689965723, 8.47753971075782, 8.40194009322664, 8.32628010219098, 8.2508560151639, 8.17595312191637, 8.10184516918413, 8.02879291823367, 7.95704371250776, 7.88683189367524, 7.81837980489119, 7.75189778617708, 7.68758460422833, 7.62562918590309, 7.56621101544565, 7.50949977815973, 7.45565505712662, 7.40482620284292, 7.35715243144477, 7.31276329398534, 7.2717791317748, 7.23431129410707, 7.20046250302344, 7.17032775039269, 7.14399453658941, 7.12154292356538, 7.10304552870465, 7.08856753208359, 7.07816668390128, 7.0718930408572, 7.06978898092358, 9.448, 9.44467664629587, 9.43491748427416, 9.4189453957994, 9.3969960586656, 9.36931811853914, 9.33617313796707, 9.29783556533132, 9.25459311023881, 9.20674710462984, 9.15461218997805, 9.09851694243438, 9.03880303029055, 8.97582597838796, 8.90995330200367, 8.84156329226928, 8.7710420557484, 8.69877521800636, 8.6251298971414, 8.55046199310568, 8.47511381584422, 8.3994119786089, 8.32366784954595, 8.24817878740598, 8.17323089847133, 8.09909850379021, 8.02604266755424, 7.95431076374856, 7.8841368829236, 7.81574285643566, 7.74933826157066, 7.68512085331475, 7.6232783213839, 7.56398871032059, 7.50742006144627, 7.45373009955071, 7.40306610328427, 7.35556500042607, 7.31135384416324, 7.27055027866933, 7.23326276350552, 7.19959094674552, 7.16962657134868, 7.14345372190854, 7.12114888018371, 7.10278091796503, 7.08841110347092, 7.07809310803508, 7.07187273596104, 7.06978793900802, 9.448, 9.44466799642376, 9.43488254643739, 9.41886644270171, 9.39685554229385, 9.36909894193452, 9.33585891766145, 9.29741089947401, 9.25404385371455, 9.20606063066201, 9.15377766148761, 9.09752559473286, 9.03764842971532, 8.97450422626554, 8.90846325286239, 8.83990664951396, 8.76922348277991, 8.69680221152531, 8.62301249332746, 8.54821253550092, 8.4727467151131, 8.39694339987447, 8.32111537607731, 8.24556112119584, 8.17056759390999, 8.09640972702038, 8.02334892649663, 7.95163262490111, 7.88149469094361, 7.81315647409738, 7.7468268199402, 7.68270250385153, 7.6209700103032, 7.56180597695253, 7.50537683483097, 7.45183848492869, 7.40133616928924, 7.35400456299069, 7.30996825739136, 7.26934223575659, 7.23223210459996, 7.19873447475769, 7.16893787704639, 7.14292301929512, 7.12076284230847, 7.1025225116991, 7.08825942337567, 7.07802320945003, 7.07185546153775, 7.06978974493187
0.01, 0.01, 0.01, 0.01, 0.01, 0.01, 0.01, 0.01, 0.01, 0.01, 0.01, 0.01, 0.01, 0.01, 0.01, 0.01, 0.01, 0.01, 0.01, 0.01, 0.01, 0.01, 0.01, 0.01, 0.01, 0.01, 0.01, 0.01, 0.01, 0.01, 0.01, 0.01, 0.01, 0.01, 0.01, 0.01, 0.01, 0.01, 0.01, 0.01, 0.01, 0.01, 0.01, 0.01, 0.01, 0.01, 0.01, 0.01, 0.01, 0.01, 0.01, 0.17343692070602, 0.330186598525137, 0.480241284754619, 0.623593230419626, 0.760234686236662, 0.890157902581683, 1.01335512946192, 1.12981861649051, 1.23954061286339, 1.34251336733783, 1.43872912821256, 1.52818014330947, 1.61085865995691, 1.68675692497504, 1.75586718466369, 1.8181816847933, 1.87369267059956, 1.92239238678266, 1.96427307751181, 1.99932698643579, 2.02754635670018, 2.04892343097171, 2.06345045146992, 2.07111966000607, 2.07192329802862, 2.06585360667448, 2.05290282682441, 2.03306319916092, 2.00632696422622, 1.97268636247793, 1.9321336343398, 1.88466102024513, 1.83026076067045, 1.76892509615788, 1.70064626732483, 1.62541651486069, 1.54322807951062, 1.45407320204763, 1.35794412323424, 1.25483308377612, 1.1447323242698, 1.02763408514713, 0.903530606618844, 0.772414128619528, 0.634276890755775, 0.489111132259182, 0.336909091945133, 0.177663008178083, 0.0113651188435481, 0.01, 0.172056847513888, 0.327588065624899, 0.476582037956452, 0.619027060164804, 0.754911287298649, 0.884222664463977, 1.0069488489306, 1.12307714445856, 1.23259440894895, 1.3354879163999, 1.4317453106157, 1.52135343746519, 1.60429808479384, 1.68056359582451, 1.75013324853998, 1.81298377276192, 1.86908805396899, 1.91841841567053, 1.96095056018829, 1.99666977264174, 2.02556285777603, 2.04761523758087, 2.06281184976496, 2.07113795247086, 2.07258032747676, 2.06712684708317, 2.05476512441963, 2.0354821897684, 2.00926555489098, 1.97610267691246, 1.93598015986999, 1.88888423343635, 1.83480187379453, 1.77372098818666, 1.70562992759218, 1.63051742527598, 1.54837220486117, 1.45918283810162, 1.36293801530914, 1.25962662939626, 1.14923715750867, 1.03175755796499, 0.907175867805821, 0.775480237928845, 0.636658970274282, 0.490700496977657, 0.337593355440238, 0.177326358838611, 0.00988857548571853, 0.01, 0.169260068391891, 0.322325676551046, 0.469177315972043, 0.609795210839508, 0.744159158077141, 0.872248316392271, 0.994040969345704, 1.10951432571439, 1.21864423799197, 1.32140782303557, 1.41778331952767, 1.50774653672878, 1.59127006069184, 1.66832207803285, 1.73886741800385, 1.80285087139038, 1.86020587418871, 1.91086452213915, 1.95476919166503, 1.9918912026234, 2.02220629389852, 2.045685981703, 2.0623002882695, 2.07202023129922, 2.07482149685351, 2.07068307694524, 2.05958316338027, 2.04149817551211, 2.01640600647299, 1.98428434427209, 1.94510827578286, 1.89885178599772, 1.84549113251264, 1.78500539935775, 1.71737501596522, 1.64258157097136, 1.56060661929607, 1.47143125108668, 1.37503691735389, 1.27140568496106, 1.16051835574155, 1.04235415369609, 0.916892541477274, 0.784113326392471, 0.64399677325949, 0.496523541922551, 0.341674611851586, 0.179431800993908, 0.00977770322987878, 0.01, 0.166479560876924, 0.317095975209833, 0.461821843174219, 0.600629317889266, 0.733489838032096, 0.86037377475285, 0.981250035361243, 1.09608572969456, 1.20484569788558, 1.30749487146739, 1.40400001850851, 1.49432589492015, 1.57843184280315, 1.65626983319649, 1.72778593453107, 1.79289241192817, 1.85148337099295, 1.90345157695315, 1.94870699438834, 1.98720748002915, 2.01892173917812, 2.04381140975715, 2.0618315641659, 2.07293688856533, 2.07708993701051, 2.07426090573333, 2.06441861402299, 2.04752891803156, 2.02356016248975, 1.99248024396354, 1.95425269214035, 1.90883929734446, 1.85620481396618, 1.79631869085818, 1.7291534811549, 1.65468366263123, 1.57288364355573, 1.48372704591611, 1.38718809899072, 1.28324206413699, 1.17186208384349, 1.05301865996837, 0.926682690940808, 0.792825650345672, 0.651419775109548, 0.502437959437417, 0.345853629378339, 0.18164161037662, 0.00977802340889855, 0.01, 0.163744327116294, 0.311953080795926, 0.454590970929784, 0.591622080005597, 0.723009488273875, 0.848714778086765, 0.968697477887424, 1.0829145945665, 1.19131994894204, 1.29386627671764, 1.390508857368, 1.48120136670799, 1.56588986122053, 1.64451003813313, 1.71698889701118, 1.78320559968079, 1.84301503811155, 1.89627152738495, 1.94285351814355, 1.98270589837425, 2.01579037178398, 2.04205868866209, 2.06145095002141, 2.07390553797704, 2.07937197797679, 2.07781174662303, 2.06918593328602, 2.05345149262166, 2.03056728362559, 2.00049301591859, 1.96318227428592, 1.91858469546068, 1.86665359185264, 1.80734882713956, 1.7406351174389, 1.66647986279591, 1.58485034662302, 1.49571273603277, 1.3990340559275, 1.29478278245649, 1.18292441448904, 1.06342074365497, 0.936234114063323, 0.801327675167368, 0.658665644947134, 0.508213158341552, 0.349936092211702, 0.183802281970335, 0.00978137698203832, 0.01, 0.161242702734749, 0.307253172113885, 0.447988230359307, 0.583403890035912, 0.713454872436418, 0.838093969253098, 0.957271326740132, 1.07093384413234, 1.17902431534383, 1.28148326919845, 1.37825447819724, 1.46928051106798, 1.55449409698682, 1.63381460134244, 1.70714965019883, 1.77434473228837, 1.83521563955452, 1.88959504234879, 1.93734684608797, 1.97840340811125, 2.01271946190813, 2.04023686071477, 2.06088071276855, 2.07457312302705, 2.08125069006046, 2.08086624585742, 2.07337318475639, 2.05871959356785, 2.03685491385983, 2.00773072618302, 1.97129071231353, 1.92747240359372, 1.87621773081226, 1.81747702183758, 1.75120719321867, 1.6773685986532, 1.59592141833536, 1.50682437772457, 1.41003731461021, 1.30552194011913, 1.19323612514979, 1.07313296296101, 0.94516625320768, 0.809290830769086, 0.665462903594595, 0.5136398537165, 0.353780013034929, 0.185844229400115, 0.0097956818514926, 0.01, 0.158745186055232, 0.3025611954013, 0.441396963242904, 0.575200432551591, 0.703917965507089, 0.827493561981589, 0.945867983515422, 1.05897801774294, 1.1667554247562, 1.26912851597655, 1.36602953908082, 1.45738992924764, 1.54312904707003, 1.62314986826292, 1.6973403434815, 1.76551172225851, 1.82744080245926, 1.88293892461833, 1.93185577944383, 1.97411167457612, 2.0096544042691, 2.03841591502957, 2.06030630030924, 2.07523141319952, 2.08311502489832, 2.08390139656739, 2.07753626178183, 2.06395887238583, 2.04310931509144, 2.01493109372258, 1.97935802786482, 1.93631559018585, 1.88573438865327, 1.82755526350954, 1.76172736834167, 1.68820404116717, 1.60693837998634, 1.5178816812816, 1.42098661242434, 1.31620813914591, 1.20349651947864, 1.08279615963298, 0.954052325968636, 0.817211549765193, 0.672222037532969, 0.519033424533055, 0.357596501778269, 0.18786513193504, 0.00979602496296203, 0.01, 0.15625253487354, 0.297878648572771, 0.434819389945286, 0.567014632701913, 0.694402379754825, 0.816917837996088, 0.934492381728498, 1.04705268304463, 1.15451946130579, 1.25680880002679, 1.35384140424326, 1.44553754917689, 1.53180318567145, 1.61252484212295, 1.68757049318353, 1.75671658688166, 1.81970103195349, 1.87631415086594, 1.92639174769036, 1.96984255805252, 2.00660746780956, 2.03660850718941, 2.05974073324647, 2.07589377250814, 2.08497866766429, 2.08693118239471, 2.08168942362336, 2.06918384096063, 2.04934522797441, 2.02210906331022, 1.98739934501926, 1.94512953362307, 1.89521897276255, 1.8375990629996, 1.77221123140097, 1.69900183084409, 1.61791689810116, 1.52890031335444, 1.43189759022334, 1.32685696861858, 1.21372110879327, 1.09242574124346, 0.962907610675688, 0.825104956241167, 0.678957991616573, 0.524408611453249, 0.361400069982009, 0.189879247096236, 0.00979638495192373, 0.01, 0.153764652021853, 0.293205345221946, 0.428255242750928, 0.558846149394041, 0.684907708646907, 0.806366333272544, 0.923144007831232, 1.03515728495963, 1.14231583642408, 1.24452350739571, 1.34168944255266, 1.43372273089566, 1.52051587259669, 1.60193889146168, 1.67783948771439, 1.74795875101952, 1.81199580496245, 1.8697202618943, 1.92095436422159, 1.96559574894623, 2.00357842415817, 2.03481449067667, 2.05918394424682, 2.07656021013261, 2.08684170052528, 2.08995575435867, 2.085832885787, 2.07439477470282, 2.05556298274079, 2.02926501450867, 1.99541508692439, 1.95391469460192, 1.90467197490932, 1.84760893632189, 1.78265931557472, 1.7097625107422, 1.62885751822127, 1.53988081453553, 1.44277077614091, 1.33746893659316, 1.22391037338264, 1.10202215258549, 0.971732508850054, 0.832971400620027, 0.685671057308201, 0.529765639093643, 0.365190867515629, 0.191886642097287, 0.0097967384635177, 0.01, 0.151280884457882, 0.288540036846078, 0.42170273527764, 0.550692715959207, 0.675431262847046, 0.795835993475288, 0.911819500235079, 1.02328821250231, 1.13014074775061, 1.23226870260721, 1.32956964401262, 1.42194144893812, 1.50926312666844, 1.59138814016194, 1.66814362175981, 1.73923475671655, 1.80432198645329, 1.86315451514577, 1.91554134311557, 1.96136947436133, 2.0005660694201, 2.03303324097744, 2.05863585297609, 2.07723115483394, 2.08870502483661, 2.09297644886703, 2.0899683817777, 2.07959376589341, 2.06176499130905, 2.03640163906666, 2.00340818492628, 1.96267420337007, 1.91409668286128, 1.85758828682654, 1.79307509744706, 1.72048958799763, 1.63976373515937, 1.55082662436676, 1.4536095113654, 1.34804724263693, 1.23406732780479, 1.11158817975135, 0.980529534580337, 0.840813081360576, 0.69236307374655, 0.535105943537841, 0.368969883643702, 0.193887815603026, 0.00979704977306844, 0.01, 0.14880120424232, 0.283882669347239, 0.415161789049926, 0.542554231327174, 0.66597292047694, 0.785326677712539, 0.900518700843016, 1.01144529219897, 1.11799400829774, 1.22004418707506, 1.31748180043418, 1.41019348762508, 1.49804472703295, 1.58087236482962, 1.65848267399459, 1.73054439440732, 1.79667938765676, 1.85661674833973, 1.9101525516793, 1.95716363062633, 1.99757032819717, 2.03126471083817, 2.05809644112266, 2.07790661804003, 2.09056868178725, 2.09599333634028, 2.09409601051175, 2.08478094101415, 2.06795140634037, 2.04351911406799, 2.01137883854487, 1.97140827963523, 1.9234933338642, 1.86753736632849, 1.80345884020443, 1.73118333378802, 1.65063582460397, 1.56173801953803, 1.46441407001151, 1.35859215461747, 1.24419222994795, 1.12112406688512, 0.989298914463652, 0.848630203670339, 0.699034220880901, 0.540429675593011, 0.372737236140587, 0.195882848463513, 0.00979735891781722, 0.01, 0.146328576156645, 0.279238961787352, 0.408640666938161, 0.534441291714514, 0.656545400638456, 0.774853017510955, 0.889257943149986, 0.999646349066345, 1.10589472418151, 1.20787013763506, 1.30544694906482, 1.3985005344159, 1.4868828013572, 1.57041392364639, 1.64887902541719, 1.72190986534047, 1.78908982697152, 1.85012819067649, 1.90480842109488, 1.95299763854611, 1.99460939837612, 2.02952566330279, 2.05758082588507, 2.07859986010273, 2.09244386310834, 2.0990153275646, 2.09822218929828, 2.08996001116815, 2.07412301954538, 2.0506150982709, 2.0193213597925, 1.98010767460426, 1.9328489038544, 1.87743916070468, 1.81378932464206, 1.74181810861728, 1.66144411687781, 1.57258230993174, 1.47514974648148, 1.369067956321, 1.25424935778755, 1.13059509092674, 0.99800792914324, 0.856393056595127, 0.705658800832251, 0.545716155111096, 0.376478267235225, 0.197864109925948, 0.00979806680216191, 0.01, 0.143875487369341, 0.274632252898315, 0.402171923728913, 0.526394032463879, 0.647194783702561, 0.764465402698841, 0.878090290826874, 0.987945484965432, 1.09389639977837, 1.19579782550285, 1.29351249231342, 1.38690448733678, 1.47581210786419, 1.56003879987753, 1.63934941414459, 1.71333937202672, 1.78155367632099, 1.84368208532731, 1.89949576525925, 1.94885257881262, 1.99165932332391, 2.02778780088321, 2.05705706626658, 2.07927599382259, 2.09429343191108, 2.1020037087777, 2.10230727668575, 2.0950910562776, 2.08024028081358, 2.05765105974451, 2.02719888287737, 1.98873783628817, 1.94213180188174, 1.88726568694374, 1.82404282234936, 1.75237508514871, 1.67217472421019, 1.58334996362666, 1.48581078564221, 1.37947209023685, 1.26423877219657, 1.14000335184545, 1.00666013834378, 0.86410608022019, 0.712241554613339, 0.550969844573718, 0.380196581404114, 0.199833766980131, 0.00979932344517537, 0.01, 0.14143182876437, 0.270043649978294, 0.395729208588365, 0.518379970059356, 0.637883778953282, 0.754123060894697, 0.866972815426439, 0.976298941056149, 1.08195577161742, 1.18378580844723, 1.28164013520922, 1.37537152489967, 1.46480462507886, 1.5497260990303, 1.62988047312555, 1.7048265429923, 1.77407103041912, 1.83728446008676, 1.89422600912352, 1.94474473346956, 1.98874070188262, 2.02607549961511, 2.05655277686894, 2.07996533365547, 2.09614986286254, 2.10499256214945, 2.10638639681849, 2.10020967673132, 2.08633870050366, 2.06466185209949, 2.03504503763982, 1.99733060338011, 1.95137150761674, 1.89704349742156, 1.83424238984833, 1.7628732552581, 1.68284200491351, 1.59405013640809, 1.49640057168456, 1.38980159976151, 1.27415164535164, 1.14933568798137, 1.01523957422675, 0.871752028120703, 0.718765484758864, 0.556175522989124, 0.383880261622431, 0.201784734049219, 0.00980040219148678, 0.01, 0.139011609817317, 0.265499571556257, 0.389349748793499, 0.510445540242898, 0.628666430294625, 0.743886043829771, 0.855969976144703, 0.964773983620835, 1.07014131269967, 1.17190216586501, 1.26989596331835, 1.36396413877161, 1.45391765098485, 1.53952632605906, 1.62051431541096, 1.69640387177458, 1.7666639059135, 1.83094599254444, 1.88899744041402, 1.94065875793555, 1.98582331503393, 2.02434536190275, 2.05601604382279, 2.08061210240896, 2.09795613867641, 2.10792420183235, 2.11040177435229, 2.10525858651364, 2.09236206023248, 2.07159290246638, 2.042807474322, 2.00583642650509, 1.96052184887222, 1.90673037357636, 1.84435033837872, 1.77328003595485, 1.69341905763154, 1.6046621843904, 1.50690529394484, 1.40005008309061, 1.28398851188104, 1.15859802067323, 1.02375600480476, 0.879342974886882, 0.725243432298037, 0.561345257658858, 0.387539061281118, 0.203722910423643, 0.00980180804039391, 0.01, 0.136607320875147, 0.260985825497825, 0.383013496732346, 0.502565666652058, 0.619513458855582, 0.73372169548672, 0.845046563784372, 0.953333672318027, 1.05841517069684, 1.16010894859696, 1.25824274031632, 1.35264660793765, 1.44311777182487, 1.52940915210524, 1.61122446050294, 1.68804981670927, 1.75931718675248, 1.82465952328141, 1.88381222414069, 1.93660736733837, 1.98293165835797, 2.02263194001325, 2.05548676780336, 2.08125685044831, 2.09975081020136, 2.11083459600681, 2.11438620323375, 2.11026718771639, 2.09833653422556, 2.07846732369097, 2.05050641356453, 2.01427280593293, 1.96959778113955, 1.91633890486015, 1.85437707252673, 1.78360383015008, 1.7039124679069, 1.61519106048661, 1.51732845834923, 1.41021978598297, 1.29375054434256, 1.16779063603643, 1.03220901706593, 0.886877996321808, 0.731674150285428, 0.56647766770834, 0.391171654683182, 0.205647214898679, 0.00980289375124771, 0.01, 0.134222518155716, 0.256509257548249, 0.376730321025015, 0.494752974149336, 0.610439979126249, 0.723647353398502, 0.834221872387865, 0.941998991241104, 1.04679975341646, 1.14842972200647, 1.24670492322999, 1.34144401556445, 1.43243043195977, 1.5194001186045, 1.60203628364073, 1.67978931652486, 1.75205509096621, 1.81844826034897, 1.87869226972322, 1.93261088241269, 1.98008417347828, 2.02095150700935, 2.05497876523126, 2.08191064939288, 2.10154191466155, 2.11372845735327, 2.11834078161221, 2.11523224755476, 2.10425340976573, 2.08526977538033, 2.05812028922966, 2.0226139270253, 1.97857120881386, 1.92583989686675, 1.86429268093264, 1.79381439618579, 1.71429205024606, 1.62560702176133, 1.52764115073657, 1.42028300902147, 1.3034116440096, 1.17688942202078, 1.04057687146041, 0.894338111001688, 0.738041800868545, 0.571560444133966, 0.394769646795398, 0.207553551390126, 0.00980424703204402, 0.01, 0.131779784258178, 0.251922653024853, 0.370290829153852, 0.486743511698567, 0.60113510100575, 0.713312808120558, 0.823113993213677, 0.930363952743641, 1.03487261505907, 1.13643320326355, 1.23485001372395, 1.32993026978036, 1.42144356850407, 1.50910881486723, 1.59258865021062, 1.67129813087588, 1.74459787987289, 1.81208457033405, 1.87346470395426, 1.92854885031792, 1.97721050284227, 2.01928147630351, 2.05451489718973, 2.08263948467632, 2.1034362375181, 2.11675104668923, 2.12244692116131, 2.12036900440437, 2.11035942784945, 2.0922761332962, 2.06595010573646, 2.03118029630294, 1.98777652114152, 1.93557678801871, 1.87444562036685, 1.80426117293283, 1.72490418922394, 1.63624936200463, 1.53817153747732, 1.43055275435286, 1.31326561191392, 1.18616494158952, 1.04910285581584, 0.901935294448959, 0.744523010017549, 0.576730826051486, 0.398426852541695, 0.20948827327467, 0.009800722352859, 0.01, 0.129322652473573, 0.247309953756299, 0.363816247158259, 0.47869266536415, 0.591785246411593, 0.702932393233585, 0.811962047321084, 0.918689341236842, 1.02291307942518, 1.1244141318983, 1.22298292780924, 1.31841307994714, 1.41046031186492, 1.49882642155452, 1.58315342208348, 1.66282142743415, 1.73715663660231, 1.80573805573163, 1.86825523002591, 1.92450567574671, 1.97435633795712, 2.01763141291178, 2.05407119106865, 2.08338843542299, 2.10535049761116, 2.11979331008341, 2.1265723830068, 2.12552462297666, 2.11648374551914, 2.0993001222301, 2.07379671856637, 2.03976246341015, 1.99699652492713, 1.94532720487011, 1.88461089938195, 1.81471911292302, 1.73552634324462, 1.64690060745455, 1.54870977457842, 1.44082936958552, 1.32312554918548, 1.195445611481, 1.05763326459179, 0.90953628095246, 0.751007513960128, 0.581904113742483, 0.402086698380277, 0.211425495316553, 0.00979968491689465, 0.01, 0.126876423614852, 0.242717945233939, 0.357371029256587, 0.470678742153872, 0.582478759147379, 0.692600673273792, 0.800863003862904, 0.907070714352018, 1.0110114765215, 1.11245379429512, 1.21117421059358, 1.3069526991718, 1.39953106309738, 1.48859392838385, 1.57376261920129, 1.65438269246083, 1.72974673879201, 1.79941640663279, 1.8630642718641, 1.92047493642055, 1.97150883002016, 2.01598246201752, 2.05362323654948, 2.08412801547628, 2.10725061146522, 2.12281704488047, 2.13067532362175, 2.130654097575, 2.12257867369984, 2.10629184870241, 2.08160850963094, 2.0483075656295, 2.00617759239587, 1.95503723382054, 1.8947347975188, 1.82513516761018, 1.74610661436006, 1.65751048944367, 1.559207701276, 1.45106728038785, 1.33294894646135, 1.20469246587913, 1.06613315406564, 0.917110627392078, 0.757469848662098, 0.587060300725369, 0.405735113838737, 0.213357561503993, 0.00980037162213154, 0.01, 0.124441621253618, 0.238147622971951, 0.350956591288653, 0.462703526636572, 0.573217740950233, 0.68232001565202, 0.789819444535374, 0.89551081683064, 0.999170663120332, 1.10055510856227, 1.19942679127705, 1.29555201811029, 1.38865862561004, 1.47841400412709, 1.56441872965686, 1.64598417921886, 1.72237013407132, 1.79312118817442, 1.85789293569742, 1.9164572009005, 1.96866793067649, 2.01433388040434, 2.05316958391091, 2.0848561221018, 2.10913387490716, 2.1258189963924, 2.13475198893124, 2.13575322639114, 2.12863961456722, 2.11324637080916, 2.08938024604996, 2.05681013239508, 2.01531406788921, 1.96470108612352, 1.90481144448232, 1.83550343633935, 1.75663912256172, 1.66807319955947, 1.56965963155773, 1.4612609737575, 1.34273051433601, 1.2139004895949, 1.07459783379394, 0.924654018502856, 0.763906124398768, 0.592195973126793, 0.409369211171749, 0.215282160475118, 0.00980109773272281, 0.01, 0.122018116108065, 0.233598742501047, 0.344572587694948, 0.454766586269941, 0.564001686422352, 0.672089856279228, 0.778830760781445, 0.884009009952392, 0.98738998476715, 1.08871741911615, 1.18774002800221, 1.28421042382755, 1.37784243112014, 1.46828614164458, 1.55512132473211, 1.63762554883089, 1.71502657337073, 1.78685223704606, 1.85274114016965, 1.91245246444294, 1.96583370615586, 2.01268580048731, 2.0527104268658, 2.08557300409727, 2.11100058445295, 2.12879950105237, 2.13880274763507, 2.14082240311558, 2.13466697958583, 2.12016411073527, 2.09711235449219, 2.06527058876208, 2.02440636827413, 1.97431916348505, 1.91484121953494, 1.84582426841826, 1.76712417957675, 1.67858900915996, 1.58006579852252, 1.47141064648322, 1.35247041522443, 1.22306981262879, 1.08302740327, 0.932166525124977, 0.77031638517526, 0.597311149912394, 0.412988986089281, 0.217199266464144, 0.00980181778809999, 0.01, 0.11960556549838, 0.229070650023223, 0.338218085122047, 0.446866739718085, 0.554829197839413, 0.661908612676031, 0.767895217062585, 0.872563436901805, 0.975667495282915, 1.07693872251288, 1.1761118924219, 1.27292589579268, 1.36708050019126, 1.45820843666856, 1.54586861022457, 1.62930514618065, 1.70771455814445, 1.78060822473119, 1.84760774051778, 1.908459778184, 1.96300541533203, 2.0110377015988, 2.05224547783057, 2.08627861822693, 2.11285095128981, 2.13175903409647, 2.14282833090255, 2.14586258900009, 2.14066193437242, 2.12704641291592, 2.10480633351972, 2.07369056287235, 2.03345622622206, 1.98389327763353, 1.9248259876582, 1.85609955603067, 1.77756367861437, 1.68905978723237, 1.59042802257658, 1.48151804588743, 1.36217029884785, 1.23220196260839, 1.09142324347425, 0.939649356974679, 0.776701644781421, 0.602406624253313, 0.41659498643321, 0.219109157263929, 0.00980251480887209, 0.01, 0.117203807141361, 0.22456303753818, 0.33189264642145, 0.439003437263729, 0.545699629515561, 0.651775559826797, 0.757012025733755, 0.861173264189944, 0.964002332249987, 1.06521814450489, 1.1645415158178, 1.26169758853043, 1.3563720288589, 1.44818014580155, 1.53665992317511, 1.62102240290253, 1.70043361756111, 1.77438877699418, 1.842492458435, 1.90447895753059, 1.96018296481039, 2.00938957989754, 2.05177482078319, 2.08697313322173, 2.11468522467302, 2.13469792063698, 2.14682913347746, 2.15087424084337, 2.14662499027127, 2.13389383590027, 2.11246278238229, 2.08207068831605, 2.0424643028176, 1.99342410989544, 1.93476644284997, 1.86632999803951, 1.78795831547685, 1.69948621849916, 1.60074696918734, 1.49158380988021, 1.37183076724367, 1.24129749740717, 1.09978585976883, 0.947102958496639, 0.783062278297168, 0.607482693390068, 0.42018742311369, 0.221011948955262, 0.00980320154459902, 0.01, 0.114940958211157, 0.220317625259274, 0.325937081770448, 0.431602066146895, 0.537108432608105, 0.642241699244223, 0.746773224640502, 0.850457051530946, 0.953025062413832, 1.05418374374909, 1.15363993347148, 1.25110499862449, 1.34625045987598, 1.43867414327679, 1.52789305510766, 1.61309483092116, 1.69342518873049, 1.76836342685918, 1.83749709371332, 1.90054823833142, 1.95734519540551, 2.00766505079731, 2.05117101519861, 2.08748222074412, 2.11628635540914, 2.13736055709679, 2.15051516418033, 2.15553714718086, 2.15220988285774, 2.14033822975075, 2.11969583384142, 2.09001154889193, 2.05102180078171, 2.00249764943608, 1.94424752797812, 1.87610365810043, 1.79790344164059, 1.70947510927149, 1.61064506644293, 1.5012501552272, 1.38111799281917, 1.25005071213291, 1.10784183703458, 0.954290371420863, 0.789201951387543, 0.612387814020394, 0.423663710969445, 0.222858181633215, 0.00981171046324428, 0.01, 0.112683634026512, 0.216082707776144, 0.319996427877175, 0.424219467859863, 0.528539316313038, 0.632732671187056, 0.736561448955142, 0.839769493331122, 0.942077504149154, 1.04317952765304, 1.14276840711739, 1.24054170765825, 1.3361567604634, 1.42919384788076, 1.51914894211624, 1.60518630228977, 1.68643175500832, 1.76234897245201, 1.83250846224136, 1.89662015564956, 1.95450606253796, 2.00593519181276, 2.050557961815, 2.08797830408236, 2.11787098720991, 2.14000350485094, 2.15417859946476, 2.16017479725663, 2.1577671117031, 2.14675280185332, 2.12689710101248, 2.09791886108608, 2.0595442367894, 2.01153490924511, 1.95369144794333, 1.88583961983606, 1.80781069739162, 1.71942633421577, 1.62050610076218, 1.51088044658342, 1.39037057387835, 1.25877109406387, 1.11586720660413, 0.961449826005135, 0.795316747946211, 0.61727157826706, 0.427122604864074, 0.224691427364915, 0.00981208527417013, 0.01, 0.110443023668487, 0.21187959657272, 0.314101052051557, 0.416893998989672, 0.520037559942132, 0.623299611130383, 0.726432623754656, 0.829170237723403, 0.931221962147544, 1.03226939106013, 1.13199135549459, 1.23007159223205, 1.32615319942005, 1.41979885550571, 1.51048344268216, 1.59734787339356, 1.67949850174376, 1.75638365630489, 1.82755679218551, 1.89271585050467, 1.95167654706171, 2.00419975133471, 2.0499251380371, 2.08844360420461, 2.1194170914901, 2.14260216220674, 2.15779259549173, 2.16475844178694, 2.16326635884833, 2.15310600251592, 2.13403414019771, 2.10575962508345, 2.06799839237955, 2.02050278933539, 1.96306555807556, 1.89550603003086, 1.81764935649954, 1.72931062954982, 1.63030260614163, 1.5204493490326, 1.3995656379436, 1.26743856458244, 1.12384501511348, 0.968567825499727, 0.801396959181169, 0.622128396634751, 0.430562965943628, 0.226515329293677, 0.00981308248750076, 0.01, 0.108206736313753, 0.207684720834039, 0.308217414211689, 0.409583360893345, 0.511553316983729, 0.613886335397073, 0.716325438966645, 0.818594059085687, 0.920390506172937, 1.02138391016301, 1.12123907240115, 1.21962587510266, 1.31617314009098, 1.41042588210094, 1.50183783776365, 1.58952660234832, 1.67257947294634, 1.75042971482307, 1.82261371897394, 1.88881752222675, 1.94885053581873, 2.00246542803934, 2.04929103418981, 2.0889052160807, 2.12095718708811, 2.1451926570439, 2.1613964571028, 2.16933012564083, 2.16875197229856, 2.15944404611472, 2.14115459598913, 2.11358247962889, 2.0764334640098, 2.02945060712263, 1.97241885974997, 1.90515113691313, 1.82746647691726, 1.73917342574283, 1.64007794823327, 1.52999772605392, 1.40874110902527, 1.27608767093484, 1.13180599569586, 0.975670851524044, 0.807464377760113, 0.626974935376498, 0.433995896568047, 0.228334988400045, 0.00981336421539022, 0.01, 0.105910039597207, 0.203374795173238, 0.302169854717566, 0.402065698314589, 0.502824715083382, 0.604197133013937, 0.705916523662637, 0.807696105366562, 0.909222982009099, 1.01015380760905, 1.11013933637993, 1.20883556966918, 1.30585700950844, 1.40073094681735, 1.49288991685414, 1.5814282272277, 1.66541453455333, 1.74426732192917, 1.81750590462353, 1.88480037504428, 1.9459496657848, 2.00069819472694, 2.0486638620842, 2.08941149379339, 2.12257767362618, 2.14789733781303, 2.16514638497245, 2.17407780531266, 2.17444072392517, 2.16600872318802, 2.14852148513589, 2.12166787533351, 2.08514354376346, 2.03868230373541, 1.98206135068016, 1.91508720230571, 1.83757279209133, 1.74932013534872, 1.65012842613611, 1.53980897068803, 1.41816368146251, 1.28496461607303, 1.13997206719316, 0.982952746057652, 0.813680976026276, 0.631937504411343, 0.437508251438295, 0.23019401137425, 0.0098094963532134, 0.01, 0.103618400950599, 0.199074519813167, 0.296136072524304, 0.394565475016527, 0.49411674881285, 0.594531295203378, 0.69553323138401, 0.796825557945979, 0.89808416430489, 0.998953216740941, 1.0990694050032, 1.19807482345759, 1.29556961122156, 1.39106327594086, 1.48396709658407, 1.57335212310153, 1.65826878558352, 1.73812106444247, 1.81241118822692, 1.88079343355006, 1.94305628747903, 1.99893585631409, 2.04803901068489, 2.08991753816455, 2.12419548882009, 2.15059710384147, 2.16888936491113, 2.17881667860398, 2.18011897886417, 2.17256136346414, 2.15587490067863, 2.12973847234087, 2.09383766263735, 2.0478970847659, 1.99168621478156, 1.92500519223548, 1.84766085408771, 1.75944870050055, 1.66016117613901, 1.5496032176142, 1.42757029278175, 1.29382694500237, 1.14812518683569, 0.990223683382494, 0.819888950203454, 0.636894126842084, 0.441017685504835, 0.232053489999385, 0.00980981250475618, 0.01, 0.101331564248572, 0.19478339224286, 0.290115328469463, 0.387081724911188, 0.485428234869384, 0.584887431133079, 0.685173973416674, 0.785980639824161, 0.886972097295301, 0.987780012445346, 1.0880269930888, 1.18734120031907, 1.28530836697492, 1.38142015766717, 1.47506653989243, 1.56529533583848, 1.65113916358242, 1.73198778086943, 1.80732631848742, 1.87679336586372, 1.94016699765719, 1.99717494743775, 2.04741296185495, 2.09041978262771, 2.12580701686167, 2.15328828923586, 2.17262168014435, 2.18354297721105, 2.18578291674221, 2.17909809408178, 2.16321091902833, 2.13779030017697, 2.10251180705079, 2.05709089726827, 2.00128936346523, 1.9349009862021, 1.85772651425053, 1.76955494815369, 1.67017200457696, 1.55937625632407, 1.43695671941775, 1.30267042488927, 1.15626111631047, 0.997479423496771, 0.826084062393052, 0.641840570665881, 0.444519976452192, 0.233909215437297, 0.00981012109719021, 0.01, 0.0990236199080445, 0.190453265091626, 0.284040909001871, 0.379532839869507, 0.476666342233578, 0.575165158708395, 0.674734488552202, 0.775056882795361, 0.875785778062144, 0.97654032956157, 1.07692904591845, 1.17656401757844, 1.27501439067465, 1.37175394519581, 1.46615129130624, 1.55723105318546, 1.64400844843181, 1.72585929031074, 1.80225160105006, 1.8728084105098, 1.93729741385484, 1.99543791138889, 2.04681443238819, 2.09095266546953, 2.12745186483702, 2.15601511660613, 2.17639161552514, 2.18830849544249, 2.19148728877387, 2.18567607093263, 2.17058854911152, 2.14588348910415, 2.11122631325562, 2.06632336890743, 2.01092880101342, 1.9448300502157, 1.86782178541718, 1.7796869309079, 1.68020491459827, 1.56916794795334, 1.44635858800485, 1.31152635539143, 1.16440673577934, 1.00474233450064, 0.832284076033097, 0.646789902033089, 0.448023400500078, 0.235764581322646, 0.00980884051823161, 0.01, 0.0967205871238384, 0.186132492668294, 0.277979819637166, 0.372000792672505, 0.467924326843174, 0.565465332647802, 0.664319545566598, 0.764159284544421, 0.864626747489991, 0.965328565750949, 1.06585913059565, 1.1658144372047, 1.26474700298303, 1.36211267270478, 1.45725865351928, 1.54918640145372, 1.63689415363078, 1.71974406304166, 1.79718703204765, 1.86883066044726, 1.93443229727481, 1.99370274817782, 2.04621523049278, 2.09148237231412, 2.129091165897, 2.1587342374876, 2.18015191201315, 2.19306264980712, 2.19717878867277, 2.19223986646271, 2.17795084340912, 2.15396031277534, 2.11992355974479, 2.07553786608126, 2.02054976495312, 1.95474037631184, 1.87789829759883, 1.78980037977936, 1.69021977047584, 1.57894232577725, 1.45574413652503, 1.32036721492147, 1.17253879989993, 1.01199348320624, 0.838474406079363, 0.6517319200983, 0.45152217711087, 0.237618263576886, 0.00980913933414829, 0.01, 0.0944152485006725, 0.181807259565499, 0.271912266274401, 0.364460429831377, 0.459172295142927, 0.555753938683513, 0.653891628876474, 0.753247447620733, 0.853452345775003, 0.954100418453315, 1.05477192151159, 1.1550467303945, 1.25446069198487, 1.35245166555152, 1.44834540988606, 1.54112024259763, 1.62975763616252, 1.71360616245686, 1.79209959351333, 1.8648302277257, 1.9315451011855, 1.99194646402134, 2.04559612793936, 2.09199365331108, 2.13071386081167, 2.16143899501895, 2.1839005268695, 2.19780823373314, 2.20286527828435, 2.1988026434323, 2.18531649861707, 2.16204523528644, 2.12863401157952, 2.08477108695835, 2.03019471065449, 1.96467897948556, 1.88800643277897, 1.79994785113417, 1.7002701103413, 1.58875271706984, 1.46516528883837, 1.32924233137865, 1.18070284801398, 1.0192734277433, 0.844689436744656, 0.656693642407803, 0.455034764375074, 0.239478968011246, 0.0098087782232216, 0.01, 0.0921085239292773, 0.177479468222095, 0.265841196553955, 0.356915806805485, 0.450415472941191, 0.546037435348428, 0.643458491887703, 0.742330482139614, 0.842273101117943, 0.942867894696741, 1.04368096440358, 1.14427604036343, 1.24417225552488, 1.34278943151136, 1.43943183167075, 1.53305466497911, 1.62262260693244, 1.70747047414806, 1.78701489807447, 1.86083300655697, 1.92866155645064, 1.99019418044562, 2.04498118943122, 2.09250906860832, 2.13234055856165, 2.16414760135293, 2.18765282996828, 2.20255732926946, 2.20855510651017, 2.20536857214305, 2.19268506061594, 2.17013273206795, 2.13734662783035, 2.09400602872138, 2.03984093765178, 1.97461845052346, 1.89811505703221, 1.8100954704113, 1.71032030316203, 1.59856271854988, 1.47458585357197, 1.3381167094719, 1.18886606519358, 1.0265525179402, 0.850903667096927, 0.661654701823285, 0.458546913555971, 0.241339548936886, 0.00980869921866359, 0.01, 0.0897360117742035, 0.17302731348089, 0.259594399369936, 0.349151304020151, 0.441401829796335, 0.536034379153121, 0.632716276133519, 0.731089112981692, 0.830761320315001, 0.931301881989359, 1.03226272650575, 1.13319141330014, 1.23359031820423, 1.33286117332455, 1.43028669979814, 1.52479902780582, 1.61534135244539, 1.70122986741891, 1.78186406815344, 1.85680604228474, 1.92578230108829, 1.98847779837827, 2.04443124983781, 2.09311605831781, 2.13408297539226, 2.16699371940869, 2.19156210151387, 2.20748050476845, 2.21443380076488, 2.21213581030005, 2.20026498915296, 2.17843923711331, 2.14628348906222, 2.10346809064293, 2.0497148358964, 1.98478384194034, 1.90844555730435, 1.82045863086086, 1.72057742033031, 1.60856875155839, 1.48418927386056, 1.34715848596291, 1.19717895359813, 1.03396129305802, 0.857225345146508, 0.666698726705053, 0.462115304926467, 0.243227410072418, 0.00980470099552425, 0.01, 0.0873646206411351, 0.168577361481243, 0.253350847888062, 0.341391051263976, 0.432393401603144, 0.5260374613795, 0.621981077341479, 0.719855589175056, 0.819258154391362, 0.91974518195801, 1.02085440865113, 1.12211719796941, 1.22301912566474, 1.32294378282789, 1.42115230224796, 1.51655376562342, 1.60807001403919, 1.69499860565927, 1.77672188996994, 1.85278704443137, 1.92291036841536, 1.98676807595367, 2.04388719412016, 2.09372803676351, 2.13582945731966, 2.16984302901008, 2.19547375741938, 2.21240531487111, 2.22031345724347, 2.21890339892046, 2.20784467401497, 2.18674489360884, 2.15521889685212, 2.11292813769813, 2.05958623879453, 1.99494636067963, 1.91877291930418, 1.83081850233359, 1.73083122133356, 1.61857157083219, 1.49378970547412, 1.35619762357563, 1.20548968892196, 1.04136854784931, 0.863546290850351, 0.671742968406036, 0.465685027460598, 0.245117884259558, 0.00980476652090356, 0.01, 0.0849941167223737, 0.164129150388543, 0.247109858025239, 0.333634147983608, 0.423389077118131, 0.516045365878332, 0.611251380248082, 0.708628202144228, 0.80776170728076, 0.908195716897073, 1.00945375739691, 1.11105097117254, 1.21245609107213, 1.31303451587932, 1.41202574416288, 1.50831583936147, 1.60080541431549, 1.68877337929415, 1.77158492814931, 1.84877245748341, 1.92004208830053, 1.98506123443707, 2.04334514180186, 2.09434102882876, 2.13757594116042, 2.17269138502857, 2.19938357675338, 2.2173274692081, 2.22618972250965, 2.2256669281706, 2.21541965617074, 2.19504520097876, 2.16414831684396, 2.12238160931181, 2.0694505669478, 2.00510141584277, 1.92909254796385, 1.84117049295851, 1.74107712486306, 1.62856661299241, 1.50338261039699, 1.36522961710744, 1.21379380619557, 1.04876986496472, 0.869862141840549, 0.676783126880749, 0.46925185075994, 0.247006818059037, 0.00980482661689863, 0.01, 0.0826085432572231, 0.159652168127539, 0.240827763693601, 0.325825175347576, 0.414323086058122, 0.505983372256847, 0.600444915755882, 0.697318535560493, 0.796178816971165, 0.896556980741274, 0.997962324352848, 1.09989374404466, 1.20180308711545, 1.30303750899299, 1.40281482845083, 1.4999981208314, 1.59346689591342, 1.68248140401202, 1.76638967390795, 1.84470944997519, 1.91713670325339, 1.98332998242407, 2.04279266056474, 2.09495758092597, 2.13933878418002, 2.17556779168172, 2.20333204682815, 2.22229777457254, 2.23212255924916, 2.23249435335681, 2.22306472082139, 2.20342061206036, 2.17315670737527, 2.13191680698995, 2.07939830253651, 2.01534050771496, 1.9394957991054, 1.85160465155267, 1.75140271017827, 1.63863782517986, 1.51304714114497, 1.37432766195173, 1.22215738115911, 1.05622303792541, 0.8762212468279, 0.681856943420555, 0.472841746076178, 0.248907250056885, 0.0098038245763129, 0.01, 0.0802107694071265, 0.155152027370579, 0.2345127954552, 0.317974856195197, 0.405208517924109, 0.495866811052022, 0.589579129798852, 0.685946025101896, 0.784530783217851, 0.88485201164623, 0.986404760399485, 1.08867165453942, 1.19108761320774, 1.29298149752658, 1.39354940111187, 1.49163144148644, 1.58608615041724, 1.67615510654942, 1.76116916445614, 1.84063154463969, 1.91422694502128, 1.98160382229683, 2.04225358927212, 2.09559471037658, 2.1411283076986, 2.17847598970757, 2.2073166629726, 2.22730803871428, 2.23809864465454, 2.23936777845055, 2.2307579565533, 2.21184575836692, 2.18221580140929, 2.1415031236125, 2.0893970567836, 2.02563002429695, 1.94994839599567, 1.86208659520841, 1.76177404680273, 1.64875228799967, 1.52275194813825, 1.38346253713345, 1.23055388026124, 1.06370477944256, 0.882604123642104, 0.686949299843811, 0.476444518097447, 0.250814466699655, 0.0098030874974106, 0.01, 0.0778151583405992, 0.150656066511819, 0.228203879111111, 0.310132315937434, 0.396103309907747, 0.485761043345865, 0.57872541938289, 0.674586715647424, 0.7728969106276, 0.873161985698672, 0.974862724747086, 1.07746545652542, 1.18038812927497, 1.2829412587608, 1.38429916808032, 1.48327904727166, 1.57871857517536, 1.66984064727724, 1.75595893500284, 1.83656226327866, 1.91132414623653, 1.97988294566082, 2.04171802332669, 2.09623346143365, 2.14291754827831, 2.18138204983047, 2.21129739674641, 2.2323128233801, 2.2440678208369, 2.24623301633858, 2.23844183779724, 2.22026046699267, 2.19126346999809, 2.15107716547802, 2.09938286252756, 2.03590611629283, 1.96038729858632, 1.87255478457031, 1.77213178756912, 1.65885353801153, 1.53244414325905, 1.39258562149684, 1.23893964098109, 1.0711770773299, 0.888979102153131, 0.692035559814979, 0.480043256032408, 0.252719974496456, 0.00980323094865626, 0.01, 0.0754228540810551, 0.146166494540239, 0.221904209569676, 0.302301656360679, 0.387012391635446, 0.475671747571695, 0.567890132723563, 0.663247546184199, 0.761284649974406, 0.861494786517042, 0.96334445498567, 1.06628366279707, 1.16971334473251, 1.2729256204105, 1.37507299736637, 1.47494976838688, 1.57137288376437, 1.66354654465096, 1.75076723066141, 1.83250949863944, 1.90843576771776, 1.97817430201383, 2.04119232246544, 2.09687952589472, 2.14471145106069, 2.18429009137685, 2.21527746212253, 2.23731435748596, 2.25003125194828, 2.25309008702206, 2.24611516159178, 2.22866223368772, 2.20029582939136, 2.16063359089671, 2.10934884151443, 2.0461602901755, 1.97080231937307, 1.88299725948956, 1.78246212101438, 1.66892583377203, 1.5421059764946, 1.40167763646203, 1.24729491086353, 1.07862075453073, 0.895328629953426, 0.697100844809977, 0.483626804462847, 0.254617390348658, 0.00980369335760373, 0.01, 0.0730137959663138, 0.141645887129328, 0.215561695686653, 0.294418816339323, 0.37786242889406, 0.465519013410965, 0.556989480479676, 0.651843545535745, 0.749610545544, 0.849771171264425, 0.951777618706201, 1.05506354908541, 1.15901119918789, 1.26289258102611, 1.36583834830439, 1.46661992670364, 1.56403366165541, 1.65726504912947, 1.74559336855354, 1.82847903539317, 1.90557346204541, 1.97649481238208, 2.04069807764745, 2.09755856639711, 2.146539151571, 2.18723212353221, 2.21929114234469, 2.24234859856746, 2.2560259700421, 2.25997675051794, 2.25381632675582, 2.23709000690629, 2.20935228943822, 2.17021218263202, 2.11933506074721, 2.05643280841951, 1.98123382752902, 1.89345440708983, 1.79280536345113, 1.67900933201196, 1.5517773562846, 1.41077758813422, 1.25565655790777, 1.0860693105788, 0.901681607723235, 0.702168226247803, 0.487211175126726, 0.256514435887506, 0.00980267582166733, 0.01, 0.0706080056988783, 0.137131575469538, 0.20922826607822, 0.286547609868104, 0.368726408963865, 0.455382289269578, 0.546106659956042, 0.640458947624567, 0.737957155565754, 0.838069310170041, 0.940233285882938, 1.04386637296895, 1.14833208113414, 1.25288227778868, 1.35662571846233, 1.45831099190124, 1.55671396177917, 1.65100140845087, 1.74043540315195, 1.82446234594943, 1.90272273027577, 1.9748246173797, 2.04021068095176, 2.09824183872926, 2.14836838108275, 2.19017296443023, 2.22330095343512, 2.24737637142787, 2.26201173339207, 2.26685213314958, 2.2615040551821, 2.24550237038556, 2.21839160000119, 2.17977216054846, 2.12930151381793, 2.06668474201192, 1.99164427512845, 1.90389036427997, 1.80312764038799, 1.68907245062711, 1.56142929679035, 1.41985939088859, 1.26400170067421, 1.09350337217896, 0.908022474264928, 0.70722625897948, 0.49078934287561, 0.258408809919048, 0.00980290505762707, 0.01, 0.0682053978788926, 0.132623392199989, 0.202903674861134, 0.278687715981826, 0.359603939242928, 0.445261114363069, 0.535241145653771, 0.629093164666321, 0.72632383135374, 0.826388495087367, 0.928710690428842, 1.03269131205668, 1.13767511367342, 1.24289378133041, 1.34743412837014, 1.45002193666593, 1.54941271050169, 1.64475450451919, 1.7352921740565, 1.82045822893815, 1.89988233084805, 1.97316243621003, 2.03972881428291, 2.09892798970195, 2.15019775296167, 2.19311119518373, 2.22730544505458, 2.25239619490182, 2.26798703251093, 2.2737147013767, 2.2691767936374, 2.25389775565711, 2.22741218154328, 2.18931193797117, 2.13924661064922, 2.07691450111761, 2.00203207622429, 1.91430355268014, 1.81342738468541, 1.69911363739078, 1.57106026444436, 1.42892153361527, 1.27232885431032, 1.10092148450022, 0.914349808507816, 0.712273559415533, 0.494359965310106, 0.260299214935391, 0.00980313214596668, 0.01, 0.0658059630707206, 0.128121319271302, 0.196587896192877, 0.27083910186276, 0.350494980751452, 0.435155444355748, 0.524392888679164, 0.617746143948913, 0.714710517060189, 0.814728667715632, 0.917209772287754, 1.02153830527317, 1.12704023552157, 1.23292703111238, 1.33826351941351, 1.44175270538191, 1.5421298556811, 1.63852428945513, 1.73016363871086, 1.81646664748453, 1.8970522324508, 1.9715082431781, 2.03925245851982, 2.09961700798023, 2.15202726436751, 2.19604682174231, 2.23130463188214, 2.25740809218123, 2.27395189873887, 2.28056449404004, 2.27683458791888, 2.26227621503032, 2.23641409217272, 2.19883157787613, 2.14917041797449, 2.08712215503562, 2.01239730149363, 1.92469404319227, 1.82370466631468, 1.7091329601904, 1.58067032396733, 1.43796407683506, 1.28063807410897, 1.10832369655329, 0.920663652109736, 0.717310160780888, 0.497923066138419, 0.262185664044269, 0.00980335851260544, 0.01, 0.0634443014303861, 0.123690937425569, 0.19037387212728, 0.263118451658803, 0.341536340457291, 0.425218589657398, 0.513728083388687, 0.606593344172396, 0.703298316039222, 0.803272956312733, 0.905912064853426, 1.01058367141488, 1.1165949312374, 1.22313705800075, 1.32925284960013, 1.43362256386588, 1.53496135079441, 1.63238228105957, 1.72509827536439, 1.81251442790361, 1.89423899647222, 1.96984972190565, 2.03875180767371, 2.10026298637801, 2.15379629473077, 2.19890589747014, 2.23521262810439, 2.26231562496036, 2.27980072777346, 2.28728812700249, 2.28435766031043, 2.27051296356173, 2.24526892576827, 2.20820043877286, 2.15894144454784, 2.09717674829684, 2.02261091679418, 1.93493610860642, 1.83383845061945, 1.71901546256863, 1.59015198285112, 1.44688837782111, 1.28884095298119, 1.11563322272404, 0.926900226756198, 0.72228667787794, 0.50144503909203, 0.264051715714527, 0.00980569316756086, 0.01, 0.0610831037668138, 0.119261384613247, 0.184160943766405, 0.255399065570508, 0.332579033670342, 0.415283036820569, 0.503064443854735, 0.595441463357838, 0.691886666839543, 0.791817296671918, 0.894613758015552, 0.999627611399178, 1.10614716975957, 1.21334335609957, 1.32023689552462, 1.42548532812326, 1.52778380707148, 1.626229289324, 1.720020122648, 1.80854787343819, 1.89141022601762, 1.96817481072444, 2.03823417161634, 2.10089164270401, 2.15554800540698, 2.2017480622788, 2.23910458669573, 2.26720849351, 2.28563680113738, 2.29400149657071, 2.29187355543662, 2.27874622768436, 2.25412401742015, 2.21757277329239, 2.1687186728754, 2.10723980544234, 2.03283480079837, 1.94518979379283, 1.8439847606587, 1.72891095769667, 1.59964665632036, 1.45582526578901, 1.29705554601245, 1.12295315575256, 0.933145474555744, 0.72726971384626, 0.504970959969499, 0.265918730011545, 0.00980559204166698, 0.01, 0.0587261345587793, 0.114839942398011, 0.177959662394646, 0.247694517232156, 0.323639408965542, 0.405367661882533, 0.492423126001342, 0.584313689599994, 0.680500541822605, 0.780388197292975, 0.88334264800226, 0.988698960378576, 1.0957265759493, 1.20357609041346, 1.31124611244392, 1.41737149371795, 1.52062751063339, 1.62009508069742, 1.71495805601529, 1.80459459744951, 1.88859190127204, 1.96650748202797, 2.03772113702784, 2.10152180020268, 2.15729807835289, 2.20458547724355, 2.24298876650374, 2.27209067309787, 2.29145942915153, 2.30069886666036, 2.29937110948208, 2.28695903466099, 2.26295681234838, 2.22692129103431, 2.17847091954113, 2.11727709264105, 2.04303251189649, 1.9554172920495, 1.85410526735782, 1.73878143687778, 1.60911749886288, 1.46473990160999, 1.30524986404593, 1.13025520006352, 0.939375637148972, 0.732240891200974, 0.508488675841861, 0.267781622263533, 0.00980588243878333
0, 0, 0, 0, 0, 0, 0, 0, 0, 0, 0, 0, 0, 0, 0, 0, 0, 0, 0, 0, 0, 0, 0, 0, 0, 0, 0, 0, 0, 0, 0, 0, 0, 0, 0, 0, 0, 0, 0, 0, 0, 0, 0, 0, 0, 0, 0, 0, 0, 0, 0, -0.353207738760648, -0.691958058237723, -1.01623458180721, -1.32602093043236, -1.62130072257037, -1.90205757409383, -2.16827509822311, -2.41993690546695, -2.65702660356889, -2.87952779745855, -3.08742408920669, -3.28069907798417, -3.45933636002474, -3.62331952859251, -3.77263217395493, -3.90725788336257, -4.0271802410372, -4.13238282816965, -4.22284922292925, -4.29856300048637, -4.35950773304942, -4.40566698991722, -4.43702433754733, -4.45356333963984, -4.45526755723558, -4.44212054882668, -4.4141058704762, -4.37120707594298, -4.31340771680675, -4.24069134258827, -4.1530415008588, -4.05044173733352, -3.93287559594418, -3.80032661888701, -3.65277834664344, -3.49021431797253, -3.3126180698757, -3.11997313753593, -2.91226305423471, -2.6894713512514, -2.45158155774999, -2.19857720065878, -1.93044180454816, -1.64715889151139, -1.34871198105243, -1.0350845899841, -0.706260232338874, -0.36222241929366, -0.00295465910915804, 0, -0.35365250438636, -0.692866564517301, -1.01761772778272, -1.32788143738566, -1.62363298686506, -1.90484766325324, -2.17150069845665, -2.42356701831752, -2.66102145650857, -2.8838386905521, -3.09199334051071, -3.28545989067444, -3.46421288333943, -3.62822675797934, -3.77747559349181, -3.91193052871187, -4.03157809217226, -4.13641625329798, -4.22643862336085, -4.30164105393994, -4.36201768255361, -4.40756164954561, -4.43826489670988, -4.45411898024348, -4.45511671808699, -4.44125149002894, -4.41251624456344, -4.3689032894144, -4.31040475050408, -4.23701276709413, -4.14871858268354, -4.04551245397313, -3.92738476472483, -3.79432624963806, -3.64632775437494, -3.48338010782861, -3.30547391957302, -3.11259943464887, -2.90474670766148, -2.68190565338603, -2.44406564659588, -2.19121551711618, -1.92334400105735, -1.64043980979557, -1.3424916589731, -1.02948822729451, -0.701418249655362, -0.358270521966586, -3.38133445850208e-05, 0, -0.354575425088305, -0.694755770098207, -1.02050010231247, -1.33176717783487, -1.62851530369227, -1.9107027739679, -2.17828772251891, -2.43122736002194, -2.6694786263195, -2.89299799494362, -3.1017417767827, -3.29566588476481, -3.47472642921598, -3.63887923106534, -3.78807923554888, -3.92227270638108, -4.04145213935065, -4.14564422636184, -4.23486241655602, -4.309127241845, -4.36845434739504, -4.41285638732641, -4.44234241425382, -4.4569202845183, -4.45660163825761, -4.44139984017401, -4.41132696835036, -4.36639316122678, -4.30660799426523, -4.23198114419809, -4.14251958370594, -4.03822761036505, -3.91910991048847, -3.78517186352622, -3.63641919546478, -3.47285758808133, -3.29449206779685, -3.10132656299316, -2.89336442464845, -2.67060858087017, -2.43306032656893, -2.180719308165, -1.9135848932106, -1.63165637862144, -1.33493307922199, -1.02341420460369, -0.697099142522247, -0.355987473679709, -7.87043056997838e-05, 0, -0.355484703382665, -0.696618764003541, -1.02334477131733, -1.33560479784977, -1.63334016931355, -1.91649219509988, -2.18500192318435, -2.43880886506228, -2.67785209027244, -2.90206989897829, -3.11140033601161, -3.30578080231245, -3.48514906570535, -3.64944245241291, -3.79859732844487, -3.93253614133647, -4.05125727323818, -4.15481486381211, -4.2432409335337, -4.31657995317367, -4.3748689710165, -4.41814012009135, -4.44641959884318, -4.45973154109865, -4.45810627133178, -4.44157702209128, -4.4101749224833, -4.36392787128907, -4.30286279487067, -4.22700691549976, -4.13638297375733, -4.03100925120995, -3.91090466389442, -3.77608917039527, -3.62658331866238, -3.46240759075765, -3.28358139151939, -3.09012230641505, -2.88204695337771, -2.65937124209722, -2.42210836461606, -2.17026876884906, -1.90386244116875, -1.62289925185311, -1.32738910342838, -1.01734172782461, -0.69276715955823, -0.353675760029541, -7.77699290936407e-05, 0, -0.356381017440779, -0.69845683874173, -1.02615357781088, -1.33939662711026, -1.63811033621984, -1.92221903806034, -2.19164670683214, -2.44631517074559, -2.68614565241403, -2.91105831088814, -3.12097296961074, -3.31580857642598, -3.49548464533861, -3.6599201305363, -3.80903336749404, -3.94272403467848, -4.06099632543081, -4.16393057648107, -4.25157613626819, -4.32400068610385, -4.38126261203602, -4.42341352942689, -4.45049681643438, -4.4625528621321, -4.45963054005499, -4.44178283540926, -4.40905985946455, -4.36150721066448, -4.29916906921736, -4.22209015429747, -4.13030895491419, -4.02385768089756, -3.90276940641204, -3.76707860465213, -3.61682079630385, -3.45203142455996, -3.2727442333726, -3.07899043934353, -2.87079989846294, -2.64820147097878, -2.41122022360208, -2.15987739101299, -1.89419356615478, -1.61418918103449, -1.31988471511988, -1.01130041484938, -0.688456956113568, -0.351375477606015, -7.69525032253693e-05, 0, -0.357265680854899, -0.700272441314363, -1.02892992201814, -1.34314683884717, -1.642830570365, -1.92788848112173, -2.19822748345492, -2.45375173791892, -2.69436464317144, -2.91996824882618, -3.13046420079039, -3.32575305161579, -3.50573614849216, -3.67031419387535, -3.81938803051253, -3.95283559329786, -4.07066681720918, -4.17298719754386, -4.25986238046083, -4.33138254822281, -4.38762736052179, -4.42866791786782, -4.45456481047675, -4.46537466060975, -4.46116475898294, -4.44200773100403, -4.407972605502, -4.3591226240136, -4.29551912583356, -4.21722424054749, -4.124292146821, -4.016768928378, -3.89470174758634, -3.75813952914893, -3.60713271140245, -3.44173164909834, -3.26198438804006, -3.06793575029096, -2.85962880142198, -2.63710532174843, -2.40040223053772, -2.1495515347021, -1.8845844216668, -1.6055318737103, -1.31242493666259, -1.00529436376849, -0.684171466991145, -0.349088158963446, -7.61434015586482e-05, 0, -0.358149928627017, -0.70208698560665, -1.03170434061192, -1.34689403625322, -1.6475464848132, -1.93355208987139, -2.20480071271965, -2.46117886038942, -2.70257212833614, -2.92886448533835, -3.13993943939188, -3.33567919999844, -3.51596702629952, -3.68068547800856, -3.82971839396893, -3.96292289712761, -4.08031460135848, -4.18202371779794, -4.26813175922977, -4.33875076216964, -4.39398159967399, -4.43391485795064, -4.45862836694462, -4.46819496033872, -4.46270022380435, -4.44223631792218, -4.40689112766449, -4.35674548367454, -4.29187812905782, -4.21236886071913, -4.11828748950376, -4.00969392151604, -3.88664934147503, -3.74921706589822, -3.59746239832911, -3.43145055770199, -3.2512438557727, -3.05690069502222, -2.84847732310027, -2.62602841114744, -2.38960270970614, -2.13924298386391, -1.87499107821945, -1.59688859091383, -1.30497712328685, -0.999297928032794, -0.679892948128656, -0.346804866952691, -7.61169203936096e-05, 0, -0.35903041872669, -0.703894047648182, -1.03446758773948, -1.35062641163931, -1.65224397008188, -1.93919371307355, -2.21134846167099, -2.46857708350378, -2.71074739155468, -2.93772530233097, -3.14937622548919, -3.34556407965605, -3.52615411457156, -3.69101085601202, -3.84000162659952, -3.97296366629377, -4.08991820878841, -4.19101974298004, -4.27636522069075, -4.34608789076371, -4.4003097796167, -4.4391409595067, -4.46267652729679, -4.47100550630269, -4.46423165575791, -4.44246656705573, -4.40581692016394, -4.35438108105603, -4.2882551123793, -4.20753640141819, -4.11231033552033, -4.00265059186481, -3.87863231200477, -3.74033314485148, -3.58783320691395, -3.42121253409063, -3.24054766826833, -3.04591056731152, -2.83737063347324, -2.61499539951109, -2.37884542596485, -2.12897422202266, -1.86543427563323, -1.58827778757199, -1.29755690452888, -0.99332337120943, -0.675629756456791, -0.344529511109551, -7.57943495707236e-05, 0, -0.359894886166667, -0.705670230222407, -1.03718626660256, -1.35430170124644, -1.65687302808547, -1.94475675097819, -2.21780866158619, -2.47588000228426, -2.71882082432411, -2.94647902049989, -3.15870194167485, -3.3553352677268, -3.53622631752408, -3.7012216915117, -3.85017268235717, -3.98289757274455, -4.0994231606943, -4.19992777960147, -4.28452339638676, -4.35336383535646, -4.40659221664897, -4.44433715983494, -4.46671010748368, -4.47381625375896, -4.46577741104443, -4.44272449800089, -4.40478292881899, -4.352068551338, -4.2846946641131, -4.20277616842413, -4.10641397278461, -3.99569547445216, -3.87070970676337, -3.73154859200331, -3.57830700772773, -3.41107975985306, -3.22995758474207, -3.03502597067956, -2.8263674471541, -2.60406237946769, -2.36818311696254, -2.11879389889094, -1.85595784277193, -1.57973773883302, -1.29019626898665, -0.987395662532635, -0.671399109045652, -0.342270823546931, -7.46900557110353e-05, 0, -0.360756706899928, -0.707441052969263, -1.03989680838272, -1.35796601568269, -1.66148821673179, -1.95030297663522, -2.22424906846247, -2.48316012344692, -2.7268684518153, -2.95520395116949, -3.16799595308271, -3.36507195076082, -3.54626141062361, -3.71139311621363, -3.860302815068, -3.99279075501108, -4.10888924646189, -4.20880003885932, -4.29264969377269, -4.36061197906622, -4.41285104944891, -4.44951413505832, -4.47072911421292, -4.47661733008332, -4.46731852888232, -4.44298285395197, -4.40375439345727, -4.34976642408566, -4.2811493974342, -4.19803565309577, -4.10054156587537, -3.98876820251524, -3.86281842364766, -3.72279836641833, -3.5688176179508, -3.40098570762581, -3.21940753090701, -3.02418208171205, -2.81540498960094, -2.59316942357085, -2.35755950072737, -2.10865017644732, -1.84651518413436, -1.57122789037389, -1.28286150223918, -0.981488726254073, -0.667183367621475, -0.340020402286349, -7.44371857407944e-05, 0, -0.361615924702912, -0.709206596559891, -1.04259932376328, -1.36161948875864, -1.66608968606926, -1.95583254943293, -2.23066984411632, -2.49041760430674, -2.73489041988318, -2.96390022173485, -3.17725836159301, -3.37477419799775, -3.55625942321566, -3.72152511211729, -3.87039195053475, -4.00264307061652, -4.11831624632917, -4.21763621903811, -4.30074372762604, -4.36783185604698, -4.41908573473997, -4.45467126695806, -4.47473285579928, -4.47940797159863, -4.46885417597386, -4.44324073510355, -4.40273035120634, -4.34747367707096, -4.27761823504811, -4.19331372786536, -4.09469194204967, -3.98186756351297, -3.85495721612543, -3.71408119375036, -3.55936374189817, -3.3909290671132, -3.2088961887397, -3.0133775816075, -2.8044819482869, -2.58231523275155, -2.34697329891286, -2.09854180437305, -1.8371050847796, -1.56274707002747, -1.27555148232053, -0.975601498056263, -0.662981532972788, -0.337777320683065, -7.41891207368117e-05, 0, -0.362472619926029, -0.710967014391937, -1.04529403188561, -1.36526239805359, -1.6706777648049, -1.96134584188728, -2.23707139754013, -2.49765288298185, -2.7428871883923, -2.9725683063862, -3.18648964824577, -3.3844424897807, -3.5662208272717, -3.73161813494873, -3.88044051891348, -4.01245491147241, -4.12770450416371, -4.22643661035989, -4.3088057318657, -4.37502364551702, -4.42529639894777, -4.45980863037351, -4.47872135569333, -4.48218815055913, -4.47038427445728, -4.44349801529332, -4.40171062974438, -4.34519009422313, -4.27410092011936, -4.18861009861826, -4.08886477370331, -3.97499320041932, -3.84712570224447, -3.70539667198559, -3.54994496265721, -3.38090941192036, -3.19842312802377, -3.00261204214783, -2.79359790291687, -2.57149940069528, -2.33642412532695, -2.08846842278358, -1.82772721736342, -1.55429498927152, -1.26826596584704, -0.969733786034129, -0.658793471027471, -0.335541508859812, -7.39465430781294e-05, 0, -0.36332300855498, -0.712715169183016, -1.04797087291225, -1.36888219187824, -1.67523784009935, -1.96682661070658, -2.24343628567493, -2.5048477473082, -2.7508402066909, -2.98118974653008, -3.19567187694756, -3.39405984281542, -3.57613002235275, -3.74165839681522, -3.89043673213376, -4.02221642909717, -4.13704605439823, -4.23519507821795, -4.3168313544025, -4.38218473463611, -4.43148212557873, -4.46492696139764, -4.48269695759844, -4.48496177330758, -4.47191424942684, -4.44376154283354, -4.40070335230147, -4.34292492592642, -4.27060768312922, -4.18393582949166, -4.08307181257111, -3.9681574068724, -3.8393365724047, -3.69675774362203, -3.54057433054566, -3.37093975623545, -3.18800118456824, -2.99189798013513, -2.78276491078855, -2.56073338487994, -2.32592269742915, -2.07843986898296, -1.81839039896794, -1.54587930497478, -1.26101130953704, -0.963890506855826, -0.654622518527255, -0.333314583768427, -7.34667569683434e-05, 0, -0.364166516760735, -0.714450023674493, -1.0506284565456, -1.3724772372737, -1.67976814668731, -1.97227306862963, -2.24976280950159, -2.51200069664639, -2.75874828250233, -2.98976376801653, -3.20480480113576, -3.40362664718857, -3.58598814364148, -3.75164788557751, -3.90038340659533, -4.03193110677836, -4.14634488855978, -4.24391596992244, -4.32482515065431, -4.3893197464349, -4.43764746530311, -4.47003059728937, -4.4866636428164, -4.487732322669, -4.4734469440571, -4.44403347365888, -4.39971003406809, -4.34067909317502, -4.2671388982573, -4.17929079595358, -4.07731248396632, -3.96135920700944, -3.8315884991663, -3.6881627797748, -3.53124996579601, -3.36101802033735, -3.17762812984428, -2.98123306947542, -2.77198059964752, -2.55001481849495, -2.31546670796361, -2.06845395189532, -1.80909261138013, -1.53749822855255, -1.25378601126119, -0.958070501718422, -0.650467916896488, -0.331096243980172, -7.29624115107241e-05, 0, -0.365319770936277, -0.716769653455804, -1.05411113300446, -1.37710298494464, -1.6855000609771, -1.97905734186972, -2.25752866784691, -2.52065982393207, -2.76819472309375, -2.99987371146237, -3.21543661265882, -3.414620762786, -3.5971675347669, -3.7628182431544, -3.9113362958972, -4.04246255933539, -4.15627535613864, -4.25308718583033, -4.33309544824818, -4.39656841088589, -4.4437745134156, -4.47495496102445, -4.49032112339483, -4.49007476095621, -4.47444353178368, -4.44367215214609, -4.39799714992657, -4.33763816113095, -4.26281018132965, -4.17373162542607, -4.07059538817921, -3.95357013561498, -3.82282691401833, -3.67854207139714, -3.5208979820813, -3.35007710434915, -3.16625461451515, -2.96959667572842, -2.76026401465755, -2.53841339141537, -2.30418746194521, -2.05771456749578, -1.79912131756232, -1.52853376621627, -1.24607759692702, -0.951877792808861, -0.646061161274808, -0.328756434308197, -9.1804724969391e-05, 0, -0.366457919773376, -0.719060443430353, -1.05755260815301, -1.38167654584813, -1.69117018346628, -1.98577160552991, -2.26521769605661, -2.52923671070893, -2.77755494216026, -3.00989490828103, -3.22597864547306, -3.42552560980352, -3.60825978434746, -3.77390530681185, -3.92221156449661, -4.05292345917528, -4.16614273622395, -4.26220277923855, -4.34131763482669, -4.40377637180182, -4.44986810023992, -4.47985299866085, -4.49395938926826, -4.49240504812267, -4.47543486139921, -4.44331222586339, -4.39629205304049, -4.33461110088667, -4.25850103983974, -4.16819727818109, -4.06390785281392, -3.94581480085743, -3.81410261779295, -3.6689615227515, -3.51058829628453, -3.33917984532799, -3.15492530173033, -2.95800419249011, -2.74859018288719, -2.52685266607181, -2.29294595801675, -2.0470090506423, -1.78917908796011, -1.51959262285735, -1.23838580430546, -0.945694048874438, -0.64165474922017, -0.326407378757896, -9.08416486861685e-05, 0, -0.367585798211863, -0.721331750661158, -1.06096644840564, -1.38621538298589, -1.69679956096566, -1.99244017741606, -2.27285717006115, -2.53776127808891, -2.78686119294176, -3.01986163063167, -3.23646687723081, -3.43637855767192, -3.61930333940937, -3.78494828631124, -3.93304886927314, -4.06335360094312, -4.1759866656214, -4.27130193921141, -4.34953016126126, -4.41098105315346, -4.45596433473609, -4.48475921506535, -4.49761105072477, -4.49475360946716, -4.47644888432445, -4.44297888417685, -4.39461688253907, -4.33161675763746, -4.25422682686222, -4.16269941762452, -4.05725765679943, -3.93809690510836, -3.80541543990209, -3.65941769647894, -3.5003148080862, -3.3283180842889, -3.14363057846441, -2.94644515752598, -2.73694839799783, -2.51532229744003, -2.28173281804097, -2.03632959573751, -1.77926029533897, -1.51067195560056, -1.23071118103045, -0.93952381434525, -0.637257828373789, -0.324063434718928, -9.02469747791068e-05, 0, -0.368691242181772, -0.723560186933688, -1.06431898120978, -1.39067647923234, -1.70233677153183, -1.99900417051185, -2.28038167748697, -2.54616252800373, -2.79603783122951, -3.02969452754358, -3.24681918931114, -3.44709565886061, -3.63021336164662, -3.7958623898259, -3.94376440117648, -4.07367110159055, -4.18572814577921, -4.28030951640686, -4.3576626728484, -4.41811782349464, -4.46200523798339, -4.48962321188991, -4.50123421634236, -4.49708798687521, -4.47746350380477, -4.4426613204462, -4.39297305051638, -4.32866969035494, -4.25001617639734, -4.15728067498457, -4.05070036391847, -3.93048392123581, -3.79684334463033, -3.64999722801019, -3.49017100565544, -3.31759034413734, -3.13247218457163, -2.93502270992083, -2.72544138073733, -2.50392277056057, -2.27064447399864, -2.02576676430017, -1.76944781341998, -1.5018451331063, -1.22311577348909, -0.933415996155092, -0.632904349055284, -0.321741778745496, -8.86063453435781e-05, 0, -0.36978406168955, -0.725764611597915, -1.06763735471182, -1.39509451106786, -1.7078232596217, -2.00551103707029, -2.28784391848684, -2.554497649014, -2.80514577510626, -3.03945748858414, -3.25710168586501, -3.45774447671338, -3.64105812043903, -3.80671584263789, -3.9544255941924, -4.08394184860991, -4.19543074335449, -4.28928597525526, -4.36577174855461, -4.42523858720351, -4.46803725016024, -4.49448517735738, -4.50486203674015, -4.49943350773508, -4.47849543679431, -4.44236685355736, -4.39135769057051, -4.32575606078174, -4.24584349200132, -4.15190397307334, -4.04418877471475, -3.9229198808467, -3.7883229475111, -3.64063066930972, -3.48008272964796, -3.3069191063401, -3.12137059444584, -2.92365666919765, -2.71398964794242, -2.49257665168762, -2.25960689375221, -2.01525127811194, -1.75967847016693, -1.49305644170829, -1.21555267851198, -0.92733385370884, -0.628569085281384, -0.3194300514721, -8.77789901725934e-05, 0, -0.370852725220888, -0.727922995183535, -1.07089007494728, -1.39942955349011, -1.71321170270082, -2.01190709062134, -2.2951848763776, -2.56270332810293, -2.81411844929869, -3.04908171054211, -3.26724437030361, -3.46825485612194, -3.65176833744378, -3.8174412789543, -3.9649680312492, -4.09410541168729, -4.20503905644011, -4.29818198556054, -4.37381517333413, -4.43230928846343, -4.47403551898252, -4.49933050675691, -4.5084902981156, -4.50179558329396, -4.47955895730848, -4.4421178583272, -4.38980051636975, -4.3229121593515, -4.2417508788385, -4.14661646973703, -4.03777433724126, -3.91545975966934, -3.7799119897135, -3.63137776502147, -3.47011096644906, -3.29636583748627, -3.11038699346137, -2.91240717815038, -2.70265153854086, -2.48133971469298, -2.24867252495249, -2.00483149742955, -1.7499957773003, -1.48434378348202, -1.20805342744715, -0.921301786565323, -0.624268543776932, -0.317136105758836, -8.62028863566899e-05, 0, -0.371907708215341, -0.730055346215247, -1.07410574126671, -1.40371785444044, -1.7185450550574, -2.01824104952866, -2.30245809128974, -2.57083698482148, -2.82301621037929, -3.05862954454244, -3.27731064572883, -3.47869030944914, -3.66240669131768, -3.82809960037158, -3.97544989305572, -4.10421631161224, -4.21460301724023, -4.30704196652499, -4.38183092886932, -4.43936054862167, -4.48002238322796, -4.50417233343092, -4.5121228044691, -4.50416937238185, -4.48064126180705, -4.4418942523189, -4.38827485017866, -4.32010539649755, -4.23770051916315, -4.14137580277199, -4.03141082793136, -3.90805415586663, -3.77155857481165, -3.62218480835537, -3.46020088360948, -3.28587526459022, -3.09946635350863, -2.90122013913953, -2.69137457117827, -2.47016178056314, -2.23779417709085, -1.99446390645686, -1.74036058005059, -1.47567305110133, -1.20058964690846, -0.915297841835842, -0.619987878752994, -0.314852889550579, -8.53063686746536e-05, 0, -0.372948441529255, -0.732160559619441, -1.07728274587327, -1.40795733660076, -1.7238208030489, -2.02450999700994, -2.30966027646344, -2.57889499556424, -2.83183513097358, -3.06809679243307, -3.28729607606941, -3.48904619538278, -3.67296836788415, -3.83868585177407, -3.98586611495864, -4.11426941034607, -4.22411746071201, -4.31586077657931, -4.38981394735185, -4.4463874255244, -4.48599307874495, -4.5090061228094, -4.51575530245498, -4.50655095574287, -4.48173881914461, -4.44169294705139, -4.38677810070907, -4.31733373238478, -4.23369097890482, -4.1361811981265, -4.02509818627581, -3.90070377590106, -3.76326423016063, -3.6130542019174, -3.45035581371654, -3.27545170525908, -3.08861403244193, -2.89010184748828, -2.68016571400846, -2.45905022709795, -2.22697937447617, -1.9841559128725, -1.73077990638542, -1.46705062979933, -1.19316681641113, -0.909326330360437, -0.615729969431929, -0.312581587515833, -8.43166162113884e-05, 0, -0.373975035060503, -0.734238851158736, -1.08042140636125, -1.4121484153618, -1.72903945582256, -2.0307145319166, -2.31679211637955, -2.58687812633645, -2.84057605445185, -3.07748437070662, -3.29720164656714, -3.49932356336402, -3.68345447593618, -3.84920119601272, -3.99621790805405, -4.12426596602282, -4.23358370073239, -4.32463979798486, -4.3977656918773, -4.45339147714084, -4.49194927287396, -4.51383366535383, -4.51938971947478, -4.50894241275014, -4.48285387684754, -4.44151637492811, -4.38531283896829, -4.31459976631554, -4.22972477568014, -4.13103498170909, -4.01883843574258, -3.8934102299855, -3.75503004240272, -3.60398639891105, -3.44057546705034, -3.26509401768627, -3.07782792740747, -2.87904928369605, -2.66902123246981, -2.4480008051804, -2.21622355400111, -1.97390284015169, -1.72124916700272, -1.45847221820192, -1.18578112326156, -0.903384128910652, -0.611492582855179, -0.310321057781385, -8.33836606823346e-05, 0, -0.374988550715361, -0.736292254091983, -1.08352463679706, -1.41629479505241, -1.73420541741908, -2.0368596674362, -2.32385914278279, -2.59479233681838, -2.84924527775318, -3.08679882280148, -3.3070340562721, -3.50952917699443, -3.69387175227652, -3.85965225130625, -4.00651167968565, -4.13421208723592, -4.24300746875889, -4.33338431040886, -4.40569091547172, -4.46037685654906, -4.49789444588205, -4.5186576949255, -4.52302796945201, -4.51134476503505, -4.48398649301789, -4.44136355981009, -4.38387706713013, -4.31190057541276, -4.22579815791332, -4.12593266955133, -4.01262645557736, -3.88616785610137, -3.74684990425999, -3.59497494323645, -3.43085313549696, -3.25479533886121, -3.06710111780946, -2.86805556704448, -2.65793438337945, -2.43700700698625, -2.2055205410783, -1.96369894482791, -1.71176314750425, -1.44993322898823, -1.17842870526966, -0.897468198510772, -0.607273601363579, -0.308070202116577, -8.25268155177361e-05, 0, -0.375993723538594, -0.738329702897687, -1.08660503551977, -1.42041220230241, -1.73933700717446, -2.04296577999716, -2.33088325353875, -2.60266051060809, -2.85786613443139, -3.09606339635184, -3.31681593088069, -3.51968450382852, -3.70423996981218, -3.8700565589643, -4.01676220210372, -4.14411957901526, -4.25239775184859, -4.34210063464788, -4.41359342416885, -4.46734500801855, -4.50382783369189, -4.52347539177935, -4.52666532969895, -4.51375154083815, -4.48512860177982, -4.44122499716065, -4.38245999718223, -4.30922424286724, -4.22189823472197, -4.12086055135972, -4.00644787003348, -3.87896176691123, -3.73870857113282, -3.58600438777664, -3.42117332452215, -3.244540282228, -3.05641848064897, -2.85710599381236, -2.64689103820162, -2.42605543523075, -2.19485782579035, -1.95353276047064, -1.7023115811268, -1.44142475130221, -1.17110216376936, -0.891572808996376, -0.603069119623962, -0.305827096358341, -8.19594298599458e-05, 0, -0.376989899105173, -0.740349893437916, -1.08966065333783, -1.42449804740872, -1.74443099920155, -2.04902901146665, -2.33785996159353, -2.6104775342126, -2.86643288578102, -3.10527172692277, -3.32654027731347, -3.52978191608209, -3.71455085536348, -3.88040518340941, -4.02695985404491, -4.15397816912903, -4.26174375183643, -4.35077759348865, -4.42146180630653, -4.47428443856125, -4.50973801718032, -4.52827556135171, -4.53029098087911, -4.51615245260074, -4.48627060913135, -4.44109195042599, -4.38105391237125, -4.30656423159944, -4.21801980856372, -4.11581492851547, -4.00030063561184, -3.87179172978466, -3.73060777899212, -3.57707859655117, -3.41154218704717, -3.2343374105806, -3.04579106828102, -2.8462141864085, -2.63590747064022, -2.4151646224841, -2.18425532019947, -1.94342470341257, -1.69291451354058, -1.43296558553369, -1.1638181794951, -0.885711647254833, -0.598888956618297, -0.303596817617871, -8.11428459334684e-05, 0, -0.37797983409399, -0.742358128045713, -1.0926991272394, -1.42856209102211, -1.74949906681815, -2.05506273682396, -2.34480413256726, -2.61825955285544, -2.87496274556566, -3.11444188571844, -3.33622581305981, -3.5398405663028, -3.72482378518193, -3.89071751304161, -4.03712382424195, -4.16380663497891, -4.27106362651746, -4.35943251920555, -4.42931236257665, -4.48121021230067, -4.51563861921675, -4.5330701800282, -4.53391512261005, -4.51855586939351, -4.48741900037369, -4.44096896238398, -4.37966134802082, -4.3039210041936, -4.21416120403853, -4.11079192235477, -3.99417860458894, -3.86464926207202, -3.72253664473738, -3.56818422079021, -3.40194384367833, -3.22416829816071, -3.03519794307403, -2.83535672956723, -2.62495782216253, -2.40430678741172, -2.17368433974507, -1.93334620112278, -1.6835444995203, -1.42453042904188, -1.15655460765641, -0.879866741584414, -0.594720328933445, -0.301372785924803, -8.07156388328845e-05, 0, -0.378982328588913, -0.744389590852803, -1.09576960950931, -1.43266503768913, -1.75461146102913, -2.06114516794826, -2.35180034993563, -2.62609593217365, -2.88354827194874, -3.12366803354361, -3.34596671135633, -3.54995304954444, -3.73514818493158, -3.901078212111, -4.04733242263806, -4.17367533945605, -4.28041820504649, -4.36811512465785, -4.43718210657755, -4.48814624663331, -4.52154125948397, -4.53785936365384, -4.53752719740478, -4.52094142927005, -4.48854447908631, -4.44081864457474, -4.37823763726825, -4.30124342845978, -4.21026563668089, -4.10572990904538, -3.98801612580576, -3.85746549717506, -3.71442389871507, -3.55924840060535, -3.3923046574793, -3.21395934436395, -3.02456635420277, -2.82446253582848, -2.61397348245674, -2.39341661068021, -2.16308366982439, -1.92324095747911, -1.67415097524616, -1.41607526420427, -1.14927479077742, -0.874009608644007, -0.590543741376754, -0.299145308263538, -8.16010058570793e-05, 0, -0.379979366564112, -0.746410582076068, -1.0988250487323, -1.43674881646381, -1.75970101382362, -2.06720154244389, -2.35876776317836, -2.63390123979227, -2.89210095695841, -3.13286009304968, -3.35567283163104, -3.5600306680729, -3.74543830563658, -3.91140598611354, -4.05751031466961, -4.18351641354542, -4.28974859244274, -4.37677699926923, -4.44503462223552, -4.4950684913494, -4.52743347513753, -4.54264146095032, -4.54113558871701, -4.52332677334847, -4.48967316757009, -4.44067482443701, -4.37682353650981, -4.29857841295215, -4.20638539246952, -4.10068577928718, -3.9818739212505, -3.85030421470171, -3.7063356046729, -3.55033871054835, -3.38269294056825, -3.20377882562499, -3.01396376908256, -2.81359749022234, -2.60301798081771, -2.38255449243889, -2.15250980791404, -1.91316079369414, -1.66478031205787, -1.40764023886806, -1.14201187957988, -0.868165628382394, -0.586376029461698, -0.296921902035689, -8.12245474561268e-05, 0, -0.380984174670897, -0.748446389946448, -1.10190162978805, -1.44085934402574, -1.76482220893032, -2.07329374649901, -2.36577449660143, -2.64174867415473, -2.90069790975831, -3.14209792151011, -3.36542561778769, -3.57015529246121, -3.75577528683455, -3.92178008893644, -4.06773371699102, -4.19340188504072, -4.29912146263224, -4.38547828894791, -4.45292235427558, -4.50202046905608, -4.53334860021396, -4.54743835291731, -4.54474946284933, -4.52570829345362, -4.49078983534469, -4.44051179555157, -4.37538400953369, -4.2958827387351, -4.20247023014815, -4.09560344363478, -3.97569108080413, -3.84310056127974, -3.69820384337201, -3.54138504218553, -3.37303727141592, -3.19355488314785, -3.00331876741504, -2.8026914865152, -2.59202340033347, -2.37165558033977, -2.14190184171254, -1.90304961305916, -1.65538210425695, -1.3991815136162, -1.13472947608725, -0.862306719339597, -0.582198303262768, -0.294693743830553, -8.17043228503178e-05, 0, -0.381983029929907, -0.750470784150028, -1.10496183054555, -1.44494902190706, -1.76991858702669, -2.07935767543188, -2.37275001566956, -2.64956248637603, -2.90925938259529, -3.15129898773785, -3.37514097056102, -3.58024247061456, -3.76607553868285, -3.93211900782422, -4.07792440847831, -4.20325803913619, -4.3084688248131, -4.39415794648079, -4.46079241835418, -4.50895867846951, -4.53925373676389, -4.55222896441472, -4.54836078581962, -4.52809101831043, -4.49191138691039, -4.44035715588977, -4.3739561653443, -4.2932018427433, -4.19857273110205, -4.09054144398367, -3.96953106415704, -3.8359220157946, -3.69009921374451, -3.53246021552336, -3.3634117922566, -3.18336208254762, -2.99270543926362, -2.79181724026847, -2.58106018315286, -2.36078714414697, -2.13132296948443, -1.89296564315467, -1.64600870955982, -1.39074467714094, -1.12746550082584, -0.856462234752321, -0.578030449622072, -0.292470355009544, -8.12971470556256e-05, 0, -0.383036251371349, -0.75259689434877, -1.10816408337503, -1.44921407731675, -1.77521666214369, -2.08564262184274, -2.37995888303345, -2.65761500037109, -2.91805795160064, -3.16072861078104, -3.38506944236737, -3.5905204784855, -3.77653755052059, -3.94258844854457, -4.08821687564979, -4.2131896910203, -4.31786737353163, -4.40286609820512, -4.46866992477414, -4.51588476701595, -4.5451286227248, -4.5569726766467, -4.5519101338613, -4.53039827071922, -4.49294544385636, -4.44010437867593, -4.37242088169106, -4.29040555966598, -4.19455323916892, -4.08535218524002, -3.96323988865513, -3.82860978059197, -3.6818596976457, -3.52340058660967, -3.35365282827131, -3.17303831322686, -2.98196483340691, -2.78082056351108, -2.56998051740006, -2.34980936091279, -2.12064297002223, -1.882789877349, -1.63655394881048, -1.38223799072332, -1.12014426852226, -0.85057415583608, -0.573833729311433, -0.290233888983307, -8.46621598801223e-05, 0, -0.384085368083179, -0.754715149511383, -1.11135508745658, -1.45346484991657, -1.78049778482662, -2.09190831777789, -2.38714658309674, -2.6656448239915, -2.92683271941411, -3.17013375967424, -3.39497324055301, -3.60077413388403, -3.78697612316491, -3.9530360426322, -4.09848985532726, -4.22310497399321, -4.32725292832635, -4.41156453835653, -4.47654093072894, -4.52280734270886, -4.55100270430629, -4.56171806080861, -4.55546348937221, -4.53271173014271, -4.49398766837546, -4.43986139426194, -4.37089664203134, -4.28762121321265, -4.1905462078362, -4.08017553963338, -3.95696113361618, -3.82130944666196, -3.67363121903842, -3.5143510034433, -3.34390301779952, -3.16272286814708, -2.97123176144571, -2.76983065233389, -2.55890685143434, -2.33883679885042, -2.10996739880983, -1.87261772568417, -1.62710195379457, -1.37373317498968, -1.11282395566362, -0.844685981892914, -0.56963583134566, -0.28799509132982, -8.44683133556789e-05, 0, -0.385184915371962, -0.756928640537534, -1.11468051002425, -1.45788360409029, -1.78597483731276, -2.09839228383519, -2.39456929509568, -2.67392081515437, -2.93585924244115, -3.17979070888802, -3.40512337699751, -3.61126320520328, -3.79763380035021, -3.96368112764654, -4.10893349699154, -4.23315886759297, -4.33674339280672, -4.42033630121398, -4.48445579470562, -4.52974628273285, -4.55686757206621, -4.56643061481913, -4.55896245056795, -4.53495128776077, -4.49493843793157, -4.43951126030293, -4.36925137811479, -4.2847037751765, -4.18639578684101, -4.07484697253266, -3.95052371713448, -3.81384552144885, -3.66523601126033, -3.5051332923891, -3.33398537151043, -3.15224153442815, -2.96033637915152, -2.75868362337531, -2.54768285503436, -2.327722273204, -2.099159808851, -1.86232507124021, -1.61754253006, -1.36513555042541, -1.10542699020939, -0.838738840950464, -0.565398176464447, -0.28573726818777, -8.74998692853568e-05, 0, -0.386285775053139, -0.759144451091044, -1.11800895620097, -1.46230578593605, -1.79145542624494, -2.10487960687847, -2.40199490589866, -2.68219898059661, -2.94488696720593, -3.18944766467768, -3.4152721376401, -3.62174937801475, -3.80828698725686, -3.97432014844689, -4.11936960534186, -4.24320385664438, -4.3462237249962, -4.4290970505616, -4.49235912942313, -4.53667339194084, -4.56272046573429, -4.57113125513182, -4.5624498515126, -4.53717993563949, -4.4958791428914, -4.43915200557992, -4.36759799669488, -4.28177926916446, -4.18223935503695, -4.06951345578638, -3.9440824410843, -3.80637887330444, -3.65683924520362, -3.49591516268453, -3.32406837197695, -3.14176180211576, -2.94944341786319, -2.74753968279543, -2.53646244245751, -2.31661163939115, -2.08835622960492, -1.85203635025028, -1.607986753217, -1.35654106450967, -1.09803242390758, -0.832793121352714, -0.561160721878841, -0.283478177865063, -8.75484334613708e-05, 0, -0.387387400348114, -0.761361561226972, -1.12133900648356, -1.46672965000056, -1.79693755383067, -2.11136811039222, -2.40942113389103, -2.69047700723919, -2.95391362281669, -3.19910247201478, -3.42541755702455, -3.63223095018506, -3.81893431888263, -3.98495215099243, -4.12979771109512, -4.25324003053748, -4.35569459527069, -4.43784800731923, -4.50025267587009, -4.54359090152767, -4.56856407695405, -4.57582310356964, -4.5659292131605, -4.53940156260844, -4.49681400916405, -4.43878816270553, -4.36594130667973, -4.27885274973995, -4.1780821819891, -4.06418044301688, -3.93764291170523, -3.79891522924873, -3.64844673673608, -3.48670248728817, -3.3141579176411, -3.13128956359987, -2.93855873238589, -2.73640461626038, -2.52525129868565, -2.30551045017282, -2.07756205003082, -1.84175675628285, -1.59843958987809, -1.34795442536047, -1.09064467486578, -0.826852919700721, -0.556927211205914, -0.281221179535624, -8.75572954868731e-05, 0, -0.388488041836984, -0.763576659453815, -1.12466597466422, -1.47114932276784, -1.80241434677588, -2.11785010904522, -2.41683966975364, -2.69874615024738, -2.9629302180222, -3.20874608319899, -3.43555072215676, -3.64269933613518, -3.82956773204732, -3.99556979209835, -4.14021139116452, -4.26326208639417, -4.36515188799323, -4.44658617969166, -4.50813450389726, -4.55049787784447, -4.57439840274108, -4.58050702337393, -4.56940220263658, -4.54161857774286, -4.49774612431423, -4.43842343299761, -4.36428555815438, -4.27592895094398, -4.17392942062911, -4.05885344122887, -3.93121092587391, -3.7914606122718, -3.64006467113442, -3.47750154942691, -3.30426032490814, -3.12083110343858, -2.9276885103144, -2.72528444926831, -2.51405522190135, -2.29442421115163, -2.0667824180217, -1.83149101440839, -1.58890527706176, -1.33937931658721, -1.08326680782551, -0.820920616330036, -0.552699274777541, -0.278967087887143, -8.74598264256066e-05, 0, -0.389587701111185, -0.765789749147899, -1.12798986609727, -1.47556481176266, -1.80788581496701, -2.12432561527505, -2.42425052866266, -2.7070064277219, -2.9719367740313, -3.21837852272803, -3.44567166099727, -3.65315456745033, -3.84018726209499, -4.00617311091521, -4.15061068840856, -4.27327007080878, -4.37459565413928, -4.4553116234011, -4.51600467408617, -4.5573943872445, -4.58022351629524, -4.58518309506856, -4.57286890733334, -4.54383107460804, -4.49867558796475, -4.43805792254937, -4.36263086408784, -4.2730079927826, -4.16978119817457, -4.05353258470627, -3.92478662422787, -3.78401516819755, -3.63169319814644, -3.46831250174013, -3.29437574847461, -3.11038657765073, -2.9168329082653, -2.71417933828392, -2.50287436768352, -2.28335307629386, -2.05601748512918, -1.82123927294277, -1.57938395906696, -1.33081587773945, -1.07589895689687, -0.814996339259186, -0.5484770339029, -0.276716016932508, -8.73621846785855e-05, 0, -0.390691278705389, -0.768010166220545, -1.1313239869556, -1.47999292831319, -1.813371809773, -2.13081705536086, -2.43167824665826, -2.71528402029638, -2.98096065088626, -3.22802786485248, -3.45580869678848, -3.66362475112992, -3.85082033451847, -4.01678838608154, -4.16102026912171, -4.28328657235696, -4.3840459397733, -4.46404137692087, -4.52387675197569, -4.56429005774763, -4.58604500770345, -4.58985313720777, -4.57632763863966, -4.54603412215817, -4.49959449252791, -4.4376810136197, -4.36096416295847, -4.27007463608427, -4.16562036394, -4.04819907707403, -3.91834982998103, -3.77655760467237, -3.62331017459751, -3.45911261518633, -3.28448113856344, -3.09993288094323, -2.90596903065781, -2.70306686264667, -2.49168705551197, -2.27227637044907, -2.04524784674891, -1.81098366299146, -1.56985956789605, -1.32225010692816, -1.0685294515285, -0.809071014514984, -0.544254276434445, -0.274464881600919, -8.75716285724248e-05, 0, -0.391801949530618, -0.770244027549851, -1.1346771631747, -1.48444497452158, -1.81888587659333, -2.13733998516535, -2.43914015728697, -2.72359780650264, -2.99002203953689, -3.23771538056582, -3.46598394846871, -3.67413262232983, -3.86149006952518, -4.0274388923179, -4.17146333257327, -4.29333448496198, -4.39352510308594, -4.47279703229649, -4.53177133302793, -4.57120425736821, -4.59188044079798, -4.59453198378852, -4.57978957614851, -4.54823432124226, -4.50050460150037, -4.43729004660529, -4.35927876668064, -4.26711854148801, -4.16143330441499, -4.04283640763531, -3.91188151204832, -3.76906674687401, -3.6148926584509, -3.44987755692704, -3.27455114784626, -3.08944402772757, -2.8950706298095, -2.69192088869937, -2.48046764182404, -2.26116931618694, -2.03444996762742, -1.8007022675105, -1.56031218070777, -1.3136644514673, -1.0611434851094, -0.803132957455779, -0.540022815575196, -0.27220936880188, -8.80246259389317e-05, 0, -0.392910343970641, -0.772473405620173, -1.13802372097363, -1.48888834196212, -1.82438928400593, -2.14385036197448, -2.44658771832387, -2.73189555648215, -2.9990658345005, -3.24738390094585, -3.47613899609496, -3.68461932280661, -3.87213798373374, -4.03806733475082, -4.18188458646892, -4.30336133307663, -4.40298429921039, -4.48153418913165, -4.53964927498296, -4.57810391550463, -4.59770354957594, -4.59920082490561, -4.58324401745632, -4.55042972817482, -4.50141272079042, -4.43689990018921, -4.35759692413219, -4.26416859688239, -4.15725481526452, -4.03748454829653, -3.90542608665271, -3.76159072309263, -3.6064917576417, -3.44066068207859, -3.2646406461057, -3.07897566985977, -2.88419340695814, -2.68079643427292, -2.4692697281773, -2.25008336586154, -2.02367241792161, -1.79044004141767, -1.55078240409906, -1.30509443651766, -1.05377076822192, -0.79720533092334, -0.535798533250876, -0.269957346362337, -8.78417197799353e-05, 0, -0.394016495690546, -0.7746983666386, -1.14136375797828, -1.49332315855557, -1.82988218910048, -2.15034837091762, -2.4540211418045, -2.74017750803826, -3.00809229820177, -3.25703371188021, -3.48627414783845, -3.69508518180316, -3.88276442618399, -4.048674080809, -4.19228441502294, -4.31336751622213, -4.41242394217649, -4.49025327483922, -4.54751101720636, -4.58498948291227, -4.60351479627831, -4.60386013422582, -4.58669144658977, -4.55262083600684, -4.50231935170491, -4.43651108368454, -4.35591915285222, -4.26122532848016, -4.15308543185651, -4.0321440437457, -3.89898410738863, -3.75413009495589, -3.59810804086904, -3.43146256569678, -3.25475021425205, -3.06852839371514, -2.87333795357694, -2.66969409555813, -2.45809391512222, -2.23901912404069, -2.01291580581458, -1.78019759628809, -1.5412708530432, -1.29654068049045, -1.04641192278242, -0.791288760427206, -0.531582058668391, -0.267709447303226, -8.76598718317356e-05, 0, -0.395120482960716, -0.776919061858794, -1.14469749313838, -1.49774970565886, -1.83536493034805, -2.15683440227957, -2.46144086451704, -2.74844413913919, -3.01710194444537, -3.26666535763731, -3.4963899730136, -3.70553078819766, -3.89336999927333, -4.05925973971744, -4.20266342734439, -4.32335363657377, -4.42184462116817, -4.4989548591913, -4.55535710330054, -4.59186147122267, -4.60931465548669, -4.60851034403269, -4.5901322471843, -4.55480797308228, -4.503224761279, -4.43612379737228, -4.35424558143895, -4.25828878852188, -4.14892512544244, -4.02681477046414, -3.89255533260922, -3.74668449740268, -3.58974103314083, -3.42228263651943, -3.24487919866099, -3.05810147734674, -2.8625034934625, -2.65861305614497, -2.4469393601196, -2.22797573615016, -2.00217927871328, -1.76997410075138, -1.53177674207016, -1.28800246848843, -1.03906632917176, -0.785382746354363, -0.527373036963134, -0.265465486258363, -8.74879676833196e-05, 0, -0.39622168653121, -0.779134308621221, -1.14802323622549, -1.50216584132905, -1.84083496997803, -2.1633055784045, -2.46884372494329, -2.75669206053672, -3.02609121254279, -3.27627516259093, -3.50648273783851, -3.71595240718578, -3.90395101024765, -4.06982068962197, -4.21301810177471, -4.33331630207324, -4.43124310304498, -4.50763589711947, -4.56318470531069, -4.59871729879001, -4.61510082124962, -4.61314945333936, -4.59356475199187, -4.55698983450328, -4.50412803582449, -4.43573754788641, -4.3525761662079, -4.25535941247512, -4.14477487671345, -4.02149831855845, -3.88614198606073, -3.73925675718228, -3.58139407779349, -3.41312466851162, -3.23503171808821, -3.04769929852307, -2.8516945776237, -2.64755795449515, -2.43581070330116, -2.21695775821385, -1.99146722272411, -1.75977368516824, -1.52230385996329, -1.27948316188932, -1.03173683553258, -0.779489537778358, -0.52317303229879, -0.263226256632932, -8.72627967751227e-05, 0, -0.397325822617274, -0.781354327641919, -1.15135450077037, -1.50658716021288, -1.8463087720225, -2.16977802093881, -2.47624429053006, -2.7649337319888, -3.03507057121841, -3.28587171693575, -3.51655926642842, -3.72635520918422, -3.91451108810837, -4.08035913021571, -4.22334932055199, -4.34325518947543, -4.44061797179216, -4.51629399217925, -4.57099055835048, -4.60555294520723, -4.62086863127077, -4.61777227142751, -4.59698335425313, -4.55916050955608, -4.50502307337298, -4.43534615526533, -4.35090476297481, -4.2524312059579, -4.14062890297348, -4.01618912616936, -3.87973873605973, -3.73184178203139, -3.57306233154153, -3.40398407719761, -3.22520345693926, -3.03731782073307, -2.8409074588667, -2.63652534295718, -2.42470480681297, -2.20596237245098, -1.98077715034867, -1.74959420248482, -1.51285041028001, -1.27098132507284, -1.02442237731191, -0.773608451484606, -0.518981753089931, -0.260991868776189, -8.75069599872713e-05, 0, -0.398426664581641, -0.783567913878086, -1.15467635152052, -1.51099624504945, -1.85176768543408, -2.17623309329327, -2.48362518740963, -2.77315363440212, -3.04402628019959, -3.29544298734101, -3.5266091604758, -3.73673035892846, -3.92504288856158, -4.09086913593591, -4.23365250436209, -4.3531669933523, -4.44996712422854, -4.52492817140425, -4.57877474726519, -4.61236948163054, -4.62662007219508, -4.62238162942244, -4.60039165747066, -4.56132430170954, -4.50591480553762, -4.43495510798084, -4.34923734626841, -4.24951055898815, -4.1364939393652, -4.01089420356713, -3.87335279793363, -3.72444692215822, -3.56475320959215, -3.39486827315692, -3.21540175175974, -3.02696423719699, -2.83014911781453, -2.62552192026658, -2.41362801823146, -2.19499550601835, -1.97011449899628, -1.73944053098737, -1.50342064280532, -1.2625005099741, -1.01712573926601, -0.767741435733466, -0.514800241789945, -0.25876239002488, -8.72433663357541e-05, 0, -0.399522253146399, -0.785771356996294, -1.15798353529221, -1.51538650800575, -1.85720399593218, -2.1826621629428, -2.49097707301618, -2.78134192336934, -3.05294820142553, -3.30497875026477, -3.53662231909871, -3.74706808628767, -3.93553718023763, -4.10134222202174, -4.24392012265892, -4.36304534509914, -4.45928556214802, -4.53353486986486, -4.58653505639906, -4.61916595903547, -4.63235537969261, -4.62697886559853, -4.60379201936578, -4.5634845046847, -4.50680737920007, -4.43456932379576, -4.34757952296268, -4.24660368604234, -4.13237672668724, -4.00562073698306, -3.86699172240653, -3.71708001175274, -3.55647474888419, -3.38578541563199, -3.20563480388817, -3.0166467112746, -2.81942759981067, -2.61455553371099, -2.40258790678158, -2.18406437009528, -1.95948604176161, -1.72931892560893, -1.49402021423926, -1.25404569502606, -1.00985114155358, -0.761891872421117, -0.510630962057012, -0.256539285832137, -8.68593022820829e-05, 0, -0.400638480617976, -0.788012789804611, -1.16134277376901, -1.51983960799466, -1.86271064787438, -2.18916580768485, -2.49840450630054, -2.78960348633524, -3.06193789769707, -3.31457359015678, -3.54668269394493, -3.75744016821848, -3.94605416199786, -4.1118275954589, -4.25419097510685, -4.3729192217571, -4.46859302729745, -4.54212514691728, -4.59427438090623, -4.62593762952176, -4.638062685981, -4.63154551517093, -4.60715989841074, -4.56561101984309, -4.50766565983904, -4.43414915493701, -4.34588765589619, -4.24366348508684, -4.12822722312775, -4.00031627084053, -3.86060116612262, -3.70968534558076, -3.54817040857561, -3.37667865470417, -3.19584598144185, -3.00630935656276, -2.80868829148207, -2.60357337051009, -2.39153398793903, -2.17312133614331, -1.94884753367638, -1.71918905242783, -1.48461322920747, -1.24558595103031, -1.00257314887785, -0.756040347949692, -0.50646104983978, -0.254316769573661, -8.81734722701921e-05, 0, -0.401708072388753, -0.790165570710612, -1.16457596544666, -1.52413389058534, -1.86803034101672, -2.19545898879288, -2.50560261762399, -2.79762153055267, -3.07067456117449, -3.32391059228192, -3.55648517173736, -3.76755908938546, -3.95632757495173, -4.12208392134115, -4.26425231833148, -4.38260813921518, -4.47774496306029, -4.55059167336467, -4.60192152912715, -4.63264835687266, -4.64373982856982, -4.63611138367839, -4.61055412899831, -4.56778877386346, -4.50859773017629, -4.43382327669647, -4.34430882659847, -4.24085325616008, -4.12422275953506, -3.99516997923751, -3.85437995871158, -3.70246922090662, -3.54005176553593, -3.36776265864861, -3.1862508559249, -2.99616645957693, -2.79814200604483, -2.59278058216334, -2.38066356298199, -2.16235366663669, -1.93837400973326, -1.70921146284215, -1.47534343002948, -1.23724588633535, -0.995394910670097, -0.750266227839128, -0.502343761711093, -0.252119663804979, -8.52493164908985e-05